#urn:cts:greekLit:tlg0057.tlg064.1st1K-grc1
"passage"	"running id"	"nth occurrence"	"word form"	"join-(b)efore/join-(a)fter"	"original tag"
1.1	1	[1]	ΓΑΛΗΝΟΥ	_	_
1.1	2	[1]	ΠΕΡΙ	_	_
1.1	3	[1]	ΚΡΙΣΕΩΝ	_	_
1.1	4	[1]	ΒΙΒΛΙΟΝ	_	_
1.1	5	[1]	Α	_	_
1.1	6	[1]	.	b	_
1.1	7	[1]	Εἴτε	_	_
1.1	8	[1]	τὴν	_	_
1.1	9	[1]	ἀθρόαν	_	_
1.1	10	[1]	ἐν	_	_
1.1	11	[1]	νόσῳ	_	_
1.1	12	[1]	μεταβολὴν	_	_
1.1	13	[1]	,	b	_
1.1	14	[1]	εἴτε	_	_
1.1	15	[2]	τὴν	_	_
1.1	16	[1]	ἐπὶ	_	_
1.1	17	[1]	τὸ	_	_
1.1	18	[1]	βέλτιον	_	_
1.1	19	[1]	ῥοπὴν	_	_
1.1	20	[1]	μόνην	_	_
1.1	21	[2]	,	b	_
1.1	22	[2]	εἴτε	_	_
1.1	23	[3]	τὴν	_	_
1.1	24	[1]	προηγουμένην	_	_
1.1	25	[1]	αὐτῶν	_	_
1.1	26	[1]	ταραχὴν	_	_
1.1	27	[3]	,	b	_
1.1	28	[3]	εἴτε	_	_
1.1	29	[1]	καὶ	_	_
1.1	30	[4]	τὴν	_	_
1.1	31	[1]	λύσιν	_	_
1.1	32	[1]	ἅπασαν	_	_
1.1	33	[1]	τοῦ	_	_
1.1	34	[1]	νοσήματος	_	_
1.1	35	[4]	,	b	_
1.1	36	[4]	εἴτε	_	_
1.1	37	[2]	καὶ	_	_
1.1	38	[1]	ταύτης	_	_
1.1	39	[2]	μόνην	_	_
1.1	40	[5]	τὴν	_	_
1.1	41	[1]	ἀγαθὴν	_	_
1.1	42	[1]	θέλοι	_	_
1.1	43	[1]	τις	_	_
1.1	44	[1]	ὀνομάζειν	_	_
1.1	45	[1]	κρίσιν	_	_
1.1	46	[5]	,	b	_
1.1	47	[1]	οὐ	_	_
1.1	48	[1]	πρόκειταί	_	_
1.1	49	[1]	μοι	_	_
1.1	50	[1]	διαιρεῖσθαι	_	_
1.1	51	[1]	τανῦν	_	_
1.1	52	[6]	,	b	_
1.1	53	[1]	ὅ	_	_
1.1	54	[1]	τι	_	_
1.1	55	[1]	μὴ	_	_
1.1	56	[1]	πάρεργον	_	_
1.1	57	[1]	·	b	_
1.1	58	[1]	ἀλλ	_	_
1.1	59	[1]	’	b	_
1.1	60	[1]	ὡς	_	_
1.1	61	[1]	ἄν	_	_
1.1	62	[2]	τις	_	_
1.1	63	[1]	κάλλιστα	_	_
1.1	64	[1]	προγινώσκοι	_	_
1.1	65	[1]	τὰ	_	_
1.1	66	[1]	τοιαῦτα	_	_
1.1	67	[1]	σύμπαντα	_	_
1.1	68	[7]	,	b	_
1.1	69	[1]	διελθεῖν	_	_
1.1	70	[1]	ἔγνωκα	_	_
1.1	71	[2]	.	b	_
1.1	72	[1]	ἀρίστη	_	_
1.1	73	[1]	δ	_	_
1.1	74	[2]	’	b	_
1.1	75	[1]	ἀρχὴ	_	_
1.1	76	[1]	τῆς	_	_
1.1	77	[1]	προγνώσεως	_	_
1.1	78	[2]	αὐτῶν	_	_
1.1	79	[1]	ἥπερ	_	_
1.1	80	[1]	δὴ	_	_
1.1	81	[3]	καὶ	_	_
1.1	82	[2]	τῆς	_	_
1.1	83	[1]	ἐσομένης	_	_
1.1	84	[1]	ἀκμῆς	_	_
1.1	85	[3]	.	b	_
1.1	86	[1]	οὕτω	_	_
1.1	87	[1]	δὲ	_	_
1.1	88	[1]	προσαγορεύεται	_	_
1.1	89	[2]	τὸ	_	_
1.1	90	[1]	σφοδρότατον	_	_
1.1	91	[1]	μέρος	_	_
1.1	92	[1]	ὅλης	_	_
1.1	93	[3]	τῆς	_	_
1.1	94	[1]	νόσου	_	_
1.1	95	[4]	.	b	_
1.2	1	[1]	Τέσσαρα	_	_
1.2	2	[1]	μὲν	_	_
1.2	3	[1]	γὰρ	_	_
1.2	4	[1]	ἅπαντα	_	_
1.2	5	[1]	τὰ	_	_
1.2	6	[1]	μόρια	_	_
1.2	7	[1]	τῶν	_	_
1.2	8	[1]	νόσων	_	_
1.2	9	[1]	ἐστὶν	_	_
1.2	10	[1]	,	b	_
1.2	11	[1]	ἀρχὴ	_	_
1.2	12	[1]	καὶ	_	_
1.2	13	[1]	αὔξησις	_	_
1.2	14	[2]	καὶ	_	_
1.2	15	[1]	ἀκμὴ	_	_
1.2	16	[3]	καὶ	_	_
1.2	17	[1]	παρακμή	_	_
1.2	18	[1]	.	b	_
1.2	19	[1]	φθάνουσι	_	_
1.2	20	[1]	δ	_	_
1.2	21	[1]	’	b	_
1.2	22	[1]	ἔνιαι	_	_
1.2	23	[2]	τῶν	_	_
1.2	24	[2]	νόσων	_	_
1.2	25	[1]	διά	_	_
1.2	26	[1]	τε	_	_
1.2	27	[1]	τὴν	_	_
1.2	28	[1]	σφῶν	_	_
1.2	29	[1]	αὐτῶν	_	_
1.2	30	[1]	κακοήθειαν	_	_
1.2	31	[4]	καὶ	_	_
1.2	32	[1]	διὰ	_	_
1.2	33	[2]	τὴν	_	_
1.2	34	[1]	τοῦ	_	_
1.2	35	[1]	κάμνοντος	_	_
1.2	36	[1]	ἀδυναμίαν	_	_
1.2	37	[1]	ἐν	_	_
1.2	38	[1]	τῷ	_	_
1.2	39	[1]	τῆς	_	_
1.2	40	[1]	ἐπιδόσεως	_	_
1.2	41	[1]	χρόνῳ	_	_
1.2	42	[1]	διαφθεῖραι	_	_
1.2	43	[1]	τὸν	_	_
1.2	44	[1]	ἄνθρωπον	_	_
1.2	45	[2]	,	b	_
1.2	46	[1]	ὥσπερ	_	_
1.2	47	[1]	ἕτεραί	_	_
1.2	48	[1]	τινες	_	_
1.2	49	[2]	ἐν	_	_
1.2	50	[2]	τῷ	_	_
1.2	51	[2]	τῆς	_	_
1.2	52	[1]	ἀκμῆς	_	_
1.2	53	[2]	.	b	_
1.2	54	[1]	εἰ	_	_
1.2	55	[1]	δὲ	_	_
1.2	56	[1]	κᾀν	_	_
1.2	57	[3]	τῷ	_	_
1.2	58	[3]	τῆς	_	_
1.2	59	[1]	παρακμῆς	_	_
1.2	60	[2]	χρόνῳ	_	_
1.2	61	[1]	δύναιτό	_	_
1.2	62	[1]	τις	_	_
1.2	63	[1]	ἀποκτεῖναι	_	_
1.2	64	[1]	νόσος	_	_
1.2	65	[3]	,	b	_
1.2	66	[1]	εὐλόγως	_	_
1.2	67	[1]	ἐζήτηται	_	_
1.2	68	[3]	.	b	_
1.2	69	[1]	περὶ	_	_
1.2	70	[2]	μὲν	_	_
1.2	71	[1]	δὴ	_	_
1.2	72	[1]	τούτου	_	_
1.2	73	[1]	προϊόντος	_	_
1.2	74	[2]	τοῦ	_	_
1.2	75	[1]	λόγου	_	_
1.2	76	[1]	διορισθήσεται	_	_
1.2	77	[4]	.	b	_
1.2	78	[2]	τὰ	_	_
1.2	79	[2]	δὲ	_	_
1.2	80	[1]	οὖν	_	_
1.2	81	[1]	τέτταρα	_	_
1.2	82	[2]	μόρια	_	_
1.2	83	[1]	ταῦτα	_	_
1.2	84	[1]	καλοῦσιν	_	_
1.2	85	[3]	μὲν	_	_
1.2	86	[1]	ἔνιοι	_	_
1.2	87	[5]	καὶ	_	_
1.2	88	[1]	καιροὺς	_	_
1.2	89	[1]	ὅλου	_	_
1.2	90	[3]	τοῦ	_	_
1.2	91	[1]	νοσήματος	_	_
1.2	92	[4]	,	b	_
1.2	93	[1]	δι	_	_
1.2	94	[2]	’	b	_
1.2	95	[1]	αὐτὸ	_	_
1.2	96	[3]	δὲ	_	_
1.2	97	[1]	τοῦτο	_	_
1.2	98	[6]	καὶ	_	_
1.2	99	[1]	καθόλου	_	_
1.2	100	[2]	καιροὺς	_	_
1.2	101	[1]	ὀνομάζουσιν	_	_
1.2	102	[5]	,	b	_
1.2	103	[1]	ὡς	_	_
1.2	104	[1]	ἂν	_	_
1.2	105	[1]	διαφέροντας	_	_
1.2	106	[1]	δηλονότι	_	_
1.2	107	[3]	τῶν	_	_
1.2	108	[1]	κατὰ	_	_
1.2	109	[1]	μέρος	_	_
1.2	110	[6]	,	b	_
1.2	111	[1]	εἰς	_	_
1.2	112	[1]	οὓς	_	_
1.2	113	[1]	ἕκαστος	_	_
1.2	114	[4]	τῶν	_	_
1.2	115	[1]	παροξυσμῶν	_	_
1.2	116	[1]	διαιρεῖται	_	_
1.2	117	[5]	.	b	_
1.2	118	[1]	ὁρίζονται	_	_
1.2	119	[4]	δὲ	_	_
1.2	120	[1]	οὐχ	_	_
1.2	121	[1]	ἡμερῶν	_	_
1.2	122	[1]	ἢ	_	_
1.2	123	[1]	ὡρῶν	_	_
1.2	124	[1]	ἀριθμῷ	_	_
1.2	125	[7]	,	b	_
1.2	126	[1]	καθάπερ	_	_
1.2	127	[2]	ἂν	_	_
1.2	128	[1]	οἰηθείη	_	_
1.2	129	[2]	τις	_	_
1.2	130	[6]	.	b	_
1.2	131	[1]	οὐ	_	_
1.2	132	[2]	γὰρ	_	_
1.2	133	[1]	ἐνδέχεται	_	_
1.2	134	[3]	τὴν	_	_
1.2	135	[3]	ἐν	_	_
1.2	136	[1]	τέτταρσιν	_	_
1.2	137	[1]	ἡμέραις	_	_
1.2	138	[1]	λυθεῖσαν	_	_
1.2	139	[1]	νόσον	_	_
1.2	140	[1]	ἰσόχρονα	_	_
1.2	141	[1]	κεκτῆσθαι	_	_
1.2	142	[3]	τὰ	_	_
1.2	143	[3]	μόρια	_	_
1.2	144	[1]	τῇ	_	_
1.2	145	[1]	μέχρι	_	_
1.2	146	[4]	τῆς	_	_
1.2	147	[1]	τεσσαρακοστῆς	_	_
1.2	148	[1]	ἐκταθείσῃ	_	_
1.2	149	[7]	.	b	_
1.2	150	[7]	καὶ	_	_
1.2	151	[2]	μέχρι	_	_
1.2	152	[4]	μὲν	_	_
1.2	153	[1]	τοῦδε	_	_
1.2	154	[1]	σχεδὸν	_	_
1.2	155	[1]	ἅπαντες	_	_
1.2	156	[1]	ὁμολογοῦσιν	_	_
1.2	157	[1]	ἀλλήλοις	_	_
1.2	158	[8]	.	b	_
1.2	159	[1]	ὅτῳ	_	_
1.2	160	[5]	δὲ	_	_
1.2	161	[1]	χρὴ	_	_
1.2	162	[1]	κρίνειν	_	_
1.2	163	[2]	τε	_	_
1.2	164	[8]	καὶ	_	_
1.2	165	[1]	διορίζειν	_	_
1.2	166	[1]	τοὺς	_	_
1.2	167	[1]	εἰρημένους	_	_
1.2	168	[3]	καιροὺς	_	_
1.2	169	[8]	,	b	_
1.2	170	[1]	οὐκ	_	_
1.2	171	[1]	ἔτι	_	_
1.2	172	[4]	ἐν	_	_
1.2	173	[1]	τῷδε	_	_
1.2	174	[1]	συμφωνοῦσιν	_	_
1.2	175	[2]	ἀλλήλοις	_	_
1.2	176	[1]	·	b	_
1.2	177	[1]	ἀλλ	_	_
1.2	178	[3]	’	b	_
1.2	179	[1]	οἱ	_	_
1.2	180	[5]	μὲν	_	_
1.2	181	[2]	εἰ	_	_
1.2	182	[1]	προλαμβάνουσιν	_	_
1.2	183	[2]	ἢ	_	_
1.2	184	[1]	ὑστερίζουσιν	_	_
1.2	185	[2]	οἱ	_	_
1.2	186	[1]	παροξυσμοὶ	_	_
1.2	187	[1]	σκοποῦσιν	_	_
1.2	188	[9]	,	b	_
1.2	189	[3]	οἱ	_	_
1.2	190	[6]	δὲ	_	_
1.2	191	[2]	εἰς	_	_
1.2	192	[1]	τὸ	_	_
1.2	193	[1]	μῆκος	_	_
1.2	194	[2]	αὐτῶν	_	_
1.2	195	[1]	ἀποβλέπουσιν	_	_
1.2	196	[10]	,	b	_
1.2	197	[4]	οἱ	_	_
1.2	198	[7]	δὲ	_	_
1.2	199	[3]	εἰς	_	_
1.2	200	[2]	τὸ	_	_
1.2	201	[1]	μέγεθος	_	_
1.2	202	[11]	,	b	_
1.2	203	[1]	ὅπερ	_	_
1.2	204	[2]	δὴ	_	_
1.2	205	[9]	καὶ	_	_
1.2	206	[1]	σφοδρότητα	_	_
1.2	207	[1]	προσαγορεύουσιν	_	_
1.2	208	[9]	.	b	_
1.2	209	[2]	ἔνιοι	_	_
1.2	210	[8]	δὲ	_	_
1.2	211	[4]	τὰ	_	_
1.2	212	[1]	αὐτὰ	_	_
1.2	213	[2]	ταῦτα	_	_
1.2	214	[10]	καὶ	_	_
1.2	215	[2]	κατὰ	_	_
1.2	216	[1]	τὰς	_	_
1.2	217	[1]	ἀνέσεις	_	_
1.2	218	[1]	ἐπισκοποῦνται	_	_
1.2	219	[12]	,	b	_
1.2	220	[1]	κᾄπειτα	_	_
1.2	221	[1]	πρὸς	_	_
1.2	222	[1]	ἀλλήλους	_	_
1.2	223	[1]	ἐρίζουσιν	_	_
1.2	224	[13]	,	b	_
1.2	225	[1]	ἐνὸν	_	_
1.2	226	[1]	ἅπαντά	_	_
1.2	227	[3]	τε	_	_
1.2	228	[1]	συνθεῖναι	_	_
1.2	229	[5]	τὰ	_	_
1.2	230	[1]	λελεγμένα	_	_
1.2	231	[11]	καὶ	_	_
1.2	232	[2]	πρὸς	_	_
1.2	233	[1]	αὐτοῖς	_	_
1.2	234	[1]	ἕτερα	_	_
1.2	235	[6]	τὰ	_	_
1.2	236	[1]	νῦν	_	_
1.2	237	[1]	ῥηθησόμενα	_	_
1.2	238	[14]	,	b	_
1.2	239	[1]	μόγις	_	_
1.2	240	[3]	γὰρ	_	_
1.2	241	[3]	ἂν	_	_
1.2	242	[1]	οὕτως	_	_
1.2	243	[3]	τις	_	_
1.2	244	[1]	ἀκριβῆ	_	_
1.2	245	[1]	στοχασμὸν	_	_
1.2	246	[1]	ποιήσαιτο	_	_
1.2	247	[4]	τοῦ	_	_
1.2	248	[1]	καθεστῶτος	_	_
1.2	249	[1]	καιροῦ	_	_
1.2	250	[10]	.	b	_
1.2	251	[3]	τὸ	_	_
1.2	252	[9]	δὲ	_	_
1.2	253	[1]	παραλιπεῖν	_	_
1.2	254	[1]	ὁτιοῦν	_	_
1.2	255	[1]	ἐξ	_	_
1.2	256	[3]	αὐτῶν	_	_
1.2	257	[1]	ἄσκεπτον	_	_
1.2	258	[4]	εἰς	_	_
1.2	259	[1]	τοσοῦτόν	_	_
1.2	260	[1]	ἐστι	_	_
1.2	261	[1]	βλάπτον	_	_
1.2	262	[4]	τὴν	_	_
1.2	263	[1]	πρόγνωσιν	_	_
1.2	264	[5]	εἰς	_	_
1.2	265	[1]	ὅσον	_	_
1.2	266	[4]	ἂν	_	_
1.2	267	[3]	ἢ	_	_
1.2	268	[1]	μεγέθους	_	_
1.2	269	[4]	ἢ	_	_
1.2	270	[1]	δυνάμεως	_	_
1.2	271	[1]	ἥκῃ	_	_
1.2	272	[4]	τὸ	_	_
1.2	273	[1]	παραλειπόμενον	_	_
1.2	274	[11]	.	b	_
1.3	1	[1]	Εἰ	_	_
1.3	2	[1]	τοίνυν	_	_
1.3	3	[1]	ἐπιδίδωσιν	_	_
1.3	4	[1]	ἡ	_	_
1.3	5	[1]	νόσος	_	_
1.3	6	[1]	,	b	_
1.3	7	[1]	οὐ	_	_
1.3	8	[1]	μόνον	_	_
1.3	9	[1]	ἐν	_	_
1.3	10	[1]	τῷ	_	_
1.3	11	[1]	προλαμβάνειν	_	_
1.3	12	[1]	τοὺς	_	_
1.3	13	[1]	παροξυσμοὺς	_	_
1.3	14	[1]	τεκμαίρεσθαι	_	_
1.3	15	[1]	προσῆκεν	_	_
1.3	16	[2]	,	b	_
1.3	17	[1]	ἀλλὰ	_	_
1.3	18	[1]	καὶ	_	_
1.3	19	[1]	τὸ	_	_
1.3	20	[1]	μῆκος	_	_
1.3	21	[1]	αὐτῶν	_	_
1.3	22	[1]	ἐπισκοπεῖσθαι	_	_
1.3	23	[1]	χρὴ	_	_
1.3	24	[3]	,	b	_
1.3	25	[2]	καὶ	_	_
1.3	26	[2]	τὸ	_	_
1.3	27	[1]	μέγεθος	_	_
1.3	28	[4]	,	b	_
1.3	29	[3]	καὶ	_	_
1.3	30	[3]	τὸ	_	_
1.3	31	[1]	ἦθος	_	_
1.3	32	[4]	τὸ	_	_
1.3	33	[1]	μετὰ	_	_
1.3	34	[1]	συμπτωμάτων	_	_
1.3	35	[5]	,	b	_
1.3	36	[1]	εἰ	_	_
1.3	37	[1]	τύχῃ	_	_
1.3	38	[6]	,	b	_
1.3	39	[1]	ἢ	_	_
1.3	40	[1]	ἄνευ	_	_
1.3	41	[1]	τούτων	_	_
1.3	42	[7]	,	b	_
1.3	43	[1]	ὥσπερ	_	_
1.3	44	[1]	οὖν	_	_
1.3	45	[1]	κᾀπὶ	_	_
1.3	46	[1]	τοῦ	_	_
1.3	47	[1]	διαλείμματός	_	_
1.3	48	[1]	τε	_	_
1.3	49	[4]	καὶ	_	_
1.3	50	[1]	τῆς	_	_
1.3	51	[1]	παρακμῆς	_	_
1.3	52	[1]	τὰ	_	_
1.3	53	[1]	αὐτὰ	_	_
1.3	54	[1]	ταῦτα	_	_
1.3	55	[1]	θεωρεῖν	_	_
1.3	56	[1]	ἀξιῶ	_	_
1.3	57	[1]	.	b	_
1.3	58	[1]	καλῶ	_	_
1.3	59	[1]	δὲ	_	_
1.3	60	[1]	διάλειμμα	_	_
1.3	61	[1]	μὲν	_	_
1.3	62	[8]	,	b	_
1.3	63	[1]	ἐπειδὰν	_	_
1.3	64	[1]	εἰς	_	_
1.3	65	[1]	ἀπυρεξίαν	_	_
1.3	66	[1]	ὁ	_	_
1.3	67	[1]	παροξυσμὸς	_	_
1.3	68	[1]	παύηται	_	_
1.3	69	[1]	·	b	_
1.3	70	[1]	παρακμὴν	_	_
1.3	71	[2]	δὲ	_	_
1.3	72	[5]	τὸ	_	_
1.3	73	[1]	μετ	_	_
1.3	74	[1]	’	b	_
1.3	75	[1]	αὐτὴν	_	_
1.3	76	[1]	ἀκμὴν	_	_
1.3	77	[1]	ἅπαν	_	_
1.3	78	[1]	αὐτοῦ	_	_
1.3	79	[1]	μέρος	_	_
1.3	80	[9]	,	b	_
1.3	81	[1]	ἕως	_	_
1.3	82	[2]	τῆς	_	_
1.3	83	[1]	ἀρχῆς	_	_
1.3	84	[2]	τοῦ	_	_
1.3	85	[1]	δευτέρου	_	_
1.3	86	[1]	παροξυσμοῦ	_	_
1.3	87	[2]	.	b	_
1.3	88	[6]	τὸ	_	_
1.3	89	[1]	γάρτοι	_	_
1.3	90	[2]	προλαμβάνειν	_	_
1.3	91	[1]	αὐτὸ	_	_
1.3	92	[1]	καθ	_	_
1.3	93	[2]	’	b	_
1.3	94	[1]	ἑαυτὸ	_	_
1.3	95	[2]	μόνον	_	_
1.3	96	[1]	οὐχ	_	_
1.3	97	[1]	ἱκανὸν	_	_
1.3	98	[1]	αὐξήσεως	_	_
1.3	99	[1]	σημεῖον	_	_
1.3	100	[1]	ὑπάρχει	_	_
1.3	101	[10]	,	b	_
1.3	102	[1]	ἰδιότητι	_	_
1.3	103	[1]	πολλάκις	_	_
1.3	104	[1]	ἑπόμενον	_	_
1.3	105	[1]	νόσου	_	_
1.3	106	[1]	μᾶλλον	_	_
1.3	107	[2]	ἢ	_	_
1.3	108	[1]	διὰ	_	_
1.3	109	[1]	τὴν	_	_
1.3	110	[1]	ἀνάβασιν	_	_
1.3	111	[1]	αὐτῆς	_	_
1.3	112	[1]	γιγνόμενον	_	_
1.3	113	[3]	.	b	_
1.3	114	[1]	ἀμέλει	_	_
1.3	115	[5]	καὶ	_	_
1.3	116	[1]	τριταῖαί	_	_
1.3	117	[1]	τινες	_	_
1.3	118	[1]	ἤδη	_	_
1.3	119	[6]	καὶ	_	_
1.3	120	[1]	τεταρταῖαι	_	_
1.3	121	[7]	καὶ	_	_
1.3	122	[1]	ἀμφημεριναὶ	_	_
1.3	123	[1]	περίοδοι	_	_
1.3	124	[11]	,	b	_
1.3	125	[1]	μέχρι	_	_
1.3	126	[1]	παντελοῦς	_	_
1.3	127	[1]	λύσεως	_	_
1.3	128	[12]	,	b	_
1.3	129	[1]	οὕτως	_	_
1.3	130	[1]	ὤφθησαν	_	_
1.3	131	[1]	παροξυνόμεναι	_	_
1.3	132	[4]	.	b	_
1.3	133	[8]	καὶ	_	_
1.3	134	[1]	καλεῖν	_	_
1.3	135	[1]	γε	_	_
1.3	136	[1]	τοῖς	_	_
1.3	137	[1]	ἰατροῖς	_	_
1.3	138	[1]	ἔθος	_	_
1.3	139	[1]	ἐστὶ	_	_
1.3	140	[2]	τοὺς	_	_
1.3	141	[1]	τοιούτους	_	_
1.3	142	[1]	τύπους	_	_
1.3	143	[1]	προληπτικοὺς	_	_
1.3	144	[13]	,	b	_
1.3	145	[2]	ὥσπερ	_	_
1.3	146	[1]	ἑτέρους	_	_
1.3	147	[1]	ὑστερητικοὺς	_	_
1.3	148	[14]	,	b	_
1.3	149	[1]	οἳ	_	_
1.3	150	[1]	ἂν	_	_
1.3	151	[1]	ἀπ	_	_
1.3	152	[3]	’	b	_
1.3	153	[2]	ἀρχῆς	_	_
1.3	154	[1]	εὐθὺς	_	_
1.3	155	[1]	ἐπιλαμβάνουσί	_	_
1.3	156	[1]	τι	_	_
1.3	157	[3]	τοῦ	_	_
1.3	158	[1]	μέλλοντος	_	_
1.3	159	[1]	χρόνου	_	_
1.3	160	[5]	.	b	_
1.3	161	[1]	ἀλλά	_	_
1.3	162	[1]	τοι	_	_
1.3	163	[2]	κᾀπὶ	_	_
1.3	164	[2]	τούτων	_	_
1.3	165	[7]	τὸ	_	_
1.3	166	[3]	τῆς	_	_
1.3	167	[1]	ἀναλογίας	_	_
1.3	168	[1]	πλέον	_	_
1.3	169	[1]	ἐπιλαβεῖν	_	_
1.3	170	[15]	,	b	_
1.3	171	[3]	ἢ	_	_
1.3	172	[1]	προλαβεῖν	_	_
1.3	173	[16]	,	b	_
1.3	174	[8]	τὸ	_	_
1.3	175	[2]	μὲν	_	_
1.3	176	[2]	παρακμῆς	_	_
1.3	177	[17]	,	b	_
1.3	178	[9]	τὸ	_	_
1.3	179	[1]	δ	_	_
1.3	180	[4]	’	b	_
1.3	181	[2]	αὐξήσεως	_	_
1.3	182	[1]	εἶναι	_	_
1.3	183	[1]	δοκεῖ	_	_
1.3	184	[1]	γνώρισμα	_	_
1.3	185	[6]	.	b	_
1.3	186	[10]	τὸ	_	_
1.3	187	[3]	δὲ	_	_
1.3	188	[1]	ἁπλῶς	_	_
1.3	189	[3]	προλαμβάνειν	_	_
1.3	190	[18]	,	b	_
1.3	191	[4]	ἢ	_	_
1.3	192	[1]	ὑστερίζειν	_	_
1.3	193	[19]	,	b	_
1.3	194	[1]	οὐδετέρου	_	_
1.3	195	[7]	.	b	_
1.3	196	[1]	σκοπεῖσθαι	_	_
1.3	197	[4]	δὲ	_	_
1.3	198	[1]	προσήκει	_	_
1.3	199	[2]	οὐ	_	_
1.3	200	[1]	τοῦτο	_	_
1.3	201	[3]	μόνον	_	_
1.3	202	[20]	,	b	_
1.3	203	[2]	εἰ	_	_
1.3	204	[1]	προὔλαβεν	_	_
1.3	205	[2]	ὁ	_	_
1.3	206	[1]	δεύτερος	_	_
1.3	207	[2]	παροξυσμὸς	_	_
1.3	208	[4]	τῆς	_	_
1.3	209	[1]	συνήθους	_	_
1.3	210	[1]	ὥρας	_	_
1.3	211	[21]	,	b	_
1.3	212	[1]	ἀλλ	_	_
1.3	213	[5]	’	b	_
1.3	214	[3]	εἰ	_	_
1.3	215	[9]	καὶ	_	_
1.3	216	[11]	τὸ	_	_
1.3	217	[2]	μῆκος	_	_
1.3	218	[1]	αὐτῷ	_	_
1.3	219	[4]	τοῦ	_	_
1.3	220	[2]	χρόνου	_	_
1.3	221	[1]	ταὐτὸν	_	_
1.3	222	[22]	,	b	_
1.3	223	[5]	ἢ	_	_
1.3	224	[12]	τὸ	_	_
1.3	225	[2]	μέγεθος	_	_
1.3	226	[1]	ἴσον	_	_
1.3	227	[23]	,	b	_
1.3	228	[6]	ἢ	_	_
1.3	229	[4]	εἰ	_	_
1.3	230	[1]	νῦν	_	_
1.3	231	[1]	κακοηθέστερος	_	_
1.3	232	[24]	,	b	_
1.3	233	[7]	ἢ	_	_
1.3	234	[1]	ἁπλούστερος	_	_
1.3	235	[1]	ἐγένετο	_	_
1.3	236	[8]	.	b	_
1.3	237	[2]	τὰ	_	_
1.3	238	[2]	δ	_	_
1.3	239	[6]	’	b	_
1.3	240	[2]	αὐτὰ	_	_
1.3	241	[2]	ταῦτα	_	_
1.3	242	[3]	κᾀπὶ	_	_
1.3	243	[1]	τῶν	_	_
1.3	244	[1]	διαλειμμάτων	_	_
1.3	245	[2]	τε	_	_
1.3	246	[10]	καὶ	_	_
1.3	247	[2]	τῶν	_	_
1.3	248	[1]	παρακμῶν	_	_
1.3	249	[2]	ἐπισκοπεῖσθαι	_	_
1.3	250	[1]	χρή	_	_
1.3	251	[9]	.	b	_
1.3	252	[13]	τὸ	_	_
1.3	253	[3]	μὲν	_	_
1.3	254	[1]	δὴ	_	_
1.3	255	[3]	μῆκος	_	_
1.3	256	[5]	τοῦ	_	_
1.3	257	[3]	χρόνου	_	_
1.3	258	[1]	ῥᾷστον	_	_
1.3	259	[1]	καταμαθεῖν	_	_
1.3	260	[2]	·	b	_
1.3	261	[14]	τὸ	_	_
1.3	262	[3]	μέγεθος	_	_
1.3	263	[5]	δὲ	_	_
1.3	264	[25]	,	b	_
1.3	265	[1]	ὅπερ	_	_
1.3	266	[11]	καὶ	_	_
1.3	267	[1]	σφοδρότητα	_	_
1.3	268	[1]	καλοῦσι	_	_
1.3	269	[26]	,	b	_
1.3	270	[12]	καὶ	_	_
1.3	271	[1]	μέντοι	_	_
1.3	272	[13]	καὶ	_	_
1.3	273	[15]	τὸ	_	_
1.3	274	[2]	ἦθος	_	_
1.3	275	[27]	,	b	_
1.3	276	[2]	ὅπερ	_	_
1.3	277	[14]	καὶ	_	_
1.3	278	[1]	τρόπον	_	_
1.3	279	[1]	ὀνομάζουσιν	_	_
1.3	280	[28]	,	b	_
1.3	281	[1]	ἔκ	_	_
1.3	282	[3]	τε	_	_
1.3	283	[5]	τῆς	_	_
1.3	284	[1]	οἰκείας	_	_
1.3	285	[6]	τοῦ	_	_
1.3	286	[1]	νοσήματος	_	_
1.3	287	[1]	ἰδέας	_	_
1.3	288	[2]	θεωρεῖν	_	_
1.3	289	[29]	,	b	_
1.3	290	[1]	κᾀκ	_	_
1.3	291	[3]	τῶν	_	_
1.3	292	[1]	ἐπιγινομένων	_	_
1.3	293	[2]	αὐτῷ	_	_
1.3	294	[2]	συμπτωμάτων	_	_
1.3	295	[10]	.	b	_
1.3	296	[1]	ἐκ	_	_
1.3	297	[4]	μὲν	_	_
1.3	298	[6]	τῆς	_	_
1.3	299	[2]	οἰκείας	_	_
1.3	300	[2]	ἰδέας	_	_
1.3	301	[7]	τοῦ	_	_
1.3	302	[2]	νοσήματος	_	_
1.3	303	[30]	,	b	_
1.3	304	[2]	εἰς	_	_
1.3	305	[3]	τὰ	_	_
1.3	306	[1]	συμπληροῦντα	_	_
1.3	307	[2]	τὴν	_	_
1.3	308	[1]	ἰδίαν	_	_
1.3	309	[2]	αὐτοῦ	_	_
1.3	310	[1]	φύσιν	_	_
1.3	311	[1]	ἀποβλέποντα	_	_
1.3	312	[31]	,	b	_
1.3	313	[1]	καθάπερ	_	_
1.3	314	[32]	,	b	_
1.3	315	[5]	εἰ	_	_
1.3	316	[2]	τύχῃ	_	_
1.3	317	[33]	,	b	_
1.3	318	[1]	ἐπὶ	_	_
1.3	319	[1]	πλευρίτιδος	_	_
1.3	320	[34]	,	b	_
1.3	321	[1]	εἴς	_	_
1.3	322	[4]	τε	_	_
1.3	323	[16]	τὸ	_	_
1.3	324	[1]	νυγματῶδες	_	_
1.3	325	[1]	ἄλγημα	_	_
1.3	326	[7]	τῆς	_	_
1.3	327	[1]	πλευρᾶς	_	_
1.3	328	[15]	καὶ	_	_
1.3	329	[1]	τὸν	_	_
1.3	330	[1]	ὀξὺν	_	_
1.3	331	[1]	πυρετὸν	_	_
1.3	332	[16]	καὶ	_	_
1.3	333	[3]	τὴν	_	_
1.3	334	[1]	βῆχα	_	_
1.3	335	[17]	καὶ	_	_
1.3	336	[1]	δύσπνοιαν	_	_
1.3	337	[11]	.	b	_
1.3	338	[2]	ἐκ	_	_
1.3	339	[6]	δὲ	_	_
1.3	340	[1]	αὖ	_	_
1.3	341	[4]	τῶν	_	_
1.3	342	[2]	ἐπιγινομένων	_	_
1.3	343	[3]	αὐτῷ	_	_
1.3	344	[3]	συμπτωμάτων	_	_
1.3	345	[35]	,	b	_
1.3	346	[6]	εἰ	_	_
1.3	347	[1]	πολλὰ	_	_
1.3	348	[18]	καὶ	_	_
1.3	349	[1]	πολυχρόνια	_	_
1.3	350	[19]	καὶ	_	_
1.3	351	[1]	ἰσχυρὰ	_	_
1.3	352	[20]	καὶ	_	_
1.3	353	[1]	κακοήθη	_	_
1.3	354	[1]	γίγνοιτο	_	_
1.3	355	[36]	,	b	_
1.3	356	[8]	ἢ	_	_
1.3	357	[1]	τοὐναντίον	_	_
1.3	358	[1]	ὀλίγα	_	_
1.3	359	[21]	καὶ	_	_
1.3	360	[1]	ὀλιγοχρόνια	_	_
1.3	361	[22]	καὶ	_	_
1.3	362	[1]	μικρὰ	_	_
1.3	363	[23]	καὶ	_	_
1.3	364	[1]	ἁπλᾶ	_	_
1.3	365	[12]	.	b	_
1.3	366	[24]	καὶ	_	_
1.3	367	[5]	μὲν	_	_
1.3	368	[2]	δὴ	_	_
1.3	369	[25]	καὶ	_	_
1.3	370	[3]	ὁ	_	_
1.3	371	[8]	τοῦ	_	_
1.3	372	[2]	διαλείμματός	_	_
1.3	373	[5]	τε	_	_
1.3	374	[26]	καὶ	_	_
1.3	375	[4]	ὁ	_	_
1.3	376	[8]	τῆς	_	_
1.3	377	[3]	παρακμῆς	_	_
1.3	378	[1]	χρόνος	_	_
1.3	379	[37]	,	b	_
1.3	380	[7]	εἰ	_	_
1.3	381	[1]	μακρότερος	_	_
1.3	382	[9]	τοῦ	_	_
1.3	383	[1]	πρόσθεν	_	_
1.3	384	[38]	,	b	_
1.3	385	[9]	ἢ	_	_
1.3	386	[1]	βραχύτερος	_	_
1.3	387	[39]	,	b	_
1.3	388	[10]	ἢ	_	_
1.3	389	[1]	δυσφορώτερος	_	_
1.3	390	[40]	,	b	_
1.3	391	[11]	ἢ	_	_
1.3	392	[1]	εὐφορώτερος	_	_
1.3	393	[41]	,	b	_
1.3	394	[12]	ἢ	_	_
1.3	395	[8]	εἰ	_	_
1.3	396	[1]	παραμένει	_	_
1.3	397	[2]	τι	_	_
1.3	398	[5]	τῶν	_	_
1.3	399	[3]	ἐκ	_	_
1.3	400	[10]	τοῦ	_	_
1.3	401	[2]	παροξυσμοῦ	_	_
1.3	402	[4]	συμπτωμάτων	_	_
1.3	403	[42]	,	b	_
1.3	404	[13]	ἢ	_	_
1.3	405	[1]	πέπαυται	_	_
1.3	406	[1]	πάντα	_	_
1.3	407	[13]	.	b	_
1.3	408	[9]	εἰ	_	_
1.3	409	[6]	μὲν	_	_
1.3	410	[1]	γὰρ	_	_
1.3	411	[4]	τὰ	_	_
1.3	412	[1]	χείρω	_	_
1.3	413	[6]	τῶν	_	_
1.3	414	[1]	εἰρημένων	_	_
1.3	415	[1]	εὑρίσκοιτο	_	_
1.3	416	[43]	,	b	_
1.3	417	[1]	σαφῶς	_	_
1.3	418	[2]	ἐπιδίδωσιν	_	_
1.3	419	[2]	ἡ	_	_
1.3	420	[2]	νόσος	_	_
1.3	421	[3]	·	b	_
1.3	422	[10]	εἰ	_	_
1.3	423	[7]	δὲ	_	_
1.3	424	[5]	τὰ	_	_
1.3	425	[1]	βελτίω	_	_
1.3	426	[44]	,	b	_
1.3	427	[1]	παρακμάζει	_	_
1.3	428	[14]	.	b	_
1.3	429	[1]	προλαμβανέτω	_	_
1.3	430	[2]	γὰρ	_	_
1.3	431	[5]	ὁ	_	_
1.3	432	[3]	παροξυσμὸς	_	_
1.3	433	[9]	τῆς	_	_
1.3	434	[2]	συνήθους	_	_
1.3	435	[2]	ὥρας	_	_
1.3	436	[27]	καὶ	_	_
1.3	437	[2]	μακρότερος	_	_
1.3	438	[1]	γινέσθω	_	_
1.3	439	[28]	καὶ	_	_
1.3	440	[1]	σφοδρότερος	_	_
1.3	441	[29]	καὶ	_	_
1.3	442	[2]	κακοηθέστερος	_	_
1.3	443	[30]	καὶ	_	_
1.3	444	[1]	σὺν	_	_
1.3	445	[1]	πολλοῖς	_	_
1.3	446	[31]	καὶ	_	_
1.3	447	[1]	μοχθηροῖς	_	_
1.3	448	[1]	﻿	_	_
1.3	449	[1]	συμπτώμασι	_	_
1.3	450	[1]	ἐνοχλείτω	_	_
1.3	451	[15]	.	b	_
1.3	452	[2]	γινέσθω	_	_
1.3	453	[8]	δὲ	_	_
1.3	454	[32]	καὶ	_	_
1.3	455	[6]	ὁ	_	_
1.3	456	[10]	τῆς	_	_
1.3	457	[4]	παρακμῆς	_	_
1.3	458	[2]	χρόνος	_	_
1.3	459	[1]	βραχύς	_	_
1.3	460	[6]	τε	_	_
1.3	461	[1]	ἅμα	_	_
1.3	462	[33]	καὶ	_	_
1.3	463	[1]	οὐκ	_	_
1.3	464	[1]	ἀκριβῶς	_	_
1.3	465	[1]	εὔφορος	_	_
1.3	466	[45]	,	b	_
1.3	467	[1]	οὐδὲ	_	_
1.3	468	[1]	ἐλεύθερος	_	_
1.3	469	[1]	ἁπάντων	_	_
1.3	470	[7]	τῶν	_	_
1.3	471	[4]	ἐκ	_	_
1.3	472	[11]	τοῦ	_	_
1.3	473	[3]	παροξυσμοῦ	_	_
1.3	474	[5]	συμπτωμάτων	_	_
1.3	475	[46]	,	b	_
1.3	476	[1]	οὐδεὶς	_	_
1.3	477	[2]	ἂν	_	_
1.3	478	[47]	,	b	_
1.3	479	[1]	οἶμαι	_	_
1.3	480	[48]	,	b	_
1.3	481	[1]	περί	_	_
1.3	482	[2]	γε	_	_
1.3	483	[8]	τῶν	_	_
1.3	484	[1]	οὕτω	_	_
1.3	485	[1]	καμνόντων	_	_
1.3	486	[1]	ζητήσειεν	_	_
1.3	487	[49]	,	b	_
1.3	488	[1]	ὡς	_	_
1.3	489	[2]	οὐκ	_	_
1.3	490	[3]	ἐπιδίδωσιν	_	_
1.3	491	[1]	αὐτοῖς	_	_
1.3	492	[3]	εἰς	_	_
1.3	493	[4]	μέγεθος	_	_
1.3	494	[3]	ἡ	_	_
1.3	495	[3]	νόσος	_	_
1.3	496	[16]	.	b	_
1.3	497	[1]	αὖθις	_	_
1.3	498	[9]	δὲ	_	_
1.3	499	[1]	τἀναντία	_	_
1.3	500	[2]	πάντα	_	_
1.3	501	[1]	τούτοις	_	_
1.3	502	[3]	γινέσθω	_	_
1.3	503	[17]	.	b	_
1.3	504	[11]	τῆς	_	_
1.3	505	[7]	μὲν	_	_
1.3	506	[1]	εἰσβολῆς	_	_
1.3	507	[1]	ὑστεριζούσης	_	_
1.3	508	[50]	,	b	_
1.3	509	[12]	τοῦ	_	_
1.3	510	[1]	μήκους	_	_
1.3	511	[7]	τε	_	_
1.3	512	[34]	καὶ	_	_
1.3	513	[13]	τοῦ	_	_
1.3	514	[1]	μεγέθους	_	_
1.3	515	[14]	τοῦ	_	_
1.3	516	[1]	κατὰ	_	_
1.3	517	[2]	τὸν	_	_
1.3	518	[1]	παροξυσμὸν	_	_
1.3	519	[1]	ἐλαττουμένου	_	_
1.3	520	[35]	καὶ	_	_
1.3	521	[12]	τῆς	_	_
1.3	522	[1]	κακοηθείας	_	_
1.3	523	[1]	πραϋνομένης	_	_
1.3	524	[36]	καὶ	_	_
1.3	525	[9]	τῶν	_	_
1.3	526	[3]	ἐπιγινομένων	_	_
1.3	527	[6]	συμπτωμάτων	_	_
1.3	528	[1]	ἐλαττόνων	_	_
1.3	529	[8]	τε	_	_
1.3	530	[37]	καὶ	_	_
1.3	531	[1]	ἁπλουστέρων	_	_
1.3	532	[1]	ὄντων	_	_
1.3	533	[51]	,	b	_
1.3	534	[14]	ἢ	_	_
1.3	535	[1]	οὐδ	_	_
1.3	536	[7]	’	b	_
1.3	537	[1]	ὅλως	_	_
1.3	538	[1]	ἐπιφαινομένων	_	_
1.3	539	[52]	,	b	_
1.3	540	[38]	καὶ	_	_
1.3	541	[15]	τοῦ	_	_
1.3	542	[1]	διαλείμματος	_	_
1.3	543	[53]	,	b	_
1.3	544	[1]	ἤ	_	_
1.3	545	[13]	τῆς	_	_
1.3	546	[5]	παρακμῆς	_	_
1.3	547	[1]	εὐφόρου	_	_
1.3	548	[39]	καὶ	_	_
1.3	549	[1]	μακρᾶς	_	_
1.3	550	[1]	γινομένης	_	_
1.3	551	[54]	,	b	_
1.3	552	[40]	καὶ	_	_
1.3	553	[3]	πάντα	_	_
1.3	554	[1]	ἐξαλειφούσης	_	_
1.3	555	[6]	τὰ	_	_
1.3	556	[16]	τοῦ	_	_
1.3	557	[4]	παροξυσμοῦ	_	_
1.3	558	[1]	συμπτώματα	_	_
1.3	559	[55]	,	b	_
1.3	560	[41]	καὶ	_	_
1.3	561	[3]	γὰρ	_	_
1.3	562	[42]	καὶ	_	_
1.3	563	[3]	ταῦτα	_	_
1.3	564	[1]	σαφέστατα	_	_
1.3	565	[6]	παρακμῆς	_	_
1.3	566	[1]	γνωρίσματα	_	_
1.3	567	[56]	,	b	_
1.3	568	[2]	καθάπερ	_	_
1.3	569	[7]	τὰ	_	_
1.3	570	[1]	πρότερα	_	_
1.3	571	[14]	τῆς	_	_
1.3	572	[1]	ἐπιδόσεως	_	_
1.3	573	[18]	.	b	_
1.3	574	[1]	ὅταν	_	_
1.3	575	[10]	δὲ	_	_
1.3	576	[1]	ἰσάζῃ	_	_
1.3	577	[1]	πως	_	_
1.3	578	[1]	μάλιστα	_	_
1.3	579	[8]	τὰ	_	_
1.3	580	[2]	κατὰ	_	_
1.3	581	[3]	τοὺς	_	_
1.3	582	[2]	παροξυσμοὺς	_	_
1.3	583	[1]	ἀμφοτέρους	_	_
1.3	584	[57]	,	b	_
1.3	585	[1]	ἀκμάζειν	_	_
1.3	586	[1]	δηλοῖ	_	_
1.3	587	[4]	τὴν	_	_
1.3	588	[1]	νόσον	_	_
1.3	589	[19]	.	b	_
1.3	590	[1]	ἆρ	_	_
1.3	591	[8]	’	b	_
1.3	592	[2]	οὖν	_	_
1.3	593	[1]	ἤτοι	_	_
1.3	594	[1]	πλείω	_	_
1.3	595	[17]	τοῦ	_	_
1.3	596	[1]	δέοντος	_	_
1.3	597	[1]	ἡμεῖς	_	_
1.3	598	[1]	εἴπομεν	_	_
1.3	599	[1]	;	b	_
1.3	600	[15]	ἢ	_	_
1.3	601	[1]	Ἱπποκράτης	_	_
1.3	602	[3]	τι	_	_
1.3	603	[1]	παραλέλοιπεν	_	_
1.3	604	[2]	ἐν	_	_
1.3	605	[1]	οἷς	_	_
1.3	606	[1]	ἐκδιδάσκων	_	_
1.3	607	[58]	,	b	_
1.3	608	[1]	ὅπως	_	_
1.3	609	[1]	ἄν	_	_
1.3	610	[1]	τις	_	_
1.3	611	[5]	ἐκ	_	_
1.3	612	[1]	περιόδων	_	_
1.3	613	[1]	εὑρίσκοι	_	_
1.3	614	[3]	νοσήματος	_	_
1.3	615	[1]	ἐπίδοσιν	_	_
1.3	616	[59]	,	b	_
1.3	617	[1]	ἀλλήλοις	_	_
1.3	618	[1]	φησὶ	_	_
1.3	619	[1]	χρῆναι	_	_
1.3	620	[1]	παραβάλλειν	_	_
1.3	621	[4]	τοὺς	_	_
1.3	622	[3]	παροξυσμοὺς	_	_
1.3	623	[60]	,	b	_
1.3	624	[11]	εἰ	_	_
1.3	625	[2]	ἐπὶ	_	_
1.3	626	[17]	τὸ	_	_
1.3	627	[1]	πρωϊαίτερον	_	_
1.3	628	[61]	,	b	_
1.3	629	[2]	ἤ	_	_
1.3	630	[1]	οὔ	_	_
1.3	631	[4]	·	b	_
1.3	632	[43]	καὶ	_	_
1.3	633	[12]	εἰ	_	_
1.3	634	[3]	ἐπὶ	_	_
1.3	635	[1]	πλείονα	_	_
1.3	636	[1]	χρόνον	_	_
1.3	637	[62]	,	b	_
1.3	638	[16]	ἢ	_	_
1.3	639	[2]	οὔ	_	_
1.3	640	[5]	·	b	_
1.3	641	[44]	καὶ	_	_
1.3	642	[13]	εἰ	_	_
1.3	643	[2]	μᾶλλον	_	_
1.3	644	[63]	,	b	_
1.3	645	[17]	ἢ	_	_
1.3	646	[3]	οὔ	_	_
1.3	647	[20]	.	b	_
1.3	648	[18]	τὸ	_	_
1.3	649	[8]	μὲν	_	_
1.3	650	[4]	γὰρ	_	_
1.3	651	[2]	πρωϊαίτερον	_	_
1.3	652	[64]	,	b	_
1.3	653	[18]	ἢ	_	_
1.3	654	[1]	οὒ	_	_
1.3	655	[65]	,	b	_
1.3	656	[1]	τοιόνδε	_	_
1.3	657	[4]	τι	_	_
1.3	658	[2]	δηλοῖ	_	_
1.3	659	[66]	,	b	_
1.3	660	[14]	εἰ	_	_
1.3	661	[15]	τῆς	_	_
1.3	662	[3]	συνήθους	_	_
1.3	663	[3]	ὥρας	_	_
1.3	664	[7]	ὁ	_	_
1.3	665	[4]	παροξυσμὸς	_	_
1.3	666	[2]	προὔλαβεν	_	_
1.3	667	[67]	,	b	_
1.3	668	[19]	ἢ	_	_
1.3	669	[1]	ὑστέρισε	_	_
1.3	670	[21]	.	b	_
1.3	671	[19]	τὸ	_	_
1.3	672	[11]	δὲ	_	_
1.3	673	[4]	ἐπὶ	_	_
1.3	674	[2]	πλείονα	_	_
1.3	675	[2]	χρόνον	_	_
1.3	676	[68]	,	b	_
1.3	677	[20]	ἢ	_	_
1.3	678	[2]	οὒ	_	_
1.3	679	[69]	,	b	_
1.3	680	[1]	πότερον	_	_
1.3	681	[1]	πολυχρονιώτερος	_	_
1.3	682	[70]	,	b	_
1.3	683	[21]	ἢ	_	_
1.3	684	[1]	βραχυχρονιώτερος	_	_
1.3	685	[2]	ἐγένετο	_	_
1.3	686	[22]	.	b	_
1.3	687	[20]	τὸ	_	_
1.3	688	[12]	δὲ	_	_
1.3	689	[3]	μᾶλλον	_	_
1.3	690	[71]	,	b	_
1.3	691	[22]	ἢ	_	_
1.3	692	[3]	οὒ	_	_
1.3	693	[72]	,	b	_
1.3	694	[9]	τὰ	_	_
1.3	695	[1]	λοιπὰ	_	_
1.3	696	[10]	τῶν	_	_
1.3	697	[2]	εἰρημένων	_	_
1.3	698	[1]	ἡμῖν	_	_
1.3	699	[1]	ἔμπροσθεν	_	_
1.3	700	[3]	ἐν	_	_
1.3	701	[1]	ἑαυτῷ	_	_
1.3	702	[1]	περιλαβὸν	_	_
1.3	703	[1]	ἔχει	_	_
1.3	704	[23]	.	b	_
1.3	705	[45]	καὶ	_	_
1.3	706	[5]	γὰρ	_	_
1.3	707	[46]	καὶ	_	_
1.3	708	[21]	τὸ	_	_
1.3	709	[5]	μέγεθος	_	_
1.3	710	[47]	καὶ	_	_
1.3	711	[22]	τὸ	_	_
1.3	712	[3]	ἦθος	_	_
1.3	713	[73]	,	b	_
1.3	714	[3]	αὐτοῦ	_	_
1.3	715	[9]	τε	_	_
1.3	716	[18]	τοῦ	_	_
1.3	717	[4]	νοσήματος	_	_
1.3	718	[48]	καὶ	_	_
1.3	719	[11]	τῶν	_	_
1.3	720	[4]	ἐπιγινομένων	_	_
1.3	721	[4]	αὐτῷ	_	_
1.3	722	[7]	συμπτωμάτων	_	_
1.3	723	[74]	,	b	_
1.3	724	[1]	ἔτι	_	_
1.3	725	[10]	τε	_	_
1.3	726	[1]	πρὸς	_	_
1.3	727	[2]	τούτοις	_	_
1.3	728	[3]	τὸν	_	_
1.3	729	[1]	ἀριθμὸν	_	_
1.3	730	[2]	αὐτῶν	_	_
1.3	731	[4]	ἐν	_	_
1.3	732	[2]	τῷ	_	_
1.3	733	[1]	μᾶλλόν	_	_
1.3	734	[11]	τε	_	_
1.3	735	[49]	καὶ	_	_
1.3	736	[1]	ἧττον	_	_
1.3	737	[1]	νοεῖν	_	_
1.3	738	[2]	χρὴ	_	_
1.3	739	[1]	περιεχόμενον	_	_
1.3	740	[24]	.	b	_
1.3	741	[2]	οὕτω	_	_
1.3	742	[13]	δὲ	_	_
1.3	743	[50]	καὶ	_	_
1.3	744	[16]	τῆς	_	_
1.3	745	[7]	παρακμῆς	_	_
1.3	746	[75]	,	b	_
1.3	747	[2]	ὡς	_	_
1.3	748	[1]	μέρους	_	_
1.3	749	[51]	καὶ	_	_
1.3	750	[2]	αὐτῆς	_	_
1.3	751	[19]	τοῦ	_	_
1.3	752	[1]	σύμπαντος	_	_
1.3	753	[5]	παροξυσμοῦ	_	_
1.3	754	[23]	τὸ	_	_
1.3	755	[2]	μᾶλλόν	_	_
1.3	756	[12]	τε	_	_
1.3	757	[52]	καὶ	_	_
1.3	758	[2]	ἧττον	_	_
1.3	759	[76]	,	b	_
1.3	760	[6]	ἐκ	_	_
1.3	761	[12]	τῶν	_	_
1.3	762	[3]	αὐτῶν	_	_
1.3	763	[3]	γε	_	_
1.3	764	[3]	τούτων	_	_
1.3	765	[1]	σκοπῶν	_	_
1.3	766	[1]	ἐξευρίσκειν	_	_
1.3	767	[2]	χρή	_	_
1.3	768	[25]	.	b	_
1.3	769	[2]	ἐπιδόσεως	_	_
1.3	770	[9]	μὲν	_	_
1.3	771	[3]	δὴ	_	_
1.3	772	[77]	,	b	_
1.3	773	[53]	καὶ	_	_
1.3	774	[1]	ἀναβάσεως	_	_
1.3	775	[54]	καὶ	_	_
1.3	776	[3]	αὐξήσεως	_	_
1.3	777	[78]	,	b	_
1.3	778	[1]	ἅπαντα	_	_
1.3	779	[6]	γὰρ	_	_
1.3	780	[4]	ταῦτα	_	_
1.3	781	[1]	προσαγορεύουσι	_	_
1.3	782	[4]	τὸν	_	_
1.3	783	[1]	δεύτερον	_	_
1.3	784	[1]	καιρὸν	_	_
1.3	785	[17]	τῆς	_	_
1.3	786	[2]	νόσου	_	_
1.3	787	[79]	,	b	_
1.3	788	[1]	τό	_	_
1.3	789	[13]	τε	_	_
1.3	790	[3]	πρωϊαίτερον	_	_
1.3	791	[1]	παροξύνεσθαι	_	_
1.3	792	[55]	καὶ	_	_
1.3	793	[24]	τὸ	_	_
1.3	794	[3]	πλείονα	_	_
1.3	795	[3]	χρόνον	_	_
1.3	796	[56]	καὶ	_	_
1.3	797	[25]	τὸ	_	_
1.3	798	[4]	μᾶλλον	_	_
1.3	799	[80]	,	b	_
1.3	800	[2]	γνωρίσματα	_	_
1.3	801	[81]	,	b	_
1.3	802	[3]	καθάπερ	_	_
1.3	803	[4]	γε	_	_
1.3	804	[18]	τῆς	_	_
1.3	805	[8]	παρακμῆς	_	_
1.3	806	[2]	τἀναντία	_	_
1.3	807	[2]	τό	_	_
1.3	808	[1]	θ	_	_
1.3	809	[9]	’	b	_
1.3	810	[2]	ὑστερίζειν	_	_
1.3	811	[5]	τὸν	_	_
1.3	812	[2]	παροξυσμὸν	_	_
1.3	813	[57]	καὶ	_	_
1.3	814	[1]	βραχυχρονιώτερον	_	_
1.3	815	[1]	γίνεσθαι	_	_
1.3	816	[82]	,	b	_
1.3	817	[58]	καὶ	_	_
1.3	818	[1]	παντοίως	_	_
1.3	819	[20]	τοῦ	_	_
1.3	820	[2]	πρόσθεν	_	_
1.3	821	[1]	ἀσθενέστερον	_	_
1.3	822	[26]	.	b	_
1.3	823	[1]	ἀκμῆς	_	_
1.3	824	[3]	δ	_	_
1.3	825	[10]	’	b	_
1.3	826	[2]	ἐστὶ	_	_
1.3	827	[2]	σημεῖον	_	_
1.3	828	[4]	ἡ	_	_
1.3	829	[5]	ἐπὶ	_	_
1.3	830	[13]	τῶν	_	_
1.3	831	[4]	αὐτῶν	_	_
1.3	832	[1]	μονή	_	_
1.3	833	[14]	τε	_	_
1.3	834	[59]	καὶ	_	_
1.3	835	[1]	στάσις	_	_
1.3	836	[27]	.	b	_
1.3	837	[1]	καίτοι	_	_
1.3	838	[2]	πολλάκις	_	_
1.3	839	[5]	ἐν	_	_
1.3	840	[1]	ταῖς	_	_
1.3	841	[1]	νόσοις	_	_
1.3	842	[2]	οὐδεὶς	_	_
1.3	843	[1]	αἰσθητὸς	_	_
1.3	844	[3]	χρόνος	_	_
1.3	845	[1]	εὑρίσκεται	_	_
1.3	846	[1]	τοιοῦτος	_	_
1.3	847	[28]	.	b	_
1.3	848	[2]	ἀλλ	_	_
1.3	849	[11]	’	b	_
1.3	850	[8]	ὁ	_	_
1.3	851	[1]	τέταρτος	_	_
1.3	852	[83]	,	b	_
1.3	853	[15]	εἰ	_	_
1.3	854	[3]	τύχῃ	_	_
1.3	855	[84]	,	b	_
1.3	856	[5]	παροξυσμὸς	_	_
1.3	857	[85]	,	b	_
1.3	858	[2]	ἔτι	_	_
1.3	859	[10]	τὰ	_	_
1.3	860	[19]	τῆς	_	_
1.3	861	[2]	ἀναβάσεως	_	_
1.3	862	[1]	ἔχων	_	_
1.3	863	[1]	σημεῖα	_	_
1.3	864	[6]	τὸν	_	_
1.3	865	[1]	πέμπτον	_	_
1.3	866	[1]	ἤνεγκε	_	_
1.3	867	[1]	παρακμαστικὸν	_	_
1.3	868	[86]	,	b	_
1.3	869	[1]	ὀξυῤῥόπου	_	_
1.3	870	[1]	δηλονότι	_	_
1.3	871	[20]	τῆς	_	_
1.3	872	[2]	ἀκμῆς	_	_
1.3	873	[1]	γενηθείσης	_	_
1.3	874	[87]	,	b	_
1.3	875	[3]	ὡς	_	_
1.3	876	[1]	μηδὲ	_	_
1.3	877	[1]	γνωρίσαι	_	_
1.3	878	[1]	τινὰ	_	_
1.3	879	[1]	παροῦσαν	_	_
1.3	880	[2]	αὐτὴν	_	_
1.3	881	[88]	,	b	_
1.3	882	[2]	ἀλλὰ	_	_
1.3	883	[21]	τοῦ	_	_
1.3	884	[1]	πρώτου	_	_
1.3	885	[4]	χρόνου	_	_
1.3	886	[21]	τῆς	_	_
1.3	887	[9]	παρακμῆς	_	_
1.3	888	[1]	δεηθῆναι	_	_
1.3	889	[2]	πρὸς	_	_
1.3	890	[1]	ἀκριβῆ	_	_
1.3	891	[1]	διάγνωσιν	_	_
1.3	892	[29]	.	b	_
1.3	893	[1]	παραπλήσιον	_	_
1.3	894	[1]	δέ	_	_
1.3	895	[5]	τι	_	_
1.3	896	[1]	κᾀν	_	_
1.3	897	[2]	ταῖς	_	_
1.3	898	[1]	αὐξήσεσιν	_	_
1.3	899	[2]	ὑπάρχει	_	_
1.3	900	[14]	τῶν	_	_
1.3	901	[1]	νοσημάτων	_	_
1.3	902	[30]	.	b	_
1.3	903	[1]	ἐνίοτε	_	_
1.3	904	[7]	γὰρ	_	_
1.3	905	[9]	ὁ	_	_
1.3	906	[1]	πρῶτος	_	_
1.3	907	[6]	παροξυσμὸς	_	_
1.3	908	[1]	ἀρχήν	_	_
1.3	909	[15]	τε	_	_
1.3	910	[2]	ἅμα	_	_
1.3	911	[60]	καὶ	_	_
1.3	912	[2]	ἀνάβασιν	_	_
1.3	913	[2]	ἔχει	_	_
1.3	914	[61]	καὶ	_	_
1.3	915	[2]	ἀκμὴν	_	_
1.3	916	[6]	ἐν	_	_
1.3	917	[2]	ἑαυτῷ	_	_
1.3	918	[6]	·	b	_
1.3	919	[3]	κατὰ	_	_
1.3	920	[10]	μὲν	_	_
1.3	921	[11]	τὰ	_	_
1.3	922	[1]	πρῶτα	_	_
1.3	923	[1]	μέρη	_	_
1.3	924	[2]	δηλονότι	_	_
1.3	925	[5]	τὴν	_	_
1.3	926	[1]	ἀρχὴν	_	_
1.3	927	[89]	,	b	_
1.3	928	[1]	ἐφεξῆς	_	_
1.3	929	[4]	δ	_	_
1.3	930	[12]	’	b	_
1.3	931	[1]	αὐτῇ	_	_
1.3	932	[6]	τὴν	_	_
1.3	933	[3]	ἀνάβασιν	_	_
1.3	934	[90]	,	b	_
1.3	935	[1]	ὑστάτην	_	_
1.3	936	[14]	δὲ	_	_
1.3	937	[3]	δηλονότι	_	_
1.3	938	[7]	τὴν	_	_
1.3	939	[1]	ἀκμήν	_	_
1.3	940	[31]	.	b	_
1.3	941	[1]	εἶθ	_	_
1.3	942	[13]	’	b	_
1.3	943	[1]	ἑξῆς	_	_
1.3	944	[10]	ὁ	_	_
1.3	945	[2]	δεύτερος	_	_
1.3	946	[1]	ἐναργῶς	_	_
1.3	947	[1]	ἐφαίνετο	_	_
1.3	948	[1]	παρακμαστικός	_	_
1.3	949	[32]	.	b	_
1.3	950	[3]	ἀλλ	_	_
1.3	951	[14]	’	b	_
1.3	952	[1]	ἐπιστάντος	_	_
1.3	953	[11]	μὲν	_	_
1.3	954	[22]	τοῦ	_	_
1.3	955	[2]	δευτέρου	_	_
1.3	956	[6]	παροξυσμοῦ	_	_
1.3	957	[91]	,	b	_
1.3	958	[1]	τηνικαῦτα	_	_
1.3	959	[1]	γνωρίζειν	_	_
1.3	960	[1]	ὁποῖός	_	_
1.3	961	[2]	τις	_	_
1.3	962	[11]	ὁ	_	_
1.3	963	[2]	πρῶτος	_	_
1.3	964	[3]	ἐγένετο	_	_
1.3	965	[7]	παροξυσμὸς	_	_
1.3	966	[92]	,	b	_
1.3	967	[3]	πρὸς	_	_
1.3	968	[3]	τῷ	_	_
1.3	969	[1]	παντὸς	_	_
1.3	970	[1]	ἔργον	_	_
1.3	971	[1]	ὑπάρχειν	_	_
1.3	972	[1]	ἰατροῦ	_	_
1.3	973	[93]	,	b	_
1.3	974	[62]	καὶ	_	_
1.3	975	[8]	τὴν	_	_
1.3	976	[1]	ἀξιολογωτάτην	_	_
1.3	977	[1]	χρείαν	_	_
1.3	978	[1]	ἀπόλλυσι	_	_
1.3	979	[22]	τῆς	_	_
1.3	980	[1]	προγνώσεως	_	_
1.3	981	[94]	,	b	_
1.3	982	[4]	ὡς	_	_
1.3	983	[1]	ἐπιπλέον	_	_
1.3	984	[7]	ἐν	_	_
1.3	985	[2]	τοῖς	_	_
1.3	986	[23]	τῆς	_	_
1.3	987	[1]	θεραπευτικῆς	_	_
1.3	988	[1]	μεθόδου	_	_
1.3	989	[1]	δέδεικται	_	_
1.3	990	[1]	γράμμασιν	_	_
1.3	991	[33]	.	b	_
1.3	992	[2]	ἰατροῦ	_	_
1.3	993	[5]	δ	_	_
1.3	994	[15]	’	b	_
1.3	995	[3]	ἐστὶ	_	_
1.3	996	[1]	γενναίου	_	_
1.3	997	[63]	καὶ	_	_
1.3	998	[24]	τῆς	_	_
1.3	999	[1]	Ἱπποκράτους	_	_
1.3	1000	[1]	γνώμης	_	_
1.3	1001	[1]	ἀξίου	_	_
1.3	1002	[1]	προγνῶναι	_	_
1.3	1003	[9]	τὴν	_	_
1.3	1004	[1]	μέλλουσαν	_	_
1.3	1005	[3]	ἀκμὴν	_	_
1.3	1006	[95]	,	b	_
1.3	1007	[1]	εἴ	_	_
1.3	1008	[5]	γε	_	_
1.3	1009	[4]	δὴ	_	_
1.3	1010	[64]	καὶ	_	_
1.3	1011	[12]	τὰ	_	_
1.3	1012	[1]	διαιτήματα	_	_
1.3	1013	[1]	σύμπαντα	_	_
1.3	1014	[4]	πρὸς	_	_
1.3	1015	[3]	αὐτὴν	_	_
1.3	1016	[1]	ἀποβλέπων	_	_
1.3	1017	[1]	ποιεῖται	_	_
1.3	1018	[34]	.	b	_
1.3	1019	[4]	κατὰ	_	_
1.3	1020	[1]	ταὐτὰ	_	_
1.3	1021	[15]	δὲ	_	_
1.3	1022	[65]	καὶ	_	_
1.3	1023	[10]	τὴν	_	_
1.3	1024	[2]	ἐπίδοσιν	_	_
1.3	1025	[4]	δηλονότι	_	_
1.3	1026	[66]	καὶ	_	_
1.3	1027	[11]	τὴν	_	_
1.3	1028	[2]	ἀρχὴν	_	_
1.3	1029	[23]	τοῦ	_	_
1.3	1030	[5]	νοσήματος	_	_
1.3	1031	[3]	οὐκ	_	_
1.3	1032	[2]	ἐπειδὰν	_	_
1.3	1033	[1]	συμπληρωθῇ	_	_
1.3	1034	[96]	,	b	_
1.3	1035	[1]	τότε	_	_
1.3	1036	[2]	γνωρίζειν	_	_
1.3	1037	[97]	,	b	_
1.3	1038	[4]	ἀλλ	_	_
1.3	1039	[16]	’	b	_
1.3	1040	[7]	ἐκ	_	_
1.3	1041	[1]	πολλοῦ	_	_
1.3	1042	[5]	χρόνου	_	_
1.3	1043	[1]	προγινώσκειν	_	_
1.3	1044	[1]	ἄμεινον	_	_
1.3	1045	[3]	ἂν	_	_
1.3	1046	[1]	ᾖ	_	_
1.3	1047	[35]	.	b	_
1.4	1	[1]	Καίτοι	_	_
1.4	2	[1]	γε	_	_
1.4	3	[1]	τὴν	_	_
1.4	4	[1]	ἀρχὴν	_	_
1.4	5	[1]	τοῦ	_	_
1.4	6	[1]	νοσήματος	_	_
1.4	7	[1]	οὐδὲ	_	_
1.4	8	[1]	παροῦσαν	_	_
1.4	9	[1]	ὁρῶ	_	_
1.4	10	[1]	διαγινώσκοντας	_	_
1.4	11	[1]	τοὺς	_	_
1.4	12	[1]	πλείστους	_	_
1.4	13	[1]	τῶν	_	_
1.4	14	[1]	ἰατρῶν	_	_
1.4	15	[1]	·	b	_
1.4	16	[1]	ὥσπερ	_	_
1.4	17	[2]	οὐδὲ	_	_
1.4	18	[1]	τὸν	_	_
1.4	19	[1]	θαυμασιώτατον	_	_
1.4	20	[1]	Θεσσαλὸν	_	_
1.4	21	[1]	,	b	_
1.4	22	[1]	ὃς	_	_
1.4	23	[1]	ἐν	_	_
1.4	24	[1]	μὲν	_	_
1.4	25	[1]	ταῖς	_	_
1.4	26	[1]	ἀρχαῖς	_	_
1.4	27	[1]	στέλλειν	_	_
1.4	28	[1]	παρακελεύεται	_	_
1.4	29	[2]	,	b	_
1.4	30	[1]	κᾂν	_	_
1.4	31	[1]	στεγνὸν	_	_
1.4	32	[1]	ᾖ	_	_
1.4	33	[1]	τὸ	_	_
1.4	34	[1]	νόσημα	_	_
1.4	35	[1]	καὶ	_	_
1.4	36	[1]	χαλάσεως	_	_
1.4	37	[1]	ὅσον	_	_
1.4	38	[1]	ἐφ	_	_
1.4	39	[1]	’	b	_
1.4	40	[1]	ἑαυτῷ	_	_
1.4	41	[1]	δεόμενον	_	_
1.4	42	[1]	.	b	_
1.4	43	[1]	ὅπως	_	_
1.4	44	[1]	δ	_	_
1.4	45	[2]	’	b	_
1.4	46	[1]	ἄν	_	_
1.4	47	[1]	τις	_	_
1.4	48	[1]	αὐτὴν	_	_
1.4	49	[1]	γνωρίζοι	_	_
1.4	50	[3]	,	b	_
1.4	51	[1]	καθάπερ	_	_
1.4	52	[1]	τι	_	_
1.4	53	[1]	σαφέστατον	_	_
1.4	54	[1]	ὑπάρχον	_	_
1.4	55	[4]	,	b	_
1.4	56	[1]	οὐδ	_	_
1.4	57	[3]	’	b	_
1.4	58	[1]	ἐπεχείρησεν	_	_
1.4	59	[1]	εἰπεῖν	_	_
1.4	60	[2]	.	b	_
1.4	61	[1]	ἔχει	_	_
1.4	62	[2]	δ	_	_
1.4	63	[4]	’	b	_
1.4	64	[1]	ἀπορίαν	_	_
1.4	65	[1]	οὐ	_	_
1.4	66	[1]	σμικράν	_	_
1.4	67	[3]	.	b	_
1.4	68	[1]	εἰ	_	_
1.4	69	[2]	μὲν	_	_
1.4	70	[1]	γὰρ	_	_
1.4	71	[2]	τὴν	_	_
1.4	72	[1]	πρώτην	_	_
1.4	73	[1]	ἀκριβῶς	_	_
1.4	74	[1]	εἰσβολὴν	_	_
1.4	75	[2]	ἀρχὴν	_	_
1.4	76	[1]	τίθεσθαι	_	_
1.4	77	[1]	προσήκει	_	_
1.4	78	[2]	τοῦ	_	_
1.4	79	[1]	σύμπαντος	_	_
1.4	80	[2]	νοσήματος	_	_
1.4	81	[5]	,	b	_
1.4	82	[1]	ἀμερής	_	_
1.4	83	[1]	ἐστιν	_	_
1.4	84	[1]	αὐτὴ	_	_
1.4	85	[2]	καὶ	_	_
1.4	86	[1]	ἄχρονος	_	_
1.4	87	[4]	.	b	_
1.4	88	[2]	εἰ	_	_
1.4	89	[1]	δὲ	_	_
1.4	90	[2]	τὸν	_	_
1.4	91	[1]	πρῶτον	_	_
1.4	92	[1]	παροξυσμὸν	_	_
1.4	93	[6]	,	b	_
1.4	94	[1]	ἴσμεν	_	_
1.4	95	[1]	τοῦτον	_	_
1.4	96	[1]	ἐνίοτε	_	_
1.4	97	[1]	τήν	_	_
1.4	98	[1]	τε	_	_
1.4	99	[1]	ἐπίδοσιν	_	_
1.4	100	[1]	ὅλην	_	_
1.4	101	[3]	καὶ	_	_
1.4	102	[3]	τὴν	_	_
1.4	103	[1]	ἀκμὴν	_	_
1.4	104	[2]	ἐν	_	_
1.4	105	[2]	ἑαυτῷ	_	_
1.4	106	[1]	περιλαμβάνοντα	_	_
1.4	107	[7]	,	b	_
1.4	108	[1]	πρὸς	_	_
1.4	109	[1]	τῷ	_	_
1.4	110	[4]	καὶ	_	_
1.4	111	[1]	ἀλογώτατον	_	_
1.4	112	[1]	εἶναι	_	_
1.4	113	[2]	τήν	_	_
1.4	114	[2]	τε	_	_
1.4	115	[3]	ἐν	_	_
1.4	116	[1]	ἑπτὰ	_	_
1.4	117	[2]	ταῖς	_	_
1.4	118	[1]	πάσαις	_	_
1.4	119	[1]	ἡμέραις	_	_
1.4	120	[1]	λυθησομένην	_	_
1.4	121	[1]	νόσον	_	_
1.4	122	[5]	καὶ	_	_
1.4	123	[4]	τὴν	_	_
1.4	124	[1]	εἰς	_	_
1.4	125	[1]	μῆνας	_	_
1.4	126	[1]	ἕξ	_	_
1.4	127	[1]	ἐκταθησομένην	_	_
1.4	128	[6]	καὶ	_	_
1.4	129	[1]	συμπάσας	_	_
1.4	130	[1]	τὰς	_	_
1.4	131	[1]	μεταξὺ	_	_
1.4	132	[3]	τὸν	_	_
1.4	133	[2]	πρῶτον	_	_
1.4	134	[1]	μόνον	_	_
1.4	135	[2]	παροξυσμὸν	_	_
1.4	136	[1]	ἔχειν	_	_
1.4	137	[1]	ἀρχήν	_	_
1.4	138	[5]	.	b	_
1.4	139	[1]	ὡς	_	_
1.4	140	[2]	γὰρ	_	_
1.4	141	[2]	οὐδ	_	_
1.4	142	[5]	’	b	_
1.4	143	[2]	ἐπίδοσιν	_	_
1.4	144	[8]	,	b	_
1.4	145	[3]	οὐδ	_	_
1.4	146	[6]	’	b	_
1.4	147	[2]	ἀκμὴν	_	_
1.4	148	[9]	,	b	_
1.4	149	[1]	ἢ	_	_
1.4	150	[1]	παρακμὴν	_	_
1.4	151	[1]	ἰσόχρονον	_	_
1.4	152	[1]	ἅπαντα	_	_
1.4	153	[1]	κέκτηται	_	_
1.4	154	[1]	τὰ	_	_
1.4	155	[1]	νοσήματα	_	_
1.4	156	[10]	,	b	_
1.4	157	[1]	κατὰ	_	_
1.4	158	[4]	τὸν	_	_
1.4	159	[1]	αὐτὸν	_	_
1.4	160	[11]	,	b	_
1.4	161	[1]	οἶμαι	_	_
1.4	162	[12]	,	b	_
1.4	163	[1]	τρόπον	_	_
1.4	164	[4]	οὐδ	_	_
1.4	165	[7]	’	b	_
1.4	166	[2]	ἀρχήν	_	_
1.4	167	[6]	.	b	_
1.4	168	[2]	οὐ	_	_
1.4	169	[1]	μὴν	_	_
1.4	170	[3]	οὐδὲ	_	_
1.4	171	[5]	τὸν	_	_
1.4	172	[3]	πρῶτον	_	_
1.4	173	[1]	ὑπερβάς	_	_
1.4	174	[2]	τις	_	_
1.4	175	[3]	παροξυσμὸν	_	_
1.4	176	[13]	,	b	_
1.4	177	[1]	εἶθ	_	_
1.4	178	[8]	’	b	_
1.4	179	[1]	ἕξει	_	_
1.4	180	[1]	τοι	_	_
1.4	181	[1]	περιγράψαι	_	_
1.4	182	[5]	τὴν	_	_
1.4	183	[3]	ἀρχήν	_	_
1.4	184	[7]	.	b	_
1.4	185	[3]	εἰ	_	_
1.4	186	[3]	γὰρ	_	_
1.4	187	[1]	ὁ	_	_
1.4	188	[1]	δεύτερος	_	_
1.4	189	[1]	εὐθὺς	_	_
1.4	190	[1]	διαδέχοιτο	_	_
1.4	191	[2]	τὰ	_	_
1.4	192	[1]	τῆς	_	_
1.4	193	[1]	αὐξήσεως	_	_
1.4	194	[1]	ἔχων	_	_
1.4	195	[1]	γνωρίσματα	_	_
1.4	196	[14]	,	b	_
1.4	197	[7]	καὶ	_	_
1.4	198	[1]	μετ	_	_
1.4	199	[9]	’	b	_
1.4	200	[2]	αὐτὸν	_	_
1.4	201	[2]	ὁ	_	_
1.4	202	[1]	τρίτος	_	_
1.4	203	[3]	τε	_	_
1.4	204	[8]	καὶ	_	_
1.4	205	[1]	τέταρτος	_	_
1.4	206	[15]	,	b	_
1.4	207	[1]	οἵ	_	_
1.4	208	[1]	τ	_	_
1.4	209	[10]	’	b	_
1.4	210	[1]	ἄλλοι	_	_
1.4	211	[1]	σύμπαντες	_	_
1.4	212	[1]	οἱ	_	_
1.4	213	[1]	ἐφεξῆς	_	_
1.4	214	[16]	,	b	_
1.4	215	[3]	ὁ	_	_
1.4	216	[6]	τὸν	_	_
1.4	217	[4]	πρῶτον	_	_
1.4	218	[4]	παροξυσμὸν	_	_
1.4	219	[1]	παραλιπὼν	_	_
1.4	220	[17]	,	b	_
1.4	221	[2]	ὡς	_	_
1.4	222	[1]	οὐκ	_	_
1.4	223	[3]	ἀρχὴν	_	_
1.4	224	[18]	,	b	_
1.4	225	[2]	ἢ	_	_
1.4	226	[1]	πάντα	_	_
1.4	227	[7]	τὸν	_	_
1.4	228	[2]	μεταξὺ	_	_
1.4	229	[1]	χρόνον	_	_
1.4	230	[19]	,	b	_
1.4	231	[1]	ἄχρι	_	_
1.4	232	[2]	τῆς	_	_
1.4	233	[1]	ἀκμῆς	_	_
1.4	234	[4]	ἀρχὴν	_	_
1.4	235	[2]	εἶναι	_	_
1.4	236	[1]	φήσειε	_	_
1.4	237	[20]	,	b	_
1.4	238	[9]	καὶ	_	_
1.4	239	[1]	οὕτως	_	_
1.4	240	[1]	ἀπόλλυται	_	_
1.4	241	[1]	παντάπασιν	_	_
1.4	242	[1]	ἡ	_	_
1.4	243	[1]	ἀνάβασις	_	_
1.4	244	[21]	,	b	_
1.4	245	[3]	ἢ	_	_
1.4	246	[1]	ποῖ	_	_
1.4	247	[5]	πρῶτον	_	_
1.4	248	[1]	παύσει	_	_
1.4	249	[6]	τὴν	_	_
1.4	250	[5]	ἀρχὴν	_	_
1.4	251	[2]	οὐκ	_	_
1.4	252	[1]	ἔθ	_	_
1.4	253	[11]	’	b	_
1.4	254	[2]	ἕξει	_	_
1.4	255	[1]	λέγειν	_	_
1.4	256	[8]	.	b	_
1.4	257	[1]	τίς	_	_
1.4	258	[1]	οὖν	_	_
1.4	259	[2]	ἡ	_	_
1.4	260	[3]	τῆς	_	_
1.4	261	[1]	ἀπορίας	_	_
1.4	262	[1]	ἴασις	_	_
1.4	263	[1]	;	b	_
1.4	264	[4]	εἰ	_	_
1.4	265	[3]	μὲν	_	_
1.4	266	[1]	ἐκμανθάνειν	_	_
1.4	267	[1]	ἐβούλοντο	_	_
1.4	268	[3]	τὰ	_	_
1.4	269	[2]	πρὸς	_	_
1.4	270	[1]	Ἱπποκράτους	_	_
1.4	271	[1]	γεγραμμένα	_	_
1.4	272	[1]	σημεῖα	_	_
1.4	273	[22]	,	b	_
1.4	274	[1]	ταχεῖα	_	_
1.4	275	[1]	ἂν	_	_
1.4	276	[1]	ἐγένετο	_	_
1.4	277	[3]	ἡ	_	_
1.4	278	[1]	διδασκαλία	_	_
1.4	279	[9]	.	b	_
1.4	280	[1]	νυνὶ	_	_
1.4	281	[2]	δὲ	_	_
1.4	282	[3]	πρὸς	_	_
1.4	283	[2]	τῷ	_	_
1.4	284	[1]	μὴ	_	_
1.4	285	[1]	βούλεσθαι	_	_
1.4	286	[1]	μαθεῖν	_	_
1.4	287	[4]	τὰ	_	_
1.4	288	[4]	πρὸς	_	_
1.4	289	[2]	Ἱπποκράτους	_	_
1.4	290	[2]	γεγραμμένα	_	_
1.4	291	[1]	ὀρθῶς	_	_
1.4	292	[23]	,	b	_
1.4	293	[1]	ἔτι	_	_
1.4	294	[4]	τε	_	_
1.4	295	[10]	καὶ	_	_
1.4	296	[1]	διαβάλλειν	_	_
1.4	297	[1]	ἐπιχειροῦσιν	_	_
1.4	298	[24]	,	b	_
1.4	299	[2]	ἂν	_	_
1.4	300	[2]	μὴ	_	_
1.4	301	[1]	γινώσκουσιν	_	_
1.4	302	[10]	.	b	_
1.4	303	[1]	ἀλλ	_	_
1.4	304	[12]	’	b	_
1.4	305	[1]	ἐκείνοις	_	_
1.4	306	[4]	μὲν	_	_
1.4	307	[1]	ἀδύνατος	_	_
1.4	308	[4]	ἡ	_	_
1.4	309	[1]	﻿	_	_
1.4	310	[4]	τῆς	_	_
1.4	311	[1]	ἀμαθίας	_	_
1.4	312	[2]	ἴασις	_	_
1.4	313	[25]	,	b	_
1.4	314	[1]	ἡμῖν	_	_
1.4	315	[3]	δ	_	_
1.4	316	[13]	’	b	_
1.4	317	[1]	εὔπορος	_	_
1.4	318	[11]	.	b	_
1.4	319	[1]	τοῦτο	_	_
1.4	320	[4]	γὰρ	_	_
1.4	321	[1]	παροξυσμοὺς	_	_
1.4	322	[26]	,	b	_
1.4	323	[1]	φησὶ	_	_
1.4	324	[27]	,	b	_
1.4	325	[11]	καὶ	_	_
1.4	326	[2]	τὰς	_	_
1.4	327	[1]	καταστάσιας	_	_
1.4	328	[1]	δηλώσουσιν	_	_
1.4	329	[1]	αἱ	_	_
1.4	330	[1]	νοῦσοι	_	_
1.4	331	[12]	καὶ	_	_
1.4	332	[2]	αἱ	_	_
1.4	333	[1]	ὧραι	_	_
1.4	334	[3]	τοῦ	_	_
1.4	335	[1]	ἔτεος	_	_
1.4	336	[13]	καὶ	_	_
1.4	337	[3]	αἱ	_	_
1.4	338	[2]	τῶν	_	_
1.4	339	[1]	περιόδων	_	_
1.4	340	[5]	πρὸς	_	_
1.4	341	[1]	ἀλλήλας	_	_
1.4	342	[1]	ἐπιδόσιες	_	_
1.4	343	[12]	.	b	_
1.4	344	[1]	ὅτι	_	_
1.4	345	[5]	μὲν	_	_
1.4	346	[1]	δὴ	_	_
1.4	347	[1]	καταστάσιες	_	_
1.4	348	[3]	τῶν	_	_
1.4	349	[1]	νοσημάτων	_	_
1.4	350	[3]	τὰς	_	_
1.4	351	[1]	οἷον	_	_
1.4	352	[1]	ἰδέας	_	_
1.4	353	[1]	αὐτῶν	_	_
1.4	354	[1]	ὀνομάζει	_	_
1.4	355	[28]	,	b	_
1.4	356	[1]	καθ	_	_
1.4	357	[14]	’	b	_
1.4	358	[1]	ἃς	_	_
1.4	359	[1]	ἐκ	_	_
1.4	360	[1]	τοιῶνδε	_	_
1.4	361	[14]	καὶ	_	_
1.4	362	[1]	τηλίκωνδε	_	_
1.4	363	[1]	σύγκειται	_	_
1.4	364	[4]	τῶν	_	_
1.4	365	[1]	καθόλου	_	_
1.4	366	[1]	καιρῶν	_	_
1.4	367	[29]	,	b	_
1.4	368	[4]	ἐν	_	_
1.4	369	[1]	ἐλαχίστῳ	_	_
1.4	370	[1]	μάλιστ	_	_
1.4	371	[15]	’	b	_
1.4	372	[2]	ἄν	_	_
1.4	373	[3]	τις	_	_
1.4	374	[1]	τῷδε	_	_
1.4	375	[3]	τῷ	_	_
1.4	376	[1]	τεκμηρίῳ	_	_
1.4	377	[1]	καταμάθοι	_	_
1.4	378	[13]	.	b	_
1.4	379	[1]	προειπὼν	_	_
1.4	380	[5]	γὰρ	_	_
1.4	381	[5]	ἐν	_	_
1.4	382	[4]	τῷ	_	_
1.4	383	[1]	πρώτῳ	_	_
1.4	384	[5]	τῶν	_	_
1.4	385	[1]	ἐπιδημιῶν	_	_
1.4	386	[2]	·	b	_
1.4	387	[1]	εἰσὶ	_	_
1.4	388	[3]	δὲ	_	_
1.4	389	[1]	ἤδη	_	_
1.4	390	[1]	τρόποι	_	_
1.4	391	[15]	καὶ	_	_
1.4	392	[2]	καταστάσιες	_	_
1.4	393	[16]	καὶ	_	_
1.4	394	[1]	παροξυσμοὶ	_	_
1.4	395	[1]	τουτέων	_	_
1.4	396	[1]	ἑκάστῳ	_	_
1.4	397	[6]	τῶν	_	_
1.4	398	[1]	πυρετῶν	_	_
1.4	399	[30]	,	b	_
1.4	400	[2]	ἐφεξῆς	_	_
1.4	401	[1]	φησι	_	_
1.4	402	[3]	·	b	_
1.4	403	[1]	αὐτίκα	_	_
1.4	404	[6]	γὰρ	_	_
1.4	405	[1]	συνεχής	_	_
1.4	406	[2]	ἐστιν	_	_
1.4	407	[1]	οἷσιν	_	_
1.4	408	[1]	ἀρχόμενος	_	_
1.4	409	[1]	ἀνθεῖ	_	_
1.4	410	[17]	καὶ	_	_
1.4	411	[1]	ἀκμάζει	_	_
1.4	412	[31]	,	b	_
1.4	413	[1]	μάλιστα	_	_
1.4	414	[18]	καὶ	_	_
1.4	415	[1]	ἀνάγει	_	_
1.4	416	[1]	ἐπὶ	_	_
1.4	417	[2]	τὸ	_	_
1.4	418	[1]	χαλεπώτερον	_	_
1.4	419	[14]	.	b	_
1.4	420	[1]	περὶ	_	_
1.4	421	[4]	δὲ	_	_
1.4	422	[1]	κρίσιν	_	_
1.4	423	[19]	καὶ	_	_
1.4	424	[1]	ἅμα	_	_
1.4	425	[1]	κρίσει	_	_
1.4	426	[1]	ἀπολεπτύνεται	_	_
1.4	427	[15]	.	b	_
1.4	428	[1]	ἔστι	_	_
1.4	429	[4]	δ	_	_
1.4	430	[16]	’	b	_
1.4	431	[2]	οἷσιν	_	_
1.4	432	[1]	ἄρχηται	_	_
1.4	433	[32]	,	b	_
1.4	434	[1]	μαλθακός	_	_
1.4	435	[5]	τε	_	_
1.4	436	[20]	καὶ	_	_
1.4	437	[1]	ὑποβρύχιος	_	_
1.4	438	[16]	.	b	_
1.4	439	[1]	ἐπαναδιδοῖ	_	_
1.4	440	[5]	δὲ	_	_
1.4	441	[21]	καὶ	_	_
1.4	442	[1]	παροξύνεται	_	_
1.4	443	[2]	καθ	_	_
1.4	444	[17]	’	b	_
1.4	445	[1]	ἑκάστην	_	_
1.4	446	[1]	ἡμέραν	_	_
1.4	447	[17]	.	b	_
1.4	448	[2]	περὶ	_	_
1.4	449	[6]	δὲ	_	_
1.4	450	[2]	κρίσιν	_	_
1.4	451	[1]	ἅλις	_	_
1.4	452	[1]	ἐξέλαμψε	_	_
1.4	453	[33]	,	b	_
1.4	454	[1]	σαφῶς	_	_
1.4	455	[1]	ἐνδεικνύμενος	_	_
1.4	456	[3]	ὡς	_	_
1.4	457	[7]	τὴν	_	_
1.4	458	[2]	ἐκ	_	_
1.4	459	[7]	τῶν	_	_
1.4	460	[1]	ὅλων	_	_
1.4	461	[4]	τοῦ	_	_
1.4	462	[3]	νοσήματος	_	_
1.4	463	[2]	καιρῶν	_	_
1.4	464	[1]	ποιὰν	_	_
1.4	465	[1]	σύνθεσιν	_	_
1.4	466	[2]	ὀνομάζει	_	_
1.4	467	[1]	κατάστασιν	_	_
1.4	468	[18]	.	b	_
1.4	469	[2]	ὅπως	_	_
1.4	470	[2]	οὖν	_	_
1.4	471	[4]	αἱ	_	_
1.4	472	[1]	νόσοι	_	_
1.4	473	[22]	καὶ	_	_
1.4	474	[2]	ὧραι	_	_
1.4	475	[5]	τοῦ	_	_
1.4	476	[1]	ἔτους	_	_
1.4	477	[23]	καὶ	_	_
1.4	478	[8]	τῶν	_	_
1.4	479	[2]	περιόδων	_	_
1.4	480	[6]	πρὸς	_	_
1.4	481	[2]	ἀλλήλας	_	_
1.4	482	[1]	ἐπιδόσεις	_	_
1.4	483	[1]	ἐπιδείξονται	_	_
1.4	484	[2]	τοὺς	_	_
1.4	485	[2]	καθόλου	_	_
1.4	486	[1]	καιροὺς	_	_
1.4	487	[6]	τοῦ	_	_
1.4	488	[4]	νοσήματος	_	_
1.4	489	[1]	:	b	_
1.4	490	[6]	ἐν	_	_
1.4	491	[1]	τούτῳ	_	_
1.4	492	[1]	γάρ	_	_
1.4	493	[1]	ἐσμεν	_	_
1.4	494	[5]	τῷ	_	_
1.4	495	[1]	ζητήματι	_	_
1.4	496	[4]	·	b	_
1.4	497	[1]	τεταρταῖος	_	_
1.4	498	[6]	μὲν	_	_
1.4	499	[2]	γάρ	_	_
1.4	500	[4]	τις	_	_
1.4	501	[1]	πυρετὸς	_	_
1.4	502	[1]	εἰσβάλλων	_	_
1.4	503	[3]	οὐκ	_	_
1.4	504	[3]	ἂν	_	_
1.4	505	[8]	τὸν	_	_
1.4	506	[6]	πρῶτον	_	_
1.4	507	[2]	μόνον	_	_
1.4	508	[1]	ἔχοι	_	_
1.4	509	[5]	παροξυσμὸν	_	_
1.4	510	[8]	τὴν	_	_
1.4	511	[6]	ἀρχὴν	_	_
1.4	512	[34]	,	b	_
1.4	513	[2]	ὥσπερ	_	_
1.4	514	[4]	οὐδὲ	_	_
1.4	515	[1]	τριταῖος	_	_
1.4	516	[1]	ἀκριβὴς	_	_
1.4	517	[35]	,	b	_
1.4	518	[1]	ἕως	_	_
1.4	519	[5]	τῆς	_	_
1.4	520	[1]	ἑβδόμης	_	_
1.4	521	[1]	ἡμέρας	_	_
1.4	522	[1]	ἄρχεσθαι	_	_
1.4	523	[1]	δύναται	_	_
1.4	524	[19]	.	b	_
1.4	525	[2]	κατὰ	_	_
1.4	526	[7]	δὲ	_	_
1.4	527	[5]	τὰ	_	_
1.4	528	[1]	αὐτὰ	_	_
1.4	529	[1]	ταῦτα	_	_
1.4	530	[24]	καὶ	_	_
1.4	531	[3]	περὶ	_	_
1.4	532	[9]	τῶν	_	_
1.4	533	[1]	ἄλλων	_	_
1.4	534	[2]	νοσημάτων	_	_
1.4	535	[1]	γινώσκειν	_	_
1.4	536	[20]	.	b	_
1.4	537	[1]	καῦσος	_	_
1.4	538	[7]	μὲν	_	_
1.4	539	[7]	γὰρ	_	_
1.4	540	[25]	καὶ	_	_
1.4	541	[1]	πλευρῖτις	_	_
1.4	542	[26]	καὶ	_	_
1.4	543	[1]	περιπνευμονία	_	_
1.4	544	[1]	βραχυχρόνιον	_	_
1.4	545	[1]	ἔχουσι	_	_
1.4	546	[9]	τὴν	_	_
1.4	547	[4]	ἀρχήν	_	_
1.4	548	[5]	·	b	_
1.4	549	[1]	ἐπιληψίαι	_	_
1.4	550	[8]	δὲ	_	_
1.4	551	[27]	καὶ	_	_
1.4	552	[1]	ἰσχιάδες	_	_
1.4	553	[28]	καὶ	_	_
1.4	554	[1]	ἀρθρίτιδες	_	_
1.4	555	[29]	καὶ	_	_
1.4	556	[1]	νεφρίτιδες	_	_
1.4	557	[1]	πολυχρόνιον	_	_
1.4	558	[21]	.	b	_
1.4	559	[2]	οὕτως	_	_
1.4	560	[8]	μὲν	_	_
1.4	561	[1]	ἀπὸ	_	_
1.4	562	[10]	τῶν	_	_
1.4	563	[3]	νοσημάτων	_	_
1.4	564	[2]	αὐτῶν	_	_
1.4	565	[6]	·	b	_
1.4	566	[2]	ἀπὸ	_	_
1.4	567	[9]	δὲ	_	_
1.4	568	[11]	τῶν	_	_
1.4	569	[1]	ὡρῶν	_	_
1.4	570	[7]	τοῦ	_	_
1.4	571	[2]	ἔτους	_	_
1.4	572	[3]	οὕτως	_	_
1.4	573	[22]	.	b	_
1.4	574	[2]	οἱ	_	_
1.4	575	[1]	θερινοὶ	_	_
1.4	576	[1]	τεταρταῖοι	_	_
1.4	577	[4]	ὡς	_	_
1.4	578	[6]	τὰ	_	_
1.4	579	[1]	πολλὰ	_	_
1.4	580	[1]	γίνονται	_	_
1.4	581	[1]	βραχέες	_	_
1.4	582	[7]	·	b	_
1.4	583	[3]	οἱ	_	_
1.4	584	[10]	δὲ	_	_
1.4	585	[1]	φθινοπωρινοὶ	_	_
1.4	586	[1]	μακροὶ	_	_
1.4	587	[36]	,	b	_
1.4	588	[30]	καὶ	_	_
1.4	589	[1]	μᾶλλον	_	_
1.4	590	[4]	οἱ	_	_
1.4	591	[7]	πρὸς	_	_
1.4	592	[9]	τὸν	_	_
1.4	593	[1]	χειμῶνα	_	_
1.4	594	[1]	συνάπτοντες	_	_
1.4	595	[23]	.	b	_
1.4	596	[4]	οὕτως	_	_
1.4	597	[11]	δὲ	_	_
1.4	598	[31]	καὶ	_	_
1.4	599	[1]	πᾶν	_	_
1.4	600	[1]	ἄλλο	_	_
1.4	601	[2]	νόσημα	_	_
1.4	602	[1]	θέρους	_	_
1.4	603	[9]	μὲν	_	_
1.4	604	[1]	ὀξύτερον	_	_
1.4	605	[37]	,	b	_
1.4	606	[1]	χειμῶνος	_	_
1.4	607	[12]	δὲ	_	_
1.4	608	[1]	χρονιώτερον	_	_
1.4	609	[1]	κρίνεται	_	_
1.4	610	[24]	.	b	_
1.4	611	[32]	καὶ	_	_
1.4	612	[1]	δῆλον	_	_
1.4	613	[2]	ὅτι	_	_
1.4	614	[33]	καὶ	_	_
1.4	615	[10]	τὴν	_	_
1.4	616	[7]	ἀρχὴν	_	_
1.4	617	[7]	ἐν	_	_
1.4	618	[1]	θέρει	_	_
1.4	619	[10]	μὲν	_	_
1.4	620	[1]	ὀλιγοχρονιωτέραν	_	_
1.4	621	[38]	,	b	_
1.4	622	[8]	ἐν	_	_
1.4	623	[1]	χειμῶνι	_	_
1.4	624	[13]	δὲ	_	_
1.4	625	[3]	ἕξει	_	_
1.4	626	[1]	μακροτέραν	_	_
1.4	627	[39]	,	b	_
1.4	628	[1]	ἀνάλογον	_	_
1.4	629	[14]	δὲ	_	_
1.4	630	[1]	ταύτῃ	_	_
1.4	631	[34]	καὶ	_	_
1.4	632	[3]	τοὺς	_	_
1.4	633	[1]	ἄλλους	_	_
1.4	634	[2]	καιροὺς	_	_
1.4	635	[8]	τοῦ	_	_
1.4	636	[5]	νοσήματος	_	_
1.4	637	[25]	.	b	_
1.4	638	[5]	οὕτως	_	_
1.4	639	[11]	μὲν	_	_
1.4	640	[8]	γὰρ	_	_
1.4	641	[35]	καὶ	_	_
1.4	642	[3]	ὧραι	_	_
1.4	643	[9]	τοῦ	_	_
1.4	644	[3]	ἔτους	_	_
1.4	645	[11]	τὴν	_	_
1.4	646	[2]	κατάστασιν	_	_
1.4	647	[12]	τῶν	_	_
1.4	648	[4]	νοσημάτων	_	_
1.4	649	[1]	προμηνύουσιν	_	_
1.4	650	[26]	.	b	_
1.4	651	[5]	αἱ	_	_
1.4	652	[15]	δὲ	_	_
1.4	653	[13]	τῶν	_	_
1.4	654	[1]	παροξυσμῶν	_	_
1.4	655	[2]	ἐπιδόσεις	_	_
1.4	656	[6]	οὕτως	_	_
1.4	657	[27]	.	b	_
1.4	658	[1]	ἀλλήλοις	_	_
1.4	659	[2]	φησὶ	_	_
1.4	660	[1]	χρῆναι	_	_
1.4	661	[1]	παραβάλλειν	_	_
1.4	662	[4]	τοὺς	_	_
1.4	663	[2]	παροξυσμοὺς	_	_
1.4	664	[40]	,	b	_
1.4	665	[5]	εἰ	_	_
1.4	666	[2]	ἐπὶ	_	_
1.4	667	[3]	τὸ	_	_
1.4	668	[1]	πρωϊαίτερον	_	_
1.4	669	[41]	,	b	_
1.4	670	[4]	ἢ	_	_
1.4	671	[1]	οὒ	_	_
1.4	672	[42]	,	b	_
1.4	673	[36]	καὶ	_	_
1.4	674	[6]	εἰ	_	_
1.4	675	[3]	ἐπὶ	_	_
1.4	676	[1]	πλείονα	_	_
1.4	677	[2]	χρόνον	_	_
1.4	678	[43]	,	b	_
1.4	679	[5]	ἢ	_	_
1.4	680	[2]	οὒ	_	_
1.4	681	[44]	,	b	_
1.4	682	[37]	καὶ	_	_
1.4	683	[7]	εἰ	_	_
1.4	684	[2]	μᾶλλον	_	_
1.4	685	[45]	,	b	_
1.4	686	[6]	ἢ	_	_
1.4	687	[1]	οὔ	_	_
1.4	688	[28]	.	b	_
1.4	689	[2]	ταῦτα	_	_
1.4	690	[9]	γὰρ	_	_
1.4	691	[2]	ἅπαντα	_	_
1.4	692	[1]	συνθεὶς	_	_
1.4	693	[1]	ἐγγυτέρω	_	_
1.4	694	[6]	τῆς	_	_
1.4	695	[1]	ἀκριβοῦς	_	_
1.4	696	[1]	ἀφίξῃ	_	_
1.4	697	[1]	διαγνώσεως	_	_
1.4	698	[29]	.	b	_
1.4	699	[8]	εἰ	_	_
1.4	700	[16]	δὲ	_	_
1.4	701	[1]	μηδὲν	_	_
1.4	702	[3]	αὐτῶν	_	_
1.4	703	[1]	ἐπισκεψάμενος	_	_
1.4	704	[1]	οἴει	_	_
1.4	705	[1]	δύνασθαι	_	_
1.4	706	[1]	γνωρίζειν	_	_
1.4	707	[8]	ἀρχὴν	_	_
1.4	708	[6]	νοσήματος	_	_
1.4	709	[46]	,	b	_
1.4	710	[7]	ἢ	_	_
1.4	711	[1]	διορίζειν	_	_
1.4	712	[1]	ἀναβάσεως	_	_
1.4	713	[47]	,	b	_
1.4	714	[4]	οὐκ	_	_
1.4	715	[4]	ἂν	_	_
1.4	716	[5]	οὐδ	_	_
1.4	717	[18]	’	b	_
1.4	718	[1]	ἐγγύς	_	_
1.4	719	[1]	ποτε	_	_
1.4	720	[7]	τῆς	_	_
1.4	721	[1]	ἀληθείας	_	_
1.4	722	[1]	ἀφίκοιο	_	_
1.4	723	[30]	.	b	_
1.5	1	[1]	Ἆρ	_	_
1.5	2	[1]	’	b	_
1.5	3	[1]	οὖν	_	_
1.5	4	[1]	ἱκανὰ	_	_
1.5	5	[1]	ταῦτά	_	_
1.5	6	[1]	ἐστι	_	_
1.5	7	[1]	πρὸς	_	_
1.5	8	[1]	τὴν	_	_
1.5	9	[1]	ἀκριβῆ	_	_
1.5	10	[1]	τῶν	_	_
1.5	11	[1]	καιρῶν	_	_
1.5	12	[1]	τῆς	_	_
1.5	13	[1]	νόσου	_	_
1.5	14	[1]	διάγνωσιν	_	_
1.5	15	[1]	;	b	_
1.5	16	[1]	οὐδαμῶς	_	_
1.5	17	[1]	.	b	_
1.5	18	[1]	ἀλλ	_	_
1.5	19	[2]	’	b	_
1.5	20	[1]	ἤδη	_	_
1.5	21	[1]	μέν	_	_
1.5	22	[1]	τινα	_	_
1.5	23	[1]	τεχνικὸν	_	_
1.5	24	[1]	ἔχοντα	_	_
1.5	25	[1]	στοχασμὸν	_	_
1.5	26	[1]	,	b	_
1.5	27	[1]	ἀκριβείας	_	_
1.5	28	[1]	δ	_	_
1.5	29	[3]	’	b	_
1.5	30	[1]	ἀπολιμπανόμενα	_	_
1.5	31	[1]	τοσοῦτον	_	_
1.5	32	[1]	ὅσον	_	_
1.5	33	[1]	τοῦ	_	_
1.5	34	[1]	μηδόλως	_	_
1.5	35	[1]	ὄντος	_	_
1.5	36	[1]	πλεονεκτεῖν	_	_
1.5	37	[2]	.	b	_
1.5	38	[1]	τί	_	_
1.5	39	[1]	δὴ	_	_
1.5	40	[1]	τούτοις	_	_
1.5	41	[1]	προστιθέμενον	_	_
1.5	42	[2]	ἀκριβῆ	_	_
1.5	43	[1]	ποιήσει	_	_
1.5	44	[2]	τὴν	_	_
1.5	45	[1]	πρόγνωσιν	_	_
1.5	46	[2]	,	b	_
1.5	47	[1]	ὅλον	_	_
1.5	48	[1]	ἀναγνοὺς	_	_
1.5	49	[1]	εἴσῃ	_	_
1.5	50	[1]	τὸν	_	_
1.5	51	[1]	ἀφορισμὸν	_	_
1.5	52	[1]	ᾧδέ	_	_
1.5	53	[1]	πως	_	_
1.5	54	[2]	ἔχοντα	_	_
1.5	55	[3]	.	b	_
1.5	56	[1]	τοὺς	_	_
1.5	57	[1]	παροξυσμοὺς	_	_
1.5	58	[1]	καὶ	_	_
1.5	59	[1]	τὰς	_	_
1.5	60	[1]	καταστάσιας	_	_
1.5	61	[1]	δηλοῦσιν	_	_
1.5	62	[1]	αἱ	_	_
1.5	63	[1]	νοῦσοι	_	_
1.5	64	[2]	καὶ	_	_
1.5	65	[2]	αἱ	_	_
1.5	66	[1]	ὧραι	_	_
1.5	67	[2]	τοῦ	_	_
1.5	68	[1]	ἔτεος	_	_
1.5	69	[3]	καὶ	_	_
1.5	70	[3]	αἱ	_	_
1.5	71	[2]	τῶν	_	_
1.5	72	[1]	περιόδων	_	_
1.5	73	[2]	πρὸς	_	_
1.5	74	[1]	ἀλλήλας	_	_
1.5	75	[1]	ἐπιδόσιες	_	_
1.5	76	[3]	,	b	_
1.5	77	[1]	ἤν	_	_
1.5	78	[1]	τε	_	_
1.5	79	[1]	καθ	_	_
1.5	80	[4]	’	b	_
1.5	81	[1]	ἡμέρην	_	_
1.5	82	[4]	,	b	_
1.5	83	[2]	ἤν	_	_
1.5	84	[2]	τε	_	_
1.5	85	[1]	παρ	_	_
1.5	86	[5]	’	b	_
1.5	87	[2]	ἡμέρην	_	_
1.5	88	[5]	,	b	_
1.5	89	[3]	ἤν	_	_
1.5	90	[3]	τε	_	_
1.5	91	[4]	καὶ	_	_
1.5	92	[1]	διὰ	_	_
1.5	93	[1]	πλείονος	_	_
1.5	94	[1]	χρόνου	_	_
1.5	95	[1]	γίνωνται	_	_
1.5	96	[4]	.	b	_
1.5	97	[1]	ἀτὰρ	_	_
1.5	98	[5]	καὶ	_	_
1.5	99	[1]	τοῖσιν	_	_
1.5	100	[1]	ἐπιφαινομένουσιν	_	_
1.5	101	[6]	,	b	_
1.5	102	[1]	οἷον	_	_
1.5	103	[1]	ἐν	_	_
1.5	104	[1]	πλευριτικοῖσι	_	_
1.5	105	[7]	,	b	_
1.5	106	[1]	πτύελον	_	_
1.5	107	[1]	αὐτίκα	_	_
1.5	108	[1]	ἢν	_	_
1.5	109	[1]	ἐπιφαίνηται	_	_
1.5	110	[8]	,	b	_
1.5	111	[1]	ἀρχομένου	_	_
1.5	112	[1]	μὲν	_	_
1.5	113	[1]	βραχύνει	_	_
1.5	114	[9]	,	b	_
1.5	115	[2]	ἢν	_	_
1.5	116	[1]	δὲ	_	_
1.5	117	[1]	ὕστερον	_	_
1.5	118	[2]	ἐπιφαίνηται	_	_
1.5	119	[10]	,	b	_
1.5	120	[1]	μηκύνει	_	_
1.5	121	[5]	.	b	_
1.5	122	[6]	καὶ	_	_
1.5	123	[1]	οὖρα	_	_
1.5	124	[7]	καὶ	_	_
1.5	125	[1]	ὑποχωρήματα	_	_
1.5	126	[8]	καὶ	_	_
1.5	127	[1]	ἱδρῶτες	_	_
1.5	128	[9]	καὶ	_	_
1.5	129	[1]	δύσκριτα	_	_
1.5	130	[10]	καὶ	_	_
1.5	131	[1]	εὔκριτα	_	_
1.5	132	[11]	καὶ	_	_
1.5	133	[1]	βραχέα	_	_
1.5	134	[12]	καὶ	_	_
1.5	135	[1]	μακρὰ	_	_
1.5	136	[1]	τὰ	_	_
1.5	137	[1]	νοσήματα	_	_
1.5	138	[1]	ἐπιφαινόμενα	_	_
1.5	139	[1]	δηλοῖ	_	_
1.5	140	[6]	.	b	_
1.5	141	[1]	ταῦτα	_	_
1.5	142	[2]	μὲν	_	_
1.5	143	[2]	ἐν	_	_
1.5	144	[1]	τοῖς	_	_
1.5	145	[1]	ἀφορισμοῖς	_	_
1.5	146	[7]	.	b	_
1.5	147	[3]	ἐν	_	_
1.5	148	[2]	δ	_	_
1.5	149	[6]	’	b	_
1.5	150	[1]	αὖ	_	_
1.5	151	[1]	τῷ	_	_
1.5	152	[1]	πρώτῳ	_	_
1.5	153	[3]	τῶν	_	_
1.5	154	[1]	ἐπιδημιῶν	_	_
1.5	155	[1]	πεπασμοὺς	_	_
1.5	156	[4]	τῶν	_	_
1.5	157	[1]	ἀπιόντων	_	_
1.5	158	[1]	εἶναί	_	_
1.5	159	[1]	φησι	_	_
1.5	160	[1]	πάντας	_	_
1.5	161	[1]	πάντοθεν	_	_
1.5	162	[1]	ἐπικαίρους	_	_
1.5	163	[13]	καὶ	_	_
1.5	164	[1]	καλὰς	_	_
1.5	165	[14]	καὶ	_	_
1.5	166	[1]	κρισίμους	_	_
1.5	167	[1]	ἀποστάσιας	_	_
1.5	168	[1]	σκοπέεσθαι	_	_
1.5	169	[8]	.	b	_
1.5	170	[1]	εἶτα	_	_
1.5	171	[1]	ἐπιφέρων	_	_
1.5	172	[1]	ἐρεῖ	_	_
1.5	173	[1]	·	b	_
1.5	174	[1]	πεπασμοὶ	_	_
1.5	175	[1]	ταχύτητα	_	_
1.5	176	[1]	κρίσιος	_	_
1.5	177	[15]	καὶ	_	_
1.5	178	[1]	ἀσφάλειαν	_	_
1.5	179	[1]	ὑγιείης	_	_
1.5	180	[1]	σημαίνουσι	_	_
1.5	181	[9]	.	b	_
1.5	182	[2]	ἀλλ	_	_
1.5	183	[7]	’	b	_
1.5	184	[1]	οἱ	_	_
1.5	185	[2]	πεπασμοὶ	_	_
1.5	186	[1]	δήπουθεν	_	_
1.5	187	[1]	οὗτοι	_	_
1.5	188	[1]	πάντες	_	_
1.5	189	[4]	ἐν	_	_
1.5	190	[2]	τοῖς	_	_
1.5	191	[1]	πεπαινομένοις	_	_
1.5	192	[11]	,	b	_
1.5	193	[1]	τοῦτ	_	_
1.5	194	[8]	’	b	_
1.5	195	[1]	ἔστιν	_	_
1.5	196	[5]	ἐν	_	_
1.5	197	[3]	τοῖς	_	_
1.5	198	[1]	πεττομένοις	_	_
1.5	199	[1]	εἰσί	_	_
1.5	200	[10]	.	b	_
1.5	201	[1]	τίνα	_	_
1.5	202	[2]	οὖν	_	_
1.5	203	[2]	ταῦτά	_	_
1.5	204	[1]	ἐστιν	_	_
1.5	205	[2]	;	b	_
1.5	206	[1]	οὐκ	_	_
1.5	207	[1]	ἄλλα	_	_
1.5	208	[1]	τινὰ	_	_
1.5	209	[1]	ἢ	_	_
1.5	210	[1]	ἅπερ	_	_
1.5	211	[1]	ὠνόμασεν	_	_
1.5	212	[2]	ἐπιφαινόμενα	_	_
1.5	213	[11]	.	b	_
1.5	214	[2]	τὰ	_	_
1.5	215	[3]	μὲν	_	_
1.5	216	[1]	γὰρ	_	_
1.5	217	[1]	ἴδια	_	_
1.5	218	[5]	τῶν	_	_
1.5	219	[1]	νοσημάτων	_	_
1.5	220	[1]	αὐτῶν	_	_
1.5	221	[1]	συμπτώματα	_	_
1.5	222	[1]	συνεισβάλλει	_	_
1.5	223	[1]	δήπου	_	_
1.5	224	[16]	καὶ	_	_
1.5	225	[1]	συνάρχεται	_	_
1.5	226	[12]	,	b	_
1.5	227	[3]	τὰ	_	_
1.5	228	[3]	δ	_	_
1.5	229	[9]	’	b	_
1.5	230	[2]	ἄλλα	_	_
1.5	231	[1]	πάντα	_	_
1.5	232	[1]	ἐπιφαίνεται	_	_
1.5	233	[12]	.	b	_
1.5	234	[2]	συνεισβάλλει	_	_
1.5	235	[4]	μὲν	_	_
1.5	236	[3]	οὖν	_	_
1.5	237	[1]	τῇ	_	_
1.5	238	[1]	πλευρίτιδι	_	_
1.5	239	[1]	πάντως	_	_
1.5	240	[1]	ὅ	_	_
1.5	241	[1]	τ	_	_
1.5	242	[10]	’	b	_
1.5	243	[1]	ὀξὺς	_	_
1.5	244	[1]	πυρετὸς	_	_
1.5	245	[17]	καὶ	_	_
1.5	246	[1]	τὸ	_	_
1.5	247	[2]	τῆς	_	_
1.5	248	[1]	πλευρᾶς	_	_
1.5	249	[1]	ἄλγημα	_	_
1.5	250	[2]	τὸ	_	_
1.5	251	[1]	νυγματῶδες	_	_
1.5	252	[13]	,	b	_
1.5	253	[1]	ἥ	_	_
1.5	254	[4]	τε	_	_
1.5	255	[1]	δύσπνοια	_	_
1.5	256	[18]	καὶ	_	_
1.5	257	[1]	ἡ	_	_
1.5	258	[1]	βήξ	_	_
1.5	259	[13]	.	b	_
1.5	260	[2]	ἐπιφαίνεται	_	_
1.5	261	[2]	δὲ	_	_
1.5	262	[4]	τὰ	_	_
1.5	263	[5]	μὲν	_	_
1.5	264	[1]	ὡς	_	_
1.5	265	[2]	ἴδια	_	_
1.5	266	[3]	τοῦ	_	_
1.5	267	[1]	νοσήματος	_	_
1.5	268	[1]	αὐτοῦ	_	_
1.5	269	[14]	,	b	_
1.5	270	[5]	τὰ	_	_
1.5	271	[4]	δ	_	_
1.5	272	[11]	’	b	_
1.5	273	[2]	ὡς	_	_
1.5	274	[1]	κοινὰ	_	_
1.5	275	[6]	τῶν	_	_
1.5	276	[1]	πυρεττόντων	_	_
1.5	277	[1]	ἁπάντων	_	_
1.5	278	[14]	.	b	_
1.5	279	[3]	ὡς	_	_
1.5	280	[3]	ἴδια	_	_
1.5	281	[6]	μὲν	_	_
1.5	282	[4]	οὖν	_	_
1.5	283	[1]	αὐτῆς	_	_
1.5	284	[3]	τῆς	_	_
1.5	285	[2]	νόσου	_	_
1.5	286	[1]	πρῶτον	_	_
1.5	287	[7]	μὲν	_	_
1.5	288	[1]	ἤτοι	_	_
1.5	289	[1]	μηδενὸς	_	_
1.5	290	[1]	ὅλως	_	_
1.5	291	[1]	ἀναγομένου	_	_
1.5	292	[1]	μετὰ	_	_
1.5	293	[4]	τῆς	_	_
1.5	294	[1]	βηχὸς	_	_
1.5	295	[15]	,	b	_
1.5	296	[1]	ὅπερ	_	_
1.5	297	[1]	ἱκανόν	_	_
1.5	298	[2]	ἐστιν	_	_
1.5	299	[1]	ἀπέπτου	_	_
1.5	300	[2]	νοσήματος	_	_
1.5	301	[1]	γνώρισμα	_	_
1.5	302	[2]	·	b	_
1.5	303	[1]	δεύτερον	_	_
1.5	304	[3]	δὲ	_	_
1.5	305	[16]	,	b	_
1.5	306	[1]	εἰ	_	_
1.5	307	[1]	ἀνάγοιτο	_	_
1.5	308	[8]	μὲν	_	_
1.5	309	[17]	,	b	_
1.5	310	[3]	ἀλλ	_	_
1.5	311	[12]	’	b	_
1.5	312	[1]	οὐ	_	_
1.5	313	[1]	χρηστόν	_	_
1.5	314	[15]	.	b	_
1.5	315	[1]	ἔστι	_	_
1.5	316	[4]	δὲ	_	_
1.5	317	[19]	καὶ	_	_
1.5	318	[1]	τοῦτο	_	_
1.5	319	[1]	διττόν	_	_
1.5	320	[3]	·	b	_
1.5	321	[1]	ἓν	_	_
1.5	322	[9]	μὲν	_	_
1.5	323	[3]	τὸ	_	_
1.5	324	[1]	μὴ	_	_
1.5	325	[1]	πεπέφθαι	_	_
1.5	326	[1]	μόνον	_	_
1.5	327	[18]	,	b	_
1.5	328	[1]	ἕτερον	_	_
1.5	329	[5]	δὲ	_	_
1.5	330	[4]	τὸ	_	_
1.5	331	[20]	καὶ	_	_
1.5	332	[1]	μοχθηρὸν	_	_
1.5	333	[1]	εἶναι	_	_
1.5	334	[16]	.	b	_
1.5	335	[1]	τούτων	_	_
1.5	336	[6]	δὲ	_	_
1.5	337	[2]	ἁπάντων	_	_
1.5	338	[1]	ἀφώρισται	_	_
1.5	339	[5]	τὸ	_	_
1.5	340	[1]	πεπεμμένον	_	_
1.5	341	[19]	,	b	_
1.5	342	[1]	ὃ	_	_
1.5	343	[2]	δὴ	_	_
1.5	344	[21]	καὶ	_	_
1.5	345	[2]	πτύελον	_	_
1.5	346	[2]	ἤδη	_	_
1.5	347	[1]	καλοῦσιν	_	_
1.5	348	[1]	ἰδίως	_	_
1.5	349	[17]	.	b	_
1.5	350	[2]	οὐ	_	_
1.5	351	[2]	γὰρ	_	_
1.5	352	[3]	δὴ	_	_
1.5	353	[1]	τό	_	_
1.5	354	[1]	γ	_	_
1.5	355	[13]	’	b	_
1.5	356	[1]	αἱματῶδες	_	_
1.5	357	[22]	καὶ	_	_
1.5	358	[6]	τὸ	_	_
1.5	359	[1]	χολῶδες	_	_
1.5	360	[23]	καὶ	_	_
1.5	361	[7]	τὸ	_	_
1.5	362	[1]	ἀφρῶδες	_	_
1.5	363	[1]	οὕτως	_	_
1.5	364	[1]	ὀνομάζομεν	_	_
1.5	365	[20]	,	b	_
1.5	366	[1]	ἀλλὰ	_	_
1.5	367	[1]	ταυτὶ	_	_
1.5	368	[10]	μὲν	_	_
1.5	369	[1]	μᾶλλόν	_	_
1.5	370	[2]	πως	_	_
1.5	371	[1]	πτύσματα	_	_
1.5	372	[1]	προσαγορεύομεν	_	_
1.5	373	[18]	.	b	_
1.5	374	[1]	ὅταν	_	_
1.5	375	[7]	δὲ	_	_
1.5	376	[1]	μήθ	_	_
1.5	377	[14]	’	b	_
1.5	378	[1]	αἵματος	_	_
1.5	379	[1]	μήτ	_	_
1.5	380	[15]	’	b	_
1.5	381	[1]	ὠχρᾶς	_	_
1.5	382	[2]	ἢ	_	_
1.5	383	[1]	μελαίνης	_	_
1.5	384	[1]	χολῆς	_	_
1.5	385	[1]	ἐπιμιξίαν	_	_
1.5	386	[1]	ἔχῃ	_	_
1.5	387	[21]	,	b	_
1.5	388	[8]	τὸ	_	_
1.5	389	[1]	τοιοῦτον	_	_
1.5	390	[3]	ἤδη	_	_
1.5	391	[3]	πτύελον	_	_
1.5	392	[2]	ὀνομάζομεν	_	_
1.5	393	[19]	.	b	_
1.5	394	[2]	ὅταν	_	_
1.5	395	[5]	οὖν	_	_
1.5	396	[2]	τοῦτο	_	_
1.5	397	[1]	ταχέως	_	_
1.5	398	[3]	ἐπιφαίνηται	_	_
1.5	399	[22]	,	b	_
1.5	400	[2]	βραχύνει	_	_
1.5	401	[9]	τὸ	_	_
1.5	402	[1]	νόσημα	_	_
1.5	403	[20]	.	b	_
1.5	404	[10]	τὸ	_	_
1.5	405	[5]	δ	_	_
1.5	406	[16]	’	b	_
1.5	407	[2]	ἤτοι	_	_
1.5	408	[2]	μηδόλως	_	_
1.5	409	[1]	ἀνάγειν	_	_
1.5	410	[3]	ἢ	_	_
1.5	411	[1]	ἄπεπτον	_	_
1.5	412	[1]	εἰς	_	_
1.5	413	[1]	πλείονα	_	_
1.5	414	[1]	χρόνον	_	_
1.5	415	[1]	ἐκταθήσεσθαι	_	_
1.5	416	[2]	δηλοῖ	_	_
1.5	417	[11]	τὸ	_	_
1.5	418	[2]	νόσημα	_	_
1.5	419	[21]	.	b	_
1.5	420	[12]	τὸ	_	_
1.5	421	[8]	δὲ	_	_
1.5	422	[24]	καὶ	_	_
1.5	423	[2]	μοχθηρὸν	_	_
1.5	424	[1]	ἀνάγεσθαι	_	_
1.5	425	[13]	τὸ	_	_
1.5	426	[1]	πτύσμα	_	_
1.5	427	[1]	κινδύνου	_	_
1.5	428	[1]	δηλωτικόν	_	_
1.5	429	[4]	·	b	_
1.5	430	[2]	εἰ	_	_
1.5	431	[9]	δὲ	_	_
1.5	432	[25]	καὶ	_	_
1.5	433	[1]	κοκόηθες	_	_
1.5	434	[1]	εἴη	_	_
1.5	435	[23]	,	b	_
1.5	436	[1]	θανάτου	_	_
1.5	437	[22]	.	b	_
1.5	438	[2]	τί	_	_
1.5	439	[11]	μὲν	_	_
1.5	440	[6]	οὖν	_	_
1.5	441	[2]	ἐστι	_	_
1.5	442	[14]	τὸ	_	_
1.5	443	[4]	πτύελον	_	_
1.5	444	[1]	νῦν	_	_
1.5	445	[3]	οὐ	_	_
1.5	446	[1]	δέομαι	_	_
1.5	447	[1]	λέγειν	_	_
1.5	448	[23]	.	b	_
1.5	449	[1]	ὅσα	_	_
1.5	450	[10]	δὲ	_	_
1.5	451	[2]	ἰδίως	_	_
1.5	452	[1]	ὀνομάζεται	_	_
1.5	453	[2]	πτύσματα	_	_
1.5	454	[24]	,	b	_
1.5	455	[26]	καὶ	_	_
1.5	456	[2]	τούτων	_	_
1.5	457	[2]	ὅσα	_	_
1.5	458	[12]	μὲν	_	_
1.5	459	[1]	ὑπόξανθά	_	_
1.5	460	[5]	τε	_	_
1.5	461	[27]	καὶ	_	_
1.5	462	[1]	ὑπόπυῤῥα	_	_
1.5	463	[28]	καὶ	_	_
1.5	464	[1]	ὕπωχρα	_	_
1.5	465	[29]	καὶ	_	_
1.5	466	[1]	ὕπαφρα	_	_
1.5	467	[30]	καὶ	_	_
1.5	468	[1]	λεπτὰ	_	_
1.5	469	[25]	,	b	_
1.5	470	[1]	μόνης	_	_
1.5	471	[1]	ἀπεψίας	_	_
1.5	472	[1]	ὑπάρχει	_	_
1.5	473	[1]	γνωρίσματα	_	_
1.5	474	[24]	.	b	_
1.5	475	[1]	κακὸν	_	_
1.5	476	[11]	δὲ	_	_
1.5	477	[1]	οὐδὲν	_	_
1.5	478	[1]	ἐπίσημον	_	_
1.5	479	[1]	ἐνδείκνυται	_	_
1.5	480	[5]	·	b	_
1.5	481	[6]	τὰ	_	_
1.5	482	[6]	δ	_	_
1.5	483	[17]	’	b	_
1.5	484	[1]	ἀκράτως	_	_
1.5	485	[1]	﻿	_	_
1.5	486	[1]	ξανθὰ	_	_
1.5	487	[31]	καὶ	_	_
1.5	488	[1]	πυῤῥὰ	_	_
1.5	489	[32]	καὶ	_	_
1.5	490	[1]	παχέα	_	_
1.5	491	[33]	καὶ	_	_
1.5	492	[1]	ἀφρώδη	_	_
1.5	493	[34]	καὶ	_	_
1.5	494	[1]	χλωρὰ	_	_
1.5	495	[35]	καὶ	_	_
1.5	496	[1]	γλίσχρα	_	_
1.5	497	[36]	καὶ	_	_
1.5	498	[1]	στρογγύλα	_	_
1.5	499	[37]	καὶ	_	_
1.5	500	[3]	τούτων	_	_
1.5	501	[1]	ἔτι	_	_
1.5	502	[1]	μᾶλλον	_	_
1.5	503	[7]	τὰ	_	_
1.5	504	[1]	μέλανα	_	_
1.5	505	[1]	μοχθηρά	_	_
1.5	506	[25]	.	b	_
1.5	507	[1]	προσεπισκέπτεσθαι	_	_
1.5	508	[12]	δὲ	_	_
1.5	509	[38]	καὶ	_	_
1.5	510	[2]	τὸν	_	_
1.5	511	[5]	τῆς	_	_
1.5	512	[1]	ἀναγωγῆς	_	_
1.5	513	[2]	αὐτῶν	_	_
1.5	514	[1]	τρόπον	_	_
1.5	515	[26]	.	b	_
1.5	516	[3]	εἰ	_	_
1.5	517	[13]	μὲν	_	_
1.5	518	[3]	γὰρ	_	_
1.5	519	[1]	εὐπετῶς	_	_
1.5	520	[1]	ἀποπτύοιτο	_	_
1.5	521	[26]	,	b	_
1.5	522	[1]	πρόδηλον	_	_
1.5	523	[4]	ὡς	_	_
1.5	524	[8]	τὰ	_	_
1.5	525	[1]	τοιαῦτα	_	_
1.5	526	[2]	μέν	_	_
1.5	527	[3]	ἐστιν	_	_
1.5	528	[1]	ἀγαθὰ	_	_
1.5	529	[27]	,	b	_
1.5	530	[9]	τὰ	_	_
1.5	531	[7]	δ	_	_
1.5	532	[18]	’	b	_
1.5	533	[1]	ἐναντία	_	_
1.5	534	[2]	μοχθηρά	_	_
1.5	535	[27]	.	b	_
1.5	536	[39]	καὶ	_	_
1.5	537	[3]	τί	_	_
1.5	538	[1]	δεῖ	_	_
1.5	539	[1]	πλείω	_	_
1.5	540	[2]	λέγειν	_	_
1.5	541	[1]	ἡμᾶς	_	_
1.5	542	[28]	,	b	_
1.5	543	[1]	ἔχοντάς	_	_
1.5	544	[1]	γε	_	_
1.5	545	[3]	τὴν	_	_
1.5	546	[1]	ἐκ	_	_
1.5	547	[4]	τοῦ	_	_
1.5	548	[1]	προγνωστικοῦ	_	_
1.5	549	[1]	παραγράψαι	_	_
1.5	550	[1]	ῥῆσιν	_	_
1.5	551	[3]	;	b	_
1.5	552	[5]	πτύελον	_	_
1.5	553	[13]	δὲ	_	_
1.5	554	[1]	χρὴ	_	_
1.5	555	[1]	ἐπὶ	_	_
1.5	556	[1]	πᾶσι	_	_
1.5	557	[2]	τοῖσιν	_	_
1.5	558	[1]	ἀλγήμασι	_	_
1.5	559	[1]	τοῖσι	_	_
1.5	560	[1]	περὶ	_	_
1.5	561	[3]	τὸν	_	_
1.5	562	[1]	πνεύμονά	_	_
1.5	563	[6]	τε	_	_
1.5	564	[40]	καὶ	_	_
1.5	565	[2]	τὰς	_	_
1.5	566	[1]	πλευρὰς	_	_
1.5	567	[2]	ταχέως	_	_
1.5	568	[7]	τε	_	_
1.5	569	[1]	ἀποπτύεσθαι	_	_
1.5	570	[41]	καὶ	_	_
1.5	571	[1]	εὐπετέως	_	_
1.5	572	[29]	,	b	_
1.5	573	[1]	συμμεμιγμένον	_	_
1.5	574	[8]	τε	_	_
1.5	575	[1]	φαίνεσθαι	_	_
1.5	576	[15]	τὸ	_	_
1.5	577	[1]	ξανθὸν	_	_
1.5	578	[1]	ἰσχυρῶς	_	_
1.5	579	[2]	τῷ	_	_
1.5	580	[1]	πτυέλῳ	_	_
1.5	581	[28]	.	b	_
1.5	582	[1]	δῆλος	_	_
1.5	583	[1]	ἐνταῦθά	_	_
1.5	584	[3]	ἐστι	_	_
1.5	585	[6]	πτύελον	_	_
1.5	586	[3]	ἰδίως	_	_
1.5	587	[1]	ὀνομάζων	_	_
1.5	588	[16]	τὸ	_	_
1.5	589	[1]	κατὰ	_	_
1.5	590	[1]	φύσιν	_	_
1.5	591	[29]	.	b	_
1.5	592	[1]	ᾧ	_	_
1.5	593	[4]	δὴ	_	_
1.5	594	[42]	καὶ	_	_
1.5	595	[1]	συμμεμίχθαι	_	_
1.5	596	[1]	φησὶ	_	_
1.5	597	[1]	χρῆναι	_	_
1.5	598	[17]	τὸ	_	_
1.5	599	[1]	ξανθόν	_	_
1.5	600	[30]	.	b	_
1.5	601	[18]	τὸ	_	_
1.5	602	[8]	δ	_	_
1.5	603	[19]	’	b	_
1.5	604	[2]	ἰσχυρῶς	_	_
1.5	605	[1]	ἔνιοι	_	_
1.5	606	[14]	μὲν	_	_
1.5	607	[1]	οὐδὲ	_	_
1.5	608	[1]	γράφουσιν	_	_
1.5	609	[2]	ὅλως	_	_
1.5	610	[31]	.	b	_
1.5	611	[2]	οἱ	_	_
1.5	612	[9]	δ	_	_
1.5	613	[20]	’	b	_
1.5	614	[7]	οὖν	_	_
1.5	615	[43]	καὶ	_	_
1.5	616	[1]	γράφοντες	_	_
1.5	617	[3]	οἱ	_	_
1.5	618	[15]	μὲν	_	_
1.5	619	[2]	ἐπὶ	_	_
1.5	620	[19]	τὸ	_	_
1.5	621	[2]	ξανθὸν	_	_
1.5	622	[30]	,	b	_
1.5	623	[4]	οἱ	_	_
1.5	624	[14]	δὲ	_	_
1.5	625	[3]	ἐπὶ	_	_
1.5	626	[20]	τὸ	_	_
1.5	627	[2]	συμμεμιγμένον	_	_
1.5	628	[1]	ἀναφέρουσιν	_	_
1.5	629	[31]	,	b	_
1.5	630	[1]	ἵν	_	_
1.5	631	[21]	’	b	_
1.5	632	[1]	ἑκάτερος	_	_
1.5	633	[1]	ᾖ	_	_
1.5	634	[7]	τῶν	_	_
1.5	635	[1]	λόγων	_	_
1.5	636	[1]	τοιόσδε	_	_
1.5	637	[32]	.	b	_
1.5	638	[3]	συμμεμιγμένον	_	_
1.5	639	[21]	τὸ	_	_
1.5	640	[3]	ἰσχυρῶς	_	_
1.5	641	[3]	τῷ	_	_
1.5	642	[2]	πτυέλῳ	_	_
1.5	643	[2]	φαίνεσθαι	_	_
1.5	644	[22]	τὸ	_	_
1.5	645	[3]	ξανθὸν	_	_
1.5	646	[32]	,	b	_
1.5	647	[4]	ἢ	_	_
1.5	648	[1]	πάλιν	_	_
1.5	649	[23]	τὸ	_	_
1.5	650	[4]	ἰσχυρῶς	_	_
1.5	651	[4]	ξανθὸν	_	_
1.5	652	[4]	συμμεμιγμένον	_	_
1.5	653	[3]	φαίνεσθαι	_	_
1.5	654	[4]	τῷ	_	_
1.5	655	[3]	πτυέλῳ	_	_
1.5	656	[33]	.	b	_
1.5	657	[1]	τεχνικώτερον	_	_
1.5	658	[10]	δ	_	_
1.5	659	[22]	’	b	_
1.5	660	[1]	ἐστὶ	_	_
1.5	661	[24]	τὸ	_	_
1.5	662	[1]	πρότερον	_	_
1.5	663	[34]	.	b	_
1.5	664	[1]	ἀεὶ	_	_
1.5	665	[4]	γὰρ	_	_
1.5	666	[3]	τὰς	_	_
1.5	667	[1]	ἀνωμάλους	_	_
1.5	668	[3]	ἁπάντων	_	_
1.5	669	[1]	κινήσεις	_	_
1.5	670	[44]	καὶ	_	_
1.5	671	[8]	τῶν	_	_
1.5	672	[1]	πολὺ	_	_
1.5	673	[1]	διαφερόντων	_	_
1.5	674	[1]	ἐπιπλοκὰς	_	_
1.5	675	[1]	αὐτός	_	_
1.5	676	[9]	τε	_	_
1.5	677	[1]	ὁ	_	_
1.5	678	[1]	Ἱπποκράτης	_	_
1.5	679	[1]	μέμφεται	_	_
1.5	680	[45]	καὶ	_	_
1.5	681	[2]	ἡ	_	_
1.5	682	[1]	πεῖρα	_	_
1.5	683	[1]	διδάσκει	_	_
1.5	684	[2]	οὕτως	_	_
1.5	685	[1]	ἔχειν	_	_
1.5	686	[35]	.	b	_
1.5	687	[4]	οὐ	_	_
1.5	688	[1]	μὴν	_	_
1.5	689	[1]	οὐδ	_	_
1.5	690	[23]	’	b	_
1.5	691	[2]	ὁ	_	_
1.5	692	[1]	λόγος	_	_
1.5	693	[1]	ἄπορος	_	_
1.5	694	[33]	,	b	_
1.5	695	[4]	ἀλλ	_	_
1.5	696	[24]	’	b	_
1.5	697	[2]	οὐκ	_	_
1.5	698	[6]	ἐν	_	_
1.5	699	[1]	καιρῷ	_	_
1.5	700	[2]	νῦν	_	_
1.5	701	[1]	ἂν	_	_
1.5	702	[2]	εἴη	_	_
1.5	703	[1]	λεγόμενος	_	_
1.5	704	[36]	.	b	_
1.5	705	[1]	ὅτι	_	_
1.5	706	[15]	δὲ	_	_
1.5	707	[25]	τὸ	_	_
1.5	708	[5]	ἰσχυρῶς	_	_
1.5	709	[4]	ἐπὶ	_	_
1.5	710	[26]	τὸ	_	_
1.5	711	[2]	συμμεμίχθαι	_	_
1.5	712	[4]	τὴν	_	_
1.5	713	[1]	ἀναφορὰν	_	_
1.5	714	[1]	ἔχει	_	_
1.5	715	[34]	,	b	_
1.5	716	[2]	πρόδηλον	_	_
1.5	717	[1]	κᾀκ	_	_
1.5	718	[9]	τῶν	_	_
1.5	719	[1]	ἐπιφερομένων	_	_
1.5	720	[37]	.	b	_
1.5	721	[4]	εἰ	_	_
1.5	722	[5]	γὰρ	_	_
1.5	723	[1]	πολλῷ	_	_
1.5	724	[35]	,	b	_
1.5	725	[1]	φησὶν	_	_
1.5	726	[36]	,	b	_
1.5	727	[2]	ὕστερον	_	_
1.5	728	[2]	μετὰ	_	_
1.5	729	[5]	τὴν	_	_
1.5	730	[1]	ἀρχὴν	_	_
1.5	731	[6]	τῆς	_	_
1.5	732	[1]	ὀδύνης	_	_
1.5	733	[2]	ἀποπτύοιτο	_	_
1.5	734	[5]	ξανθὸν	_	_
1.5	735	[1]	ἐὸν	_	_
1.5	736	[37]	,	b	_
1.5	737	[5]	ἢ	_	_
1.5	738	[1]	πυῤῥὸν	_	_
1.5	739	[38]	,	b	_
1.5	740	[6]	ἢ	_	_
1.5	741	[1]	πολλὴν	_	_
1.5	742	[1]	βῆχα	_	_
1.5	743	[1]	παρέχον	_	_
1.5	744	[39]	,	b	_
1.5	745	[7]	ἢ	_	_
1.5	746	[2]	μὴ	_	_
1.5	747	[6]	ἰσχυρῶς	_	_
1.5	748	[5]	συμμεμιγμένον	_	_
1.5	749	[40]	,	b	_
1.5	750	[1]	κάκιον	_	_
1.5	751	[1]	γίνεται	_	_
1.5	752	[38]	.	b	_
1.5	753	[2]	δῆλος	_	_
1.5	754	[1]	γάρ	_	_
1.5	755	[4]	ἐστιν	_	_
1.5	756	[3]	ὁ	_	_
1.5	757	[2]	Ἱπποκράτης	_	_
1.5	758	[1]	ἀντιτάττων	_	_
1.5	759	[1]	ἐνταῦθα	_	_
1.5	760	[10]	τὰ	_	_
1.5	761	[2]	ἐκ	_	_
1.5	762	[5]	τοῦ	_	_
1.5	763	[1]	δευτέρου	_	_
1.5	764	[1]	λόγου	_	_
1.5	765	[1]	ξύμπαντα	_	_
1.5	766	[4]	τοῖς	_	_
1.5	767	[3]	ἐκ	_	_
1.5	768	[6]	τοῦ	_	_
1.5	769	[1]	πρώτου	_	_
1.5	770	[41]	,	b	_
1.5	771	[5]	τῷ	_	_
1.5	772	[16]	μὲν	_	_
1.5	773	[3]	ταχέως	_	_
1.5	774	[27]	τὸ	_	_
1.5	775	[2]	πολλῷ	_	_
1.5	776	[3]	ὕστερον	_	_
1.5	777	[3]	μετὰ	_	_
1.5	778	[6]	τὴν	_	_
1.5	779	[2]	ἀρχὴν	_	_
1.5	780	[7]	τῆς	_	_
1.5	781	[2]	ὀδύνης	_	_
1.5	782	[3]	ἀποπτύοιτο	_	_
1.5	783	[42]	,	b	_
1.5	784	[6]	τῷ	_	_
1.5	785	[11]	δ	_	_
1.5	786	[25]	’	b	_
1.5	787	[2]	εὐπετέως	_	_
1.5	788	[28]	τὸ	_	_
1.5	789	[2]	πολλὴν	_	_
1.5	790	[2]	βῆχα	_	_
1.5	791	[2]	παρέχον	_	_
1.5	792	[43]	,	b	_
1.5	793	[7]	τῷ	_	_
1.5	794	[16]	δὲ	_	_
1.5	795	[6]	συμμεμιγμένον	_	_
1.5	796	[10]	τε	_	_
1.5	797	[4]	φαίνεσθαι	_	_
1.5	798	[29]	τὸ	_	_
1.5	799	[6]	ξανθὸν	_	_
1.5	800	[7]	ἰσχυρῶς	_	_
1.5	801	[8]	τῷ	_	_
1.5	802	[4]	πτυέλῳ	_	_
1.5	803	[2]	τό	_	_
1.5	804	[2]	τ	_	_
1.5	805	[26]	’	b	_
1.5	806	[1]	ἄμικτον	_	_
1.5	807	[1]	ἁπλῶς	_	_
1.5	808	[46]	καὶ	_	_
1.5	809	[2]	μόνον	_	_
1.5	810	[7]	ξανθὸν	_	_
1.5	811	[44]	,	b	_
1.5	812	[3]	τό	_	_
1.5	813	[11]	τε	_	_
1.5	814	[1]	μεμιγμένον	_	_
1.5	815	[17]	μὲν	_	_
1.5	816	[1]	ἐξ	_	_
1.5	817	[1]	ἀμφοῖν	_	_
1.5	818	[45]	,	b	_
1.5	819	[7]	τοῦ	_	_
1.5	820	[12]	τε	_	_
1.5	821	[2]	κατὰ	_	_
1.5	822	[2]	φύσιν	_	_
1.5	823	[1]	πτυέλου	_	_
1.5	824	[47]	καὶ	_	_
1.5	825	[8]	τοῦ	_	_
1.5	826	[1]	ξανθοῦ	_	_
1.5	827	[1]	χρώματος	_	_
1.5	828	[46]	,	b	_
1.5	829	[8]	ἢ	_	_
1.5	830	[1]	πυῤῥοῦ	_	_
1.5	831	[47]	,	b	_
1.5	832	[3]	μὴ	_	_
1.5	833	[1]	μέντοι	_	_
1.5	834	[8]	ἰσχυρῶς	_	_
1.5	835	[39]	.	b	_
1.5	836	[2]	ἀλλὰ	_	_
1.5	837	[48]	καὶ	_	_
1.5	838	[4]	μετὰ	_	_
1.5	839	[2]	ταῦτα	_	_
1.5	840	[1]	συνάπτων	_	_
1.5	841	[2]	ἐρεῖ	_	_
1.5	842	[1]	σαφέστερον	_	_
1.5	843	[2]	ἔτι	_	_
1.5	844	[7]	τὴν	_	_
1.5	845	[1]	αὐτὴν	_	_
1.5	846	[1]	γνώμην	_	_
1.5	847	[1]	ἐξηγούμενος	_	_
1.5	848	[40]	.	b	_
1.5	849	[4]	τό	_	_
1.5	850	[13]	τε	_	_
1.5	851	[6]	γὰρ	_	_
1.5	852	[8]	ξανθὸν	_	_
1.5	853	[1]	ἄκρητον	_	_
1.5	854	[2]	ἐὸν	_	_
1.5	855	[1]	κινδυνῶδες	_	_
1.5	856	[6]	·	b	_
1.5	857	[2]	ἄκρητον	_	_
1.5	858	[12]	δ	_	_
1.5	859	[27]	’	b	_
1.5	860	[2]	ἐστὶ	_	_
1.5	861	[2]	δήπου	_	_
1.5	862	[30]	τὸ	_	_
1.5	863	[4]	μὴ	_	_
1.5	864	[2]	μεμιγμένον	_	_
1.5	865	[9]	τῷ	_	_
1.5	866	[5]	πτυέλῳ	_	_
1.5	867	[7]	·	b	_
1.5	868	[31]	τὸ	_	_
1.5	869	[1]	λευκὸν	_	_
1.5	870	[49]	καὶ	_	_
1.5	871	[1]	γλίσχρον	_	_
1.5	872	[50]	καὶ	_	_
1.5	873	[1]	στρογγύλον	_	_
1.5	874	[1]	ἀλυσιτελές	_	_
1.5	875	[41]	.	b	_
1.5	876	[1]	εἶθ	_	_
1.5	877	[28]	’	b	_
1.5	878	[1]	ἑξῆς	_	_
1.5	879	[2]	πάλιν	_	_
1.5	880	[5]	ἐπὶ	_	_
1.5	881	[11]	τὰ	_	_
1.5	882	[1]	χαλεπώτερα	_	_
1.5	883	[3]	κατὰ	_	_
1.5	884	[1]	βραχὺ	_	_
1.5	885	[1]	παραγινόμενος	_	_
1.5	886	[10]	τῷ	_	_
1.5	887	[1]	λόγῳ	_	_
1.5	888	[48]	,	b	_
1.5	889	[2]	κακὸν	_	_
1.5	890	[17]	δὲ	_	_
1.5	891	[51]	καὶ	_	_
1.5	892	[1]	χλωρόν	_	_
1.5	893	[14]	τε	_	_
1.5	894	[3]	ἐὸν	_	_
1.5	895	[1]	κάρτα	_	_
1.5	896	[52]	καὶ	_	_
1.5	897	[1]	ἀφρῶδές	_	_
1.5	898	[1]	φησιν	_	_
1.5	899	[42]	.	b	_
1.5	900	[2]	εἶθ	_	_
1.5	901	[29]	’	b	_
1.5	902	[2]	ἑξῆς	_	_
1.5	903	[8]	·	b	_
1.5	904	[5]	εἰ	_	_
1.5	905	[18]	δὲ	_	_
1.5	906	[3]	εἴη	_	_
1.5	907	[3]	οὕτως	_	_
1.5	908	[3]	ἄκρητον	_	_
1.5	909	[1]	ὥστε	_	_
1.5	910	[53]	καὶ	_	_
1.5	911	[1]	μέλαν	_	_
1.5	912	[5]	φαίνεσθαι	_	_
1.5	913	[49]	,	b	_
1.5	914	[1]	δεινότερόν	_	_
1.5	915	[4]	ἐστι	_	_
1.5	916	[3]	τοῦτο	_	_
1.5	917	[1]	ἐκείνων	_	_
1.5	918	[43]	.	b	_
1.5	919	[4]	ἐκ	_	_
1.5	920	[18]	μὲν	_	_
1.5	921	[5]	δὴ	_	_
1.5	922	[10]	τῶν	_	_
1.5	923	[1]	ἰδίων	_	_
1.5	924	[8]	τῆς	_	_
1.5	925	[1]	πλευρίτιδος	_	_
1.5	926	[1]	οὕτω	_	_
1.5	927	[2]	χρὴ	_	_
1.5	928	[1]	διορίζεσθαι	_	_
1.5	929	[44]	.	b	_
1.5	930	[1]	προσεπιβλέπειν	_	_
1.5	931	[19]	δὲ	_	_
1.5	932	[2]	δεῖ	_	_
1.5	933	[54]	καὶ	_	_
1.5	934	[12]	τὰ	_	_
1.5	935	[2]	κοινὰ	_	_
1.5	936	[11]	τῶν	_	_
1.5	937	[1]	ὀξέως	_	_
1.5	938	[1]	νοσούντων	_	_
1.5	939	[4]	ἁπάντων	_	_
1.5	940	[45]	.	b	_
1.5	941	[1]	ἐφεξῆς	_	_
1.5	942	[13]	δ	_	_
1.5	943	[30]	’	b	_
1.5	944	[1]	αὐτὰ	_	_
1.5	945	[1]	καταριθμεῖται	_	_
1.5	946	[1]	γράφων	_	_
1.5	947	[1]	ὡδί	_	_
1.5	948	[9]	·	b	_
1.5	949	[2]	ἔστι	_	_
1.5	950	[20]	δὲ	_	_
1.5	951	[13]	τὰ	_	_
1.5	952	[19]	μὲν	_	_
1.5	953	[2]	ἀγαθὰ	_	_
1.5	954	[3]	ταῦτα	_	_
1.5	955	[50]	,	b	_
1.5	956	[3]	εὐπετέως	_	_
1.5	957	[1]	φέρειν	_	_
1.5	958	[32]	τὸ	_	_
1.5	959	[3]	νόσημα	_	_
1.5	960	[51]	,	b	_
1.5	961	[1]	εὔπνουν	_	_
1.5	962	[2]	εἶναι	_	_
1.5	963	[52]	,	b	_
1.5	964	[9]	τῆς	_	_
1.5	965	[3]	ὀδύνης	_	_
1.5	966	[1]	ἀπηλλάχθαι	_	_
1.5	967	[53]	,	b	_
1.5	968	[33]	τὸ	_	_
1.5	969	[7]	πτύελον	_	_
1.5	970	[1]	ῥηϊδίως	_	_
1.5	971	[1]	ἀναβήσσειν	_	_
1.5	972	[54]	,	b	_
1.5	973	[34]	τὸ	_	_
1.5	974	[1]	σῶμα	_	_
1.5	975	[1]	πᾶν	_	_
1.5	976	[1]	θερμόν	_	_
1.5	977	[15]	τε	_	_
1.5	978	[1]	ὁμαλῶς	_	_
1.5	979	[3]	εἶναι	_	_
1.5	980	[55]	καὶ	_	_
1.5	981	[1]	μαλθακὸν	_	_
1.5	982	[56]	καὶ	_	_
1.5	983	[1]	δίψην	_	_
1.5	984	[5]	μὴ	_	_
1.5	985	[2]	ἔχειν	_	_
1.5	986	[46]	.	b	_
1.5	987	[2]	οὖρα	_	_
1.5	988	[21]	δὲ	_	_
1.5	989	[57]	καὶ	_	_
1.5	990	[1]	διαχωρήματα	_	_
1.5	991	[58]	καὶ	_	_
1.5	992	[1]	ὕπνους	_	_
1.5	993	[59]	καὶ	_	_
1.5	994	[1]	ἱδρῶτας	_	_
1.5	995	[55]	,	b	_
1.5	996	[5]	ὡς	_	_
1.5	997	[1]	διαγέγραπται	_	_
1.5	998	[56]	,	b	_
1.5	999	[1]	ἕκαστα	_	_
1.5	1000	[1]	εἰδέναι	_	_
1.5	1001	[3]	ἀγαθὰ	_	_
1.5	1002	[1]	ἐόντα	_	_
1.5	1003	[47]	.	b	_
1.5	1004	[2]	ταυτὶ	_	_
1.5	1005	[20]	μὲν	_	_
1.5	1006	[8]	οὖν	_	_
1.5	1007	[4]	ἀγαθὰ	_	_
1.5	1008	[1]	σημεῖα	_	_
1.5	1009	[57]	,	b	_
1.5	1010	[1]	τά	_	_
1.5	1011	[3]	τ	_	_
1.5	1012	[31]	’	b	_
1.5	1013	[4]	ἴδια	_	_
1.5	1014	[12]	τῶν	_	_
1.5	1015	[1]	ἀναπνευστικῶν	_	_
1.5	1016	[1]	ὀργάνων	_	_
1.5	1017	[60]	καὶ	_	_
1.5	1018	[1]	προσέτι	_	_
1.5	1019	[14]	τὰ	_	_
1.5	1020	[13]	τῶν	_	_
1.5	1021	[1]	ἄλλων	_	_
1.5	1022	[5]	ἁπάντων	_	_
1.5	1023	[1]	ὀξέων	_	_
1.5	1024	[2]	νοσημάτων	_	_
1.5	1025	[3]	κοινὰ	_	_
1.5	1026	[58]	,	b	_
1.5	1027	[4]	κατὰ	_	_
1.5	1028	[35]	τὸ	_	_
1.5	1029	[1]	συνεχὲς	_	_
1.5	1030	[2]	ἐφεξῆς	_	_
1.5	1031	[1]	ἀλλήλων	_	_
1.5	1032	[1]	γεγραμμένα	_	_
1.5	1033	[48]	.	b	_
1.5	1034	[2]	συνάπτων	_	_
1.5	1035	[14]	δ	_	_
1.5	1036	[32]	’	b	_
1.5	1037	[1]	αὐτοῖς	_	_
1.5	1038	[1]	ἐπάγει	_	_
1.5	1039	[10]	·	b	_
1.5	1040	[1]	κακὰ	_	_
1.5	1041	[22]	δὲ	_	_
1.5	1042	[1]	τἀναντία	_	_
1.5	1043	[1]	τουτέων	_	_
1.5	1044	[59]	,	b	_
1.5	1045	[1]	δυσπετέως	_	_
1.5	1046	[2]	φέρειν	_	_
1.5	1047	[8]	τὴν	_	_
1.5	1048	[1]	νοῦσον	_	_
1.5	1049	[60]	,	b	_
1.5	1050	[1]	πνεῦμα	_	_
1.5	1051	[1]	μέγα	_	_
1.5	1052	[61]	καὶ	_	_
1.5	1053	[1]	πυκνὸν	_	_
1.5	1054	[4]	εἶναι	_	_
1.5	1055	[61]	,	b	_
1.5	1056	[9]	τὴν	_	_
1.5	1057	[1]	ὀδύνην	_	_
1.5	1058	[6]	μὴ	_	_
1.5	1059	[1]	παύεσθαι	_	_
1.5	1060	[11]	·	b	_
1.5	1061	[36]	τὸ	_	_
1.5	1062	[8]	πτύελον	_	_
1.5	1063	[1]	μόλις	_	_
1.5	1064	[2]	ἀναβήσσειν	_	_
1.5	1065	[12]	·	b	_
1.5	1066	[1]	διψᾷν	_	_
1.5	1067	[2]	κάρτα	_	_
1.5	1068	[13]	·	b	_
1.5	1069	[37]	τὸ	_	_
1.5	1070	[2]	σῶμα	_	_
1.5	1071	[1]	ὑπὸ	_	_
1.5	1072	[9]	τοῦ	_	_
1.5	1073	[1]	πυρὸς	_	_
1.5	1074	[1]	ἀνωμάλως	_	_
1.5	1075	[1]	ἔχεσθαι	_	_
1.5	1076	[14]	·	b	_
1.5	1077	[62]	καὶ	_	_
1.5	1078	[10]	τὴν	_	_
1.5	1079	[21]	μὲν	_	_
1.5	1080	[1]	κοιλίαν	_	_
1.5	1081	[63]	καὶ	_	_
1.5	1082	[4]	τὰς	_	_
1.5	1083	[2]	πλευρὰς	_	_
1.5	1084	[1]	θερμὰς	_	_
1.5	1085	[5]	εἶναι	_	_
1.5	1086	[9]	ἰσχυρῶς	_	_
1.5	1087	[62]	,	b	_
1.5	1088	[38]	τὸ	_	_
1.5	1089	[23]	δὲ	_	_
1.5	1090	[1]	μέτωπον	_	_
1.5	1091	[64]	καὶ	_	_
1.5	1092	[5]	τὰς	_	_
1.5	1093	[1]	χεῖρας	_	_
1.5	1094	[65]	καὶ	_	_
1.5	1095	[2]	τοὺς	_	_
1.5	1096	[1]	πόδας	_	_
1.5	1097	[1]	ψυχρούς	_	_
1.5	1098	[49]	.	b	_
1.5	1099	[3]	οὖρα	_	_
1.5	1100	[24]	δὲ	_	_
1.5	1101	[66]	καὶ	_	_
1.5	1102	[2]	διαχωρήματα	_	_
1.5	1103	[67]	καὶ	_	_
1.5	1104	[2]	ὕπνους	_	_
1.5	1105	[68]	καὶ	_	_
1.5	1106	[2]	ἱδρῶτας	_	_
1.5	1107	[63]	,	b	_
1.5	1108	[6]	ὡς	_	_
1.5	1109	[2]	διαγέγραπται	_	_
1.5	1110	[64]	,	b	_
1.5	1111	[2]	ἕκαστα	_	_
1.5	1112	[2]	εἰδέναι	_	_
1.5	1113	[2]	κακὰ	_	_
1.5	1114	[2]	ἐόντα	_	_
1.5	1115	[50]	.	b	_
1.5	1116	[1]	γέγραπται	_	_
1.5	1117	[25]	δὲ	_	_
1.5	1118	[69]	καὶ	_	_
1.5	1119	[2]	περὶ	_	_
1.5	1120	[4]	τούτων	_	_
1.5	1121	[1]	δηλονότι	_	_
1.5	1122	[5]	κατὰ	_	_
1.5	1123	[39]	τὸ	_	_
1.5	1124	[1]	προγνωστικὸν	_	_
1.5	1125	[65]	,	b	_
1.5	1126	[1]	ὁμοίαν	_	_
1.5	1127	[2]	αὐτοῦ	_	_
1.5	1128	[11]	τὴν	_	_
1.5	1129	[1]	διδασκαλίαν	_	_
1.5	1130	[1]	ἐφ	_	_
1.5	1131	[33]	’	b	_
1.5	1132	[1]	ἑκάστων	_	_
1.5	1133	[5]	τούτων	_	_
1.5	1134	[1]	ποιουμένου	_	_
1.5	1135	[66]	,	b	_
1.5	1136	[1]	οἵαν	_	_
1.5	1137	[1]	περ	_	_
1.5	1138	[70]	καὶ	_	_
1.5	1139	[3]	νῦν	_	_
1.5	1140	[6]	ἐπὶ	_	_
1.5	1141	[14]	τῶν	_	_
1.5	1142	[1]	πτυσμάτων	_	_
1.5	1143	[51]	.	b	_
1.5	1144	[7]	ὡς	_	_
1.5	1145	[7]	γὰρ	_	_
1.5	1146	[7]	ἐν	_	_
1.5	1147	[2]	τούτοις	_	_
1.5	1148	[40]	τὸ	_	_
1.5	1149	[3]	μέν	_	_
1.5	1150	[1]	τι	_	_
1.5	1151	[1]	πέψεως	_	_
1.5	1152	[5]	ἐστι	_	_
1.5	1153	[1]	σημεῖον	_	_
1.5	1154	[67]	,	b	_
1.5	1155	[41]	τὸ	_	_
1.5	1156	[15]	δ	_	_
1.5	1157	[34]	’	b	_
1.5	1158	[2]	ἀπεψίας	_	_
1.5	1159	[68]	,	b	_
1.5	1160	[42]	τὸ	_	_
1.5	1161	[16]	δ	_	_
1.5	1162	[35]	’	b	_
1.5	1163	[1]	ὀλέθρου	_	_
1.5	1164	[15]	·	b	_
1.5	1165	[71]	καὶ	_	_
1.5	1166	[43]	τὸ	_	_
1.5	1167	[22]	μὲν	_	_
1.5	1168	[10]	τῆς	_	_
1.5	1169	[2]	πέψεως	_	_
1.5	1170	[1]	εὐθὺς	_	_
1.5	1171	[8]	ἐν	_	_
1.5	1172	[1]	ἀρχῇ	_	_
1.5	1173	[1]	φαινόμενον	_	_
1.5	1174	[9]	ἐν	_	_
1.5	1175	[1]	τάχει	_	_
1.5	1176	[1]	σωθήσεσθαι	_	_
1.5	1177	[4]	τὸν	_	_
1.5	1178	[1]	ἄνθρωπον	_	_
1.5	1179	[3]	δηλοῖ	_	_
1.5	1180	[69]	,	b	_
1.5	1181	[44]	τὸ	_	_
1.5	1182	[26]	δὲ	_	_
1.5	1183	[11]	τῆς	_	_
1.5	1184	[3]	ἀπεψίας	_	_
1.5	1185	[10]	ἐν	_	_
1.5	1186	[1]	χρόνῳ	_	_
1.5	1187	[70]	,	b	_
1.5	1188	[45]	τὸ	_	_
1.5	1189	[17]	δ	_	_
1.5	1190	[36]	’	b	_
1.5	1191	[1]	ὀλέθριον	_	_
1.5	1192	[1]	ἀπολεῖσθαι	_	_
1.5	1193	[71]	,	b	_
1.5	1194	[72]	καὶ	_	_
1.5	1195	[46]	τὸ	_	_
1.5	1196	[23]	μὲν	_	_
1.5	1197	[1]	μεγάλως	_	_
1.5	1198	[2]	ὀλέθριον	_	_
1.5	1199	[11]	ἐν	_	_
1.5	1200	[2]	τάχει	_	_
1.5	1201	[72]	,	b	_
1.5	1202	[47]	τὸ	_	_
1.5	1203	[18]	δ	_	_
1.5	1204	[37]	’	b	_
1.5	1205	[1]	ἧττον	_	_
1.5	1206	[1]	ἐκείνου	_	_
1.5	1207	[1]	χρονίως	_	_
1.5	1208	[52]	.	b	_
1.5	1209	[2]	οὕτω	_	_
1.5	1210	[1]	κᾀπὶ	_	_
1.5	1211	[15]	τῶν	_	_
1.5	1212	[1]	οὔρων	_	_
1.5	1213	[3]	αὐτῶν	_	_
1.5	1214	[1]	διώρισται	_	_
1.5	1215	[73]	καὶ	_	_
1.5	1216	[16]	τῶν	_	_
1.5	1217	[1]	διαχωρημάτων	_	_
1.5	1218	[74]	καὶ	_	_
1.5	1219	[17]	τῶν	_	_
1.5	1220	[2]	ἄλλων	_	_
1.5	1221	[6]	ἁπάντων	_	_
1.5	1222	[73]	,	b	_
1.5	1223	[1]	ὑπὲρ	_	_
1.5	1224	[1]	ὧν	_	_
1.5	1225	[3]	ἐφεξῆς	_	_
1.5	1226	[1]	ἡμῖν	_	_
1.5	1227	[4]	ὁ	_	_
1.5	1228	[2]	λόγος	_	_
1.5	1229	[1]	ἔσται	_	_
1.5	1230	[53]	.	b	_
1.5	1231	[75]	καὶ	_	_
1.5	1232	[8]	γὰρ	_	_
1.5	1233	[6]	τούτων	_	_
1.5	1234	[7]	ἁπάντων	_	_
1.5	1235	[15]	τὰ	_	_
1.5	1236	[24]	μὲν	_	_
1.5	1237	[3]	πέψεως	_	_
1.5	1238	[74]	,	b	_
1.5	1239	[16]	τὰ	_	_
1.5	1240	[19]	δ	_	_
1.5	1241	[38]	’	b	_
1.5	1242	[4]	ἀπεψίας	_	_
1.5	1243	[75]	,	b	_
1.5	1244	[17]	τὰ	_	_
1.5	1245	[20]	δ	_	_
1.5	1246	[39]	’	b	_
1.5	1247	[2]	ὀλέθρου	_	_
1.5	1248	[2]	σημεῖα	_	_
1.5	1249	[54]	.	b	_
1.5	1250	[76]	καὶ	_	_
1.5	1251	[9]	γὰρ	_	_
1.5	1252	[48]	τὸ	_	_
1.5	1253	[2]	μέλαν	_	_
1.5	1254	[2]	πτύσμα	_	_
1.5	1255	[3]	πρὸς	_	_
1.5	1256	[11]	τῷ	_	_
1.5	1257	[7]	μὴ	_	_
1.5	1258	[2]	πεπέφθαι	_	_
1.5	1259	[77]	καὶ	_	_
1.5	1260	[1]	ὀλέθριόν	_	_
1.5	1261	[5]	ἐστιν	_	_
1.5	1262	[55]	.	b	_
1.5	1263	[3]	οὕτω	_	_
1.5	1264	[27]	δὲ	_	_
1.5	1265	[78]	καὶ	_	_
1.5	1266	[1]	οὖρον	_	_
1.5	1267	[3]	μέλαν	_	_
1.5	1268	[3]	οὐκ	_	_
1.5	1269	[2]	ἄπεπτον	_	_
1.5	1270	[3]	μόνον	_	_
1.5	1271	[76]	,	b	_
1.5	1272	[3]	ἀλλὰ	_	_
1.5	1273	[79]	καὶ	_	_
1.5	1274	[3]	ὀλέθριον	_	_
1.5	1275	[56]	.	b	_
1.5	1276	[3]	ἔστι	_	_
1.5	1277	[28]	δὲ	_	_
1.5	1278	[2]	ἁπλῶς	_	_
1.5	1279	[3]	ἄπεπτον	_	_
1.5	1280	[49]	τὸ	_	_
1.5	1281	[1]	λεπτὸν	_	_
1.5	1282	[80]	καὶ	_	_
1.5	1283	[2]	λευκὸν	_	_
1.5	1284	[77]	,	b	_
1.5	1285	[2]	ὅπερ	_	_
1.5	1286	[1]	ὑδατῶδες	_	_
1.5	1287	[3]	ὀνομάζομεν	_	_
1.5	1288	[57]	.	b	_
1.6	1	[1]	Ἐπὶ	_	_
1.6	2	[1]	τὸν	_	_
1.6	3	[1]	ἀφορισμὸν	_	_
1.6	4	[1]	οὖν	_	_
1.6	5	[1]	αὖθις	_	_
1.6	6	[1]	ἐπανέλθωμεν	_	_
1.6	7	[2]	τὸν	_	_
1.6	8	[1]	λέγοντα	_	_
1.6	9	[1]	,	b	_
1.6	10	[1]	τοὺς	_	_
1.6	11	[1]	δὲ	_	_
1.6	12	[1]	παροξυσμοὺς	_	_
1.6	13	[1]	καὶ	_	_
1.6	14	[1]	τὰς	_	_
1.6	15	[1]	καταστάσιας	_	_
1.6	16	[1]	δηλώσουσιν	_	_
1.6	17	[1]	αἱ	_	_
1.6	18	[1]	νοῦσοι	_	_
1.6	19	[2]	καὶ	_	_
1.6	20	[2]	αἱ	_	_
1.6	21	[1]	ὧραι	_	_
1.6	22	[1]	τοῦ	_	_
1.6	23	[1]	ἔτεος	_	_
1.6	24	[3]	καὶ	_	_
1.6	25	[3]	αἱ	_	_
1.6	26	[1]	τῶν	_	_
1.6	27	[1]	περιόδων	_	_
1.6	28	[1]	πρὸς	_	_
1.6	29	[1]	ἀλλήλας	_	_
1.6	30	[1]	ἐπιδόσιες	_	_
1.6	31	[2]	,	b	_
1.6	32	[1]	ἤν	_	_
1.6	33	[1]	τε	_	_
1.6	34	[1]	καθ	_	_
1.6	35	[1]	’	b	_
1.6	36	[1]	ἡμέρην	_	_
1.6	37	[3]	,	b	_
1.6	38	[2]	ἤν	_	_
1.6	39	[2]	τε	_	_
1.6	40	[1]	παρ	_	_
1.6	41	[2]	’	b	_
1.6	42	[2]	ἡμέρην	_	_
1.6	43	[4]	,	b	_
1.6	44	[3]	ἤν	_	_
1.6	45	[3]	τε	_	_
1.6	46	[4]	καὶ	_	_
1.6	47	[1]	διὰ	_	_
1.6	48	[1]	πλείονος	_	_
1.6	49	[1]	χρόνου	_	_
1.6	50	[1]	γίνωνται	_	_
1.6	51	[1]	.	b	_
1.6	52	[1]	ἀτὰρ	_	_
1.6	53	[5]	καὶ	_	_
1.6	54	[1]	τοῖσιν	_	_
1.6	55	[1]	ἐπιφαινομένοισιν	_	_
1.6	56	[1]	οἷον	_	_
1.6	57	[1]	ἐν	_	_
1.6	58	[1]	πλευριτικοῖσι	_	_
1.6	59	[1]	πτύελον	_	_
1.6	60	[5]	,	b	_
1.6	61	[1]	ἢν	_	_
1.6	62	[1]	αὐτίκα	_	_
1.6	63	[1]	ἐπιφαίνηται	_	_
1.6	64	[6]	,	b	_
1.6	65	[1]	ἀρχομένου	_	_
1.6	66	[1]	μὲν	_	_
1.6	67	[1]	βραχύνει	_	_
1.6	68	[7]	,	b	_
1.6	69	[2]	ἢν	_	_
1.6	70	[2]	δὲ	_	_
1.6	71	[1]	ὕστερον	_	_
1.6	72	[2]	ἐπιφαίνηται	_	_
1.6	73	[8]	,	b	_
1.6	74	[1]	μηκύνει	_	_
1.6	75	[2]	.	b	_
1.6	76	[6]	καὶ	_	_
1.6	77	[1]	οὖρα	_	_
1.6	78	[7]	καὶ	_	_
1.6	79	[1]	ὑποχωρήματα	_	_
1.6	80	[8]	καὶ	_	_
1.6	81	[1]	ἱδρῶτες	_	_
1.6	82	[9]	καὶ	_	_
1.6	83	[1]	δύσκριτα	_	_
1.6	84	[10]	καὶ	_	_
1.6	85	[1]	εὔκριτα	_	_
1.6	86	[11]	καὶ	_	_
1.6	87	[1]	βραχέα	_	_
1.6	88	[12]	καὶ	_	_
1.6	89	[1]	μακρὰ	_	_
1.6	90	[1]	τὰ	_	_
1.6	91	[1]	νοσήματα	_	_
1.6	92	[1]	ἐπιφαινόμενα	_	_
1.6	93	[1]	δηλοῖ	_	_
1.6	94	[3]	.	b	_
1.6	95	[1]	σαφῶς	_	_
1.6	96	[1]	γὰρ	_	_
1.6	97	[1]	ταῦτα	_	_
1.6	98	[2]	τῶν	_	_
1.6	99	[2]	ἐν	_	_
1.6	100	[1]	τῷ	_	_
1.6	101	[1]	προγνωστικῷ	_	_
1.6	102	[1]	γεγραμμένων	_	_
1.6	103	[1]	ἁπάντων	_	_
1.6	104	[1]	ἐστὶν	_	_
1.6	105	[1]	ἐπιτομὴ	_	_
1.6	106	[9]	,	b	_
1.6	107	[2]	τὰ	_	_
1.6	108	[1]	κεφάλαια	_	_
1.6	109	[1]	μόνον	_	_
1.6	110	[1]	αὐτὰ	_	_
1.6	111	[3]	τῶν	_	_
1.6	112	[3]	ἐν	_	_
1.6	113	[1]	ἐκείνῳ	_	_
1.6	114	[1]	κατὰ	_	_
1.6	115	[1]	μέρος	_	_
1.6	116	[1]	εἰρημένων	_	_
1.6	117	[10]	,	b	_
1.6	118	[1]	﻿	_	_
1.6	119	[1]	εἰς	_	_
1.6	120	[2]	τοὺς	_	_
1.6	121	[1]	ἀφορισμοὺς	_	_
1.6	122	[1]	μεταθεῖναι	_	_
1.6	123	[1]	πειραθέντος	_	_
1.6	124	[2]	τοῦ	_	_
1.6	125	[1]	παλαιοῦ	_	_
1.6	126	[4]	.	b	_
1.6	127	[1]	τίνα	_	_
1.6	128	[1]	δ	_	_
1.6	129	[3]	’	b	_
1.6	130	[1]	ἦν	_	_
1.6	131	[3]	τὰ	_	_
1.6	132	[2]	κεφάλαια	_	_
1.6	133	[1]	;	b	_
1.6	134	[1]	πολλάκις	_	_
1.6	135	[2]	γὰρ	_	_
1.6	136	[2]	αὐτὰ	_	_
1.6	137	[1]	ἀναλαμβάνειν	_	_
1.6	138	[1]	κάλλιον	_	_
1.6	139	[1]	οἶμαι	_	_
1.6	140	[11]	,	b	_
1.6	141	[1]	ἵνα	_	_
1.6	142	[1]	κᾂν	_	_
1.6	143	[1]	νῦν	_	_
1.6	144	[1]	τις	_	_
1.6	145	[1]	αἰδεσθεὶς	_	_
1.6	146	[1]	μάθῃ	_	_
1.6	147	[1]	ἀρχῆς	_	_
1.6	148	[4]	τε	_	_
1.6	149	[1]	νοσήματος	_	_
1.6	150	[1]	εἶναι	_	_
1.6	151	[1]	διαγνωστικὸς	_	_
1.6	152	[13]	καὶ	_	_
1.6	153	[1]	τῆς	_	_
1.6	154	[1]	μελλούσης	_	_
1.6	155	[1]	ἀκμῆς	_	_
1.6	156	[1]	προγνωστικὸς	_	_
1.6	157	[12]	,	b	_
1.6	158	[1]	τουτέστιν	_	_
1.6	159	[13]	,	b	_
1.6	160	[1]	ὡς	_	_
1.6	161	[1]	αὐτός	_	_
1.6	162	[1]	φησι	_	_
1.6	163	[14]	,	b	_
1.6	164	[14]	καὶ	_	_
1.6	165	[1]	ἡ	_	_
1.6	166	[3]	τοῦ	_	_
1.6	167	[2]	νοσήματος	_	_
1.6	168	[1]	ἰδέα	_	_
1.6	169	[15]	καὶ	_	_
1.6	170	[2]	ἡ	_	_
1.6	171	[2]	τῆς	_	_
1.6	172	[1]	ὥρας	_	_
1.6	173	[1]	φύσις	_	_
1.6	174	[15]	,	b	_
1.6	175	[16]	καὶ	_	_
1.6	176	[4]	τῶν	_	_
1.6	177	[1]	παροξυσμῶν	_	_
1.6	178	[4]	αἱ	_	_
1.6	179	[1]	περίοδοι	_	_
1.6	180	[16]	,	b	_
1.6	181	[17]	καὶ	_	_
1.6	182	[4]	τὰ	_	_
1.6	183	[1]	τοῖς	_	_
1.6	184	[1]	νοσήμασι	_	_
1.6	185	[2]	ἐπιφαινόμενα	_	_
1.6	186	[5]	.	b	_
1.6	187	[18]	καὶ	_	_
1.6	188	[1]	δὴ	_	_
1.6	189	[1]	πάλιν	_	_
1.6	190	[1]	ἐπὶ	_	_
1.6	191	[4]	τοῦ	_	_
1.6	192	[1]	αὐτοῦ	_	_
1.6	193	[1]	παραδείγματος	_	_
1.6	194	[1]	ὁ	_	_
1.6	195	[1]	λόγος	_	_
1.6	196	[1]	μοι	_	_
1.6	197	[1]	γινέσθω	_	_
1.6	198	[17]	,	b	_
1.6	199	[1]	διαστελλομένῳ	_	_
1.6	200	[1]	βραχύ	_	_
1.6	201	[1]	τι	_	_
1.6	202	[1]	περὶ	_	_
1.6	203	[5]	τῶν	_	_
1.6	204	[1]	ὀνομάτων	_	_
1.6	205	[18]	,	b	_
1.6	206	[1]	οἷς	_	_
1.6	207	[1]	οἱ	_	_
1.6	208	[1]	παλαιοὶ	_	_
1.6	209	[2]	μὲν	_	_
1.6	210	[19]	,	b	_
1.6	211	[1]	ὥσπερ	_	_
1.6	212	[2]	ἦν	_	_
1.6	213	[19]	καὶ	_	_
1.6	214	[1]	προσῆκον	_	_
1.6	215	[20]	,	b	_
1.6	216	[1]	ἐχρῶντο	_	_
1.6	217	[5]	τοῦ	_	_
1.6	218	[1]	δηλῶσαι	_	_
1.6	219	[1]	τὸ	_	_
1.6	220	[1]	νοούμενον	_	_
1.6	221	[1]	ἕνεκα	_	_
1.6	222	[6]	.	b	_
1.6	223	[2]	τὸ	_	_
1.6	224	[1]	σύμπαν	_	_
1.6	225	[2]	δ	_	_
1.6	226	[4]	’	b	_
1.6	227	[1]	αὐτῆς	_	_
1.6	228	[3]	ἦν	_	_
1.6	229	[1]	σπούδασμα	_	_
1.6	230	[3]	ἡ	_	_
1.6	231	[6]	τῶν	_	_
1.6	232	[1]	πραγμάτων	_	_
1.6	233	[1]	αὐτῶν	_	_
1.6	234	[1]	ἀκριβὴς	_	_
1.6	235	[1]	γνῶσις	_	_
1.6	236	[7]	.	b	_
1.6	237	[2]	οἱ	_	_
1.6	238	[1]	νεώτεροι	_	_
1.6	239	[3]	δὲ	_	_
1.6	240	[1]	ὀλίγου	_	_
1.6	241	[1]	δεῖν	_	_
1.6	242	[1]	ἅπαντες	_	_
1.6	243	[4]	ἐν	_	_
1.6	244	[2]	τοῖς	_	_
1.6	245	[1]	ὀνόμασι	_	_
1.6	246	[1]	κατατρίβουσι	_	_
1.6	247	[3]	τὸν	_	_
1.6	248	[1]	ἑαυτῶν	_	_
1.6	249	[1]	βίον	_	_
1.6	250	[21]	,	b	_
1.6	251	[1]	ἀμελήσαντες	_	_
1.6	252	[7]	τῶν	_	_
1.6	253	[2]	πραγμάτων	_	_
1.6	254	[8]	.	b	_
1.6	255	[1]	ἀρχὴν	_	_
1.6	256	[2]	οὖν	_	_
1.6	257	[3]	τῆς	_	_
1.6	258	[1]	νόσου	_	_
1.6	259	[20]	καὶ	_	_
1.6	260	[1]	τὴν	_	_
1.6	261	[1]	πρώτην	_	_
1.6	262	[3]	μὲν	_	_
1.6	263	[1]	εἰσβολὴν	_	_
1.6	264	[21]	καὶ	_	_
1.6	265	[2]	τὴν	_	_
1.6	266	[1]	ἀμερῆ	_	_
1.6	267	[6]	τοῦ	_	_
1.6	268	[1]	πρώτου	_	_
1.6	269	[1]	παροξυσμοῦ	_	_
1.6	270	[1]	καλοῦσι	_	_
1.6	271	[9]	.	b	_
1.6	272	[1]	καθάπερ	_	_
1.6	273	[3]	τὸ	_	_
1.6	274	[2]	νῦν	_	_
1.6	275	[22]	,	b	_
1.6	276	[4]	τὸ	_	_
1.6	277	[1]	ἀπλατές	_	_
1.6	278	[10]	.	b	_
1.6	279	[1]	ἤδη	_	_
1.6	280	[4]	δὲ	_	_
1.6	281	[22]	καὶ	_	_
1.6	282	[1]	χρόνον	_	_
1.6	283	[1]	τινὰ	_	_
1.6	284	[1]	πλατύτερον	_	_
1.6	285	[11]	.	b	_
1.6	286	[2]	ὥσπερ	_	_
1.6	287	[1]	ἐπ	_	_
1.6	288	[5]	’	b	_
1.6	289	[2]	αὐτοῦ	_	_
1.6	290	[2]	πάλιν	_	_
1.6	291	[7]	τοῦ	_	_
1.6	292	[3]	νῦν	_	_
1.6	293	[23]	,	b	_
1.6	294	[1]	ἐπειδὰν	_	_
1.6	295	[1]	ἤτοι	_	_
1.6	296	[1]	χειμῶνα	_	_
1.6	297	[4]	νῦν	_	_
1.6	298	[2]	εἶναι	_	_
1.6	299	[1]	λέγωμεν	_	_
1.6	300	[24]	,	b	_
1.6	301	[1]	ἢ	_	_
1.6	302	[1]	θέρος	_	_
1.6	303	[25]	,	b	_
1.6	304	[1]	ἤ	_	_
1.6	305	[1]	τινα	_	_
1.6	306	[8]	τῶν	_	_
1.6	307	[1]	ἄλλων	_	_
1.6	308	[1]	ὡρῶν	_	_
1.6	309	[12]	.	b	_
1.6	310	[1]	ὅτι	_	_
1.6	311	[4]	μὲν	_	_
1.6	312	[3]	οὖν	_	_
1.6	313	[5]	ἐν	_	_
1.6	314	[1]	οὐδενὶ	_	_
1.6	315	[9]	τῶν	_	_
1.6	316	[1]	τοιούτων	_	_
1.6	317	[1]	λόγων	_	_
1.6	318	[2]	ὁ	_	_
1.6	319	[1]	Ἱπποκράτης	_	_
1.6	320	[26]	,	b	_
1.6	321	[1]	οἷος	_	_
1.6	322	[1]	ὅ	_	_
1.6	323	[5]	τε	_	_
1.6	324	[1]	προγεγραμμένος	_	_
1.6	325	[1]	ἀφορισμός	_	_
1.6	326	[1]	ἐστιν	_	_
1.6	327	[23]	καὶ	_	_
1.6	328	[1]	ἄλλοι	_	_
1.6	329	[1]	πολλοὶ	_	_
1.6	330	[10]	τῶν	_	_
1.6	331	[1]	ἐφεξῆς	_	_
1.6	332	[1]	εἰρησομένων	_	_
1.6	333	[27]	,	b	_
1.6	334	[2]	ἀρχὴν	_	_
1.6	335	[1]	ὀνομάζει	_	_
1.6	336	[3]	τὴν	_	_
1.6	337	[2]	πρώτην	_	_
1.6	338	[1]	ἐκείνην	_	_
1.6	339	[24]	καὶ	_	_
1.6	340	[2]	ἀμερῆ	_	_
1.6	341	[11]	τῶν	_	_
1.6	342	[1]	νοσημάτων	_	_
1.6	343	[2]	εἰσβολὴν	_	_
1.6	344	[28]	,	b	_
1.6	345	[1]	εὔδηλον	_	_
1.6	346	[1]	παντί	_	_
1.6	347	[13]	.	b	_
1.6	348	[1]	πῶς	_	_
1.6	349	[3]	γὰρ	_	_
1.6	350	[2]	ἤτοι	_	_
1.6	351	[5]	τὸ	_	_
1.6	352	[2]	περὶ	_	_
1.6	353	[2]	τὰς	_	_
1.6	354	[1]	ἀρχὰς	_	_
1.6	355	[12]	τῶν	_	_
1.6	356	[1]	νούσων	_	_
1.6	357	[1]	σκεπτέον	_	_
1.6	358	[29]	,	b	_
1.6	359	[1]	εἰ	_	_
1.6	360	[2]	αὐτίκα	_	_
1.6	361	[1]	ἀνθεῖ	_	_
1.6	362	[30]	,	b	_
1.6	363	[1]	δύναιτ	_	_
1.6	364	[6]	’	b	_
1.6	365	[1]	ἄν	_	_
1.6	366	[2]	τις	_	_
1.6	367	[1]	οὕτως	_	_
1.6	368	[1]	εἰρῆσθαι	_	_
1.6	369	[1]	νομίζειν	_	_
1.6	370	[31]	,	b	_
1.6	371	[2]	ἢ	_	_
1.6	372	[6]	τὸ	_	_
1.6	373	[32]	,	b	_
1.6	374	[1]	ἀρχομένων	_	_
1.6	375	[13]	τῶν	_	_
1.6	376	[2]	νούσων	_	_
1.6	377	[33]	,	b	_
1.6	378	[4]	ἤν	_	_
1.6	379	[2]	τι	_	_
1.6	380	[1]	δοκέῃ	_	_
1.6	381	[1]	κινέειν	_	_
1.6	382	[34]	,	b	_
1.6	383	[1]	κίνει	_	_
1.6	384	[1]	·	b	_
1.6	385	[1]	ἀκμαζουσῶν	_	_
1.6	386	[5]	δὲ	_	_
1.6	387	[1]	ἡσυχίην	_	_
1.6	388	[1]	ἔχειν	_	_
1.6	389	[1]	βέλτιόν	_	_
1.6	390	[1]	ἐστι	_	_
1.6	391	[14]	.	b	_
1.6	392	[25]	καὶ	_	_
1.6	393	[7]	τὸ	_	_
1.6	394	[35]	,	b	_
1.6	395	[3]	ἢν	_	_
1.6	396	[4]	οὖν	_	_
1.6	397	[6]	ἐν	_	_
1.6	398	[1]	ἀρχῇ	_	_
1.6	399	[4]	τῆς	_	_
1.6	400	[1]	νούσου	_	_
1.6	401	[8]	τὸ	_	_
1.6	402	[1]	πρόσωπον	_	_
1.6	403	[1]	τοιόνδε	_	_
1.6	404	[1]	ᾖ	_	_
1.6	405	[15]	.	b	_
1.6	406	[9]	τὸ	_	_
1.6	407	[4]	γὰρ	_	_
1.6	408	[1]	νεκρῶδες	_	_
1.6	409	[1]	ἐκεῖνο	_	_
1.6	410	[2]	πρόσωπον	_	_
1.6	411	[36]	,	b	_
1.6	412	[1]	ἐφ	_	_
1.6	413	[7]	’	b	_
1.6	414	[1]	οὗ	_	_
1.6	415	[2]	ταῦτα	_	_
1.6	416	[1]	λέγεται	_	_
1.6	417	[37]	,	b	_
1.6	418	[2]	κατὰ	_	_
1.6	419	[4]	τὴν	_	_
1.6	420	[1]	ἀκριβῶς	_	_
1.6	421	[3]	πρώτην	_	_
1.6	422	[3]	εἰσβολὴν	_	_
1.6	423	[14]	τῶν	_	_
1.6	424	[2]	νοσημάτων	_	_
1.6	425	[1]	οὐκ	_	_
1.6	426	[2]	ἄν	_	_
1.6	427	[1]	ποτε	_	_
1.6	428	[1]	δύναιτο	_	_
1.6	429	[1]	συστῆναι	_	_
1.6	430	[16]	.	b	_
1.6	431	[3]	κατὰ	_	_
1.6	432	[1]	ταὐτὰ	_	_
1.6	433	[6]	δὲ	_	_
1.6	434	[1]	κᾀν	_	_
1.6	435	[2]	τῷ	_	_
1.6	436	[1]	λέγειν	_	_
1.6	437	[2]	·	b	_
1.6	438	[7]	ἐν	_	_
1.6	439	[2]	τοῖσιν	_	_
1.6	440	[1]	ὀξέσι	_	_
1.6	441	[1]	πάθεσιν	_	_
1.6	442	[1]	ὀλιγάκις	_	_
1.6	443	[26]	καὶ	_	_
1.6	444	[8]	ἐν	_	_
1.6	445	[1]	ἀρχῇσι	_	_
1.6	446	[1]	τῇσι	_	_
1.6	447	[1]	φαρμακίῃσι	_	_
1.6	448	[1]	χρέεσθαι	_	_
1.6	449	[38]	,	b	_
1.6	450	[5]	τὴν	_	_
1.6	451	[2]	εἰς	_	_
1.6	452	[1]	πλάτος	_	_
1.6	453	[2]	χρόνου	_	_
1.6	454	[1]	προήκουσαν	_	_
1.6	455	[3]	ἀρχὴν	_	_
1.6	456	[1]	ἐνδείκνυται	_	_
1.6	457	[17]	.	b	_
1.6	458	[27]	καὶ	_	_
1.6	459	[1]	πολὺ	_	_
1.6	460	[2]	δὴ	_	_
1.6	461	[1]	μᾶλλον	_	_
1.6	462	[9]	ἐν	_	_
1.6	463	[3]	τῷ	_	_
1.6	464	[1]	φάναι	_	_
1.6	465	[3]	·	b	_
1.6	466	[4]	κατὰ	_	_
1.6	467	[3]	τὰς	_	_
1.6	468	[2]	ἀρχὰς	_	_
1.6	469	[28]	καὶ	_	_
1.6	470	[5]	τὰ	_	_
1.6	471	[1]	τέλη	_	_
1.6	472	[1]	πάντα	_	_
1.6	473	[1]	ἀσθενέστερα	_	_
1.6	474	[39]	,	b	_
1.6	475	[5]	κατὰ	_	_
1.6	476	[7]	δὲ	_	_
1.6	477	[4]	τὰς	_	_
1.6	478	[1]	ἀκμὰς	_	_
1.6	479	[1]	ἰσχυρότερα	_	_
1.6	480	[18]	.	b	_
1.6	481	[29]	καὶ	_	_
1.6	482	[5]	μὲν	_	_
1.6	483	[3]	δὴ	_	_
1.6	484	[30]	καὶ	_	_
1.6	485	[15]	τῶν	_	_
1.6	486	[3]	νοσημάτων	_	_
1.6	487	[1]	ὁκόσων	_	_
1.6	488	[2]	ἀρχομένων	_	_
1.6	489	[4]	ἢν	_	_
1.6	490	[1]	χολὴ	_	_
1.6	491	[1]	μέλαινα	_	_
1.6	492	[3]	ἢ	_	_
1.6	493	[1]	ἄνω	_	_
1.6	494	[40]	,	b	_
1.6	495	[4]	ἢ	_	_
1.6	496	[1]	κάτω	_	_
1.6	497	[1]	ὑπέλθοι	_	_
1.6	498	[41]	,	b	_
1.6	499	[1]	θανάσιμον	_	_
1.6	500	[42]	,	b	_
1.6	501	[1]	ὡσαύτως	_	_
1.6	502	[1]	εἴρηται	_	_
1.6	503	[19]	.	b	_
1.6	504	[6]	κατὰ	_	_
1.6	505	[8]	δὲ	_	_
1.6	506	[4]	τὸν	_	_
1.6	507	[1]	αὐτὸν	_	_
1.6	508	[1]	τρόπον	_	_
1.6	509	[10]	ἐν	_	_
1.6	510	[4]	τῷ	_	_
1.6	511	[3]	περὶ	_	_
1.6	512	[1]	διαίτης	_	_
1.6	513	[1]	ὀξέων	_	_
1.6	514	[43]	,	b	_
1.6	515	[2]	ἐπὶ	_	_
1.6	516	[8]	τοῦ	_	_
1.6	517	[1]	καταλόγου	_	_
1.6	518	[16]	τῶν	_	_
1.6	519	[1]	σφοδρῶν	_	_
1.6	520	[1]	ἐκείνων	_	_
1.6	521	[1]	συμπτωμάτων	_	_
1.6	522	[1]	ἐπήνεγκε	_	_
1.6	523	[4]	·	b	_
1.6	524	[3]	ταῦτα	_	_
1.6	525	[9]	δὲ	_	_
1.6	526	[11]	ἐν	_	_
1.6	527	[1]	ἀρχῇσιν	_	_
1.6	528	[3]	ἐπιφαινόμενα	_	_
1.6	529	[1]	παραφροσύνης	_	_
1.6	530	[1]	ἐστὶ	_	_
1.6	531	[1]	δηλωτικὰ	_	_
1.6	532	[1]	σφοδροτάτης	_	_
1.6	533	[44]	,	b	_
1.6	534	[31]	καὶ	_	_
1.6	535	[2]	ὡς	_	_
1.6	536	[3]	ἐπὶ	_	_
1.6	537	[10]	τὸ	_	_
1.6	538	[2]	πολὺ	_	_
1.6	539	[1]	ἀποθνήσκουσιν	_	_
1.6	540	[20]	.	b	_
1.6	541	[7]	κατὰ	_	_
1.6	542	[2]	ταὐτὰ	_	_
1.6	543	[10]	δὲ	_	_
1.6	544	[1]	τούτοις	_	_
1.6	545	[1]	δηλονότι	_	_
1.6	546	[32]	καὶ	_	_
1.6	547	[11]	τὸ	_	_
1.6	548	[8]	κατὰ	_	_
1.6	549	[5]	τὸν	_	_
1.6	550	[2]	ἀφορισμὸν	_	_
1.6	551	[1]	ἔχει	_	_
1.6	552	[6]	τὸν	_	_
1.6	553	[5]	νῦν	_	_
1.6	554	[1]	ἡμῖν	_	_
1.6	555	[1]	προκείμενον	_	_
1.6	556	[45]	,	b	_
1.6	557	[12]	ἐν	_	_
1.6	558	[1]	ᾧ	_	_
1.6	559	[1]	φησιν	_	_
1.6	560	[5]	·	b	_
1.6	561	[2]	οἷον	_	_
1.6	562	[13]	ἐν	_	_
1.6	563	[1]	πλευριτικοῖσιν	_	_
1.6	564	[46]	,	b	_
1.6	565	[2]	πτύελον	_	_
1.6	566	[3]	αὐτίκα	_	_
1.6	567	[5]	ἢν	_	_
1.6	568	[3]	ἐπιφαίνηται	_	_
1.6	569	[47]	,	b	_
1.6	570	[2]	ἀρχομένου	_	_
1.6	571	[6]	μὲν	_	_
1.6	572	[2]	βραχύνει	_	_
1.6	573	[21]	.	b	_
1.6	574	[1]	οὐ	_	_
1.6	575	[5]	γὰρ	_	_
1.6	576	[4]	δὴ	_	_
1.6	577	[1]	τήν	_	_
1.6	578	[1]	γε	_	_
1.6	579	[4]	πρώτην	_	_
1.6	580	[2]	ἀκριβῶς	_	_
1.6	581	[4]	εἰσβολὴν	_	_
1.6	582	[1]	σημαίνει	_	_
1.6	583	[6]	νῦν	_	_
1.6	584	[12]	τὸ	_	_
1.6	585	[3]	ἀρχομένου	_	_
1.6	586	[1]	διά	_	_
1.6	587	[6]	τε	_	_
1.6	588	[6]	τὴν	_	_
1.6	589	[1]	φύσιν	_	_
1.6	590	[1]	αὐτὴν	_	_
1.6	591	[17]	τῶν	_	_
1.6	592	[3]	πραγμάτων	_	_
1.6	593	[33]	καὶ	_	_
1.6	594	[2]	διὰ	_	_
1.6	595	[13]	τὸ	_	_
1.6	596	[1]	μηδ	_	_
1.6	597	[8]	’	b	_
1.6	598	[1]	ἂν	_	_
1.6	599	[4]	ἐπιφαινόμενα	_	_
1.6	600	[6]	τὰ	_	_
1.6	601	[1]	τοιαῦτα	_	_
1.6	602	[1]	δύνασθαι	_	_
1.6	603	[1]	λεχθῆναι	_	_
1.6	604	[22]	.	b	_
1.6	605	[1]	τίνι	_	_
1.6	606	[6]	γὰρ	_	_
1.6	607	[1]	ἔτι	_	_
1.6	608	[1]	διοίσει	_	_
1.6	609	[18]	τῶν	_	_
1.6	610	[1]	συνεισβαλόντων	_	_
1.6	611	[2]	;	b	_
1.6	612	[1]	ἐκεῖνα	_	_
1.6	613	[7]	μὲν	_	_
1.6	614	[7]	γὰρ	_	_
1.6	615	[2]	σαφῶς	_	_
1.6	616	[2]	ἔχει	_	_
1.6	617	[7]	τὴν	_	_
1.6	618	[2]	αὐτὴν	_	_
1.6	619	[4]	ἀρχὴν	_	_
1.6	620	[1]	ἀλλήλων	_	_
1.6	621	[7]	τε	_	_
1.6	622	[34]	καὶ	_	_
1.6	623	[1]	τῇ	_	_
1.6	624	[1]	συμπάσῃ	_	_
1.6	625	[1]	νόσῳ	_	_
1.6	626	[23]	.	b	_
1.6	627	[1]	ἐπιφαίνεται	_	_
1.6	628	[11]	δὲ	_	_
1.6	629	[7]	τὰ	_	_
1.6	630	[8]	μὲν	_	_
1.6	631	[1]	εὐθὺς	_	_
1.6	632	[14]	ἐν	_	_
1.6	633	[2]	τῇ	_	_
1.6	634	[1]	πρώτῃ	_	_
1.6	635	[19]	τῶν	_	_
1.6	636	[1]	ἡμερῶν	_	_
1.6	637	[48]	,	b	_
1.6	638	[8]	τὰ	_	_
1.6	639	[3]	δ	_	_
1.6	640	[9]	’	b	_
1.6	641	[15]	ἐν	_	_
1.6	642	[3]	τῇ	_	_
1.6	643	[1]	δευτέρᾳ	_	_
1.6	644	[49]	,	b	_
1.6	645	[9]	τὰ	_	_
1.6	646	[4]	δ	_	_
1.6	647	[10]	’	b	_
1.6	648	[16]	ἐν	_	_
1.6	649	[4]	τῇ	_	_
1.6	650	[1]	τρίτῃ	_	_
1.6	651	[8]	τε	_	_
1.6	652	[35]	καὶ	_	_
1.6	653	[1]	τετάρτῃ	_	_
1.6	654	[50]	,	b	_
1.6	655	[10]	τὰ	_	_
1.6	656	[12]	δὲ	_	_
1.6	657	[36]	καὶ	_	_
1.6	658	[1]	προεληλυθότος	_	_
1.6	659	[2]	ἤδη	_	_
1.6	660	[9]	τοῦ	_	_
1.6	661	[3]	νοσήματος	_	_
1.6	662	[24]	.	b	_
1.7	1	[1]	Ἡ	_	_
1.7	2	[1]	δὲ	_	_
1.7	3	[1]	κατὰ	_	_
1.7	4	[1]	πλάτος	_	_
1.7	5	[1]	ἀρχὴ	_	_
1.7	6	[1]	κοινῇ	_	_
1.7	7	[1]	μέν	_	_
1.7	8	[1]	τινι	_	_
1.7	9	[1]	ταύτῃ	_	_
1.7	10	[1]	καὶ	_	_
1.7	11	[1]	προχείρῳ	_	_
1.7	12	[1]	φαντασίᾳ	_	_
1.7	13	[2]	καὶ	_	_
1.7	14	[1]	μήπω	_	_
1.7	15	[1]	μηδὲν	_	_
1.7	16	[1]	ἐχούσῃ	_	_
1.7	17	[1]	τεχνικὸν	_	_
1.7	18	[1]	ἐν	_	_
1.7	19	[1]	τῷ	_	_
1.7	20	[1]	πρώτῳ	_	_
1.7	21	[1]	παροξυσμῷ	_	_
1.7	22	[1]	περιέχεται	_	_
1.7	23	[1]	.	b	_
1.7	24	[3]	καὶ	_	_
1.7	25	[1]	διὰ	_	_
1.7	26	[1]	τοῦτο	_	_
1.7	27	[1]	τὰ	_	_
1.7	28	[1]	μὲν	_	_
1.7	29	[1]	εὐθὺς	_	_
1.7	30	[1]	ἀρχόμενα	_	_
1.7	31	[1]	τὴν	_	_
1.7	32	[1]	ἀκμὴν	_	_
1.7	33	[1]	ἀπειληφέναι	_	_
1.7	34	[1]	λέγεται	_	_
1.7	35	[1]	,	b	_
1.7	36	[1]	καθάπερ	_	_
1.7	37	[2]	ἐν	_	_
1.7	38	[2]	τῷ	_	_
1.7	39	[2]	πρώτῳ	_	_
1.7	40	[1]	τῶν	_	_
1.7	41	[1]	ἐπιδημιῶν	_	_
1.7	42	[2]	,	b	_
1.7	43	[1]	ἐπειδή	_	_
1.7	44	[1]	φησιν	_	_
1.7	45	[3]	,	b	_
1.7	46	[1]	αὐτίκα	_	_
1.7	47	[1]	γὰρ	_	_
1.7	48	[1]	συνεχής	_	_
1.7	49	[1]	ἐστιν	_	_
1.7	50	[1]	οἷσιν	_	_
1.7	51	[1]	ἀρχόμενος	_	_
1.7	52	[1]	ἀνθεῖ	_	_
1.7	53	[4]	καὶ	_	_
1.7	54	[1]	ἀκμάζει	_	_
1.7	55	[2]	.	b	_
1.7	56	[1]	τὸ	_	_
1.7	57	[2]	γὰρ	_	_
1.7	58	[1]	ἀρχόμενον	_	_
1.7	59	[1]	οὐκ	_	_
1.7	60	[1]	ἐπὶ	_	_
1.7	61	[1]	τοῦ	_	_
1.7	62	[1]	καιροῦ	_	_
1.7	63	[2]	τοῦ	_	_
1.7	64	[1]	νοσήματος	_	_
1.7	65	[1]	εἴρηται	_	_
1.7	66	[1]	νῦν	_	_
1.7	67	[4]	,	b	_
1.7	68	[1]	ἢ	_	_
1.7	69	[1]	μάχοιτ	_	_
1.7	70	[1]	’	b	_
1.7	71	[1]	ἂν	_	_
1.7	72	[1]	αὐτῷ	_	_
1.7	73	[2]	τὸ	_	_
1.7	74	[1]	ἀνθεῖν	_	_
1.7	75	[1]	τε	_	_
1.7	76	[5]	καὶ	_	_
1.7	77	[1]	ἀκμάζειν	_	_
1.7	78	[1]	·	b	_
1.7	79	[1]	ἀλλ	_	_
1.7	80	[2]	’	b	_
1.7	81	[2]	ἐπὶ	_	_
1.7	82	[3]	τοῦ	_	_
1.7	83	[1]	χρόνου	_	_
1.7	84	[1]	δηλονότι	_	_
1.7	85	[4]	τοῦ	_	_
1.7	86	[1]	μετὰ	_	_
1.7	87	[2]	τὴν	_	_
1.7	88	[1]	ἀκριβῶς	_	_
1.7	89	[1]	ἀρχὴν	_	_
1.7	90	[3]	τὴν	_	_
1.7	91	[1]	πρώτην	_	_
1.7	92	[5]	,	b	_
1.7	93	[1]	ἄχρι	_	_
1.7	94	[1]	τρίτης	_	_
1.7	95	[1]	τῆς	_	_
1.7	96	[1]	ἡμέρας	_	_
1.7	97	[3]	τὸ	_	_
1.7	98	[1]	πλεῖστον	_	_
1.7	99	[1]	ἐκτεταμένου	_	_
1.7	100	[3]	.	b	_
1.7	101	[1]	πάντως	_	_
1.7	102	[2]	μὲν	_	_
1.7	103	[3]	γὰρ	_	_
1.7	104	[1]	ὁ	_	_
1.7	105	[1]	πυρετὸς	_	_
1.7	106	[1]	οὗτος	_	_
1.7	107	[1]	ἀρχήν	_	_
1.7	108	[1]	τινα	_	_
1.7	109	[4]	τὴν	_	_
1.7	110	[2]	πρώτην	_	_
1.7	111	[1]	ἐκείνην	_	_
1.7	112	[6]	καὶ	_	_
1.7	113	[1]	ἀπλατῆ	_	_
1.7	114	[1]	ποιησάμενος	_	_
1.7	115	[6]	,	b	_
1.7	116	[1]	ἔπειθ	_	_
1.7	117	[3]	’	b	_
1.7	118	[1]	οὕτως	_	_
1.7	119	[1]	ἀναβάσει	_	_
1.7	120	[1]	τινὶ	_	_
1.7	121	[1]	χρησάμενος	_	_
1.7	122	[7]	,	b	_
1.7	123	[1]	ἀπολαμβάνει	_	_
1.7	124	[5]	τὴν	_	_
1.7	125	[1]	οἰκείαν	_	_
1.7	126	[2]	ἀκμὴν	_	_
1.7	127	[8]	,	b	_
1.7	128	[2]	ὁ	_	_
1.7	129	[3]	μὲν	_	_
1.7	130	[2]	εὐθὺς	_	_
1.7	131	[3]	ἐν	_	_
1.7	132	[1]	τῇ	_	_
1.7	133	[1]	πρώτῃ	_	_
1.7	134	[2]	τῶν	_	_
1.7	135	[1]	ἡμερῶν	_	_
1.7	136	[9]	,	b	_
1.7	137	[3]	ὁ	_	_
1.7	138	[2]	δὲ	_	_
1.7	139	[4]	ἐν	_	_
1.7	140	[2]	τῇ	_	_
1.7	141	[1]	δευτέρᾳ	_	_
1.7	142	[4]	.	b	_
1.7	143	[1]	οὐ	_	_
1.7	144	[1]	μὴν	_	_
1.7	145	[1]	ἀπό	_	_
1.7	146	[1]	γε	_	_
1.7	147	[2]	τῆς	_	_
1.7	148	[1]	εἰσβολῆς	_	_
1.7	149	[5]	τοῦ	_	_
1.7	150	[1]	πρώτου	_	_
1.7	151	[1]	παροξυσμοῦ	_	_
1.7	152	[1]	δύναιτ	_	_
1.7	153	[4]	’	b	_
1.7	154	[1]	ἄν	_	_
1.7	155	[1]	τις	_	_
1.7	156	[1]	γενέσθαι	_	_
1.7	157	[2]	πυρετὸς	_	_
1.7	158	[1]	ἀκμάζων	_	_
1.7	159	[5]	.	b	_
1.7	160	[2]	ἀλλ	_	_
1.7	161	[5]	’	b	_
1.7	162	[2]	ἄν	_	_
1.7	163	[2]	τε	_	_
1.7	164	[2]	κατὰ	_	_
1.7	165	[6]	τὴν	_	_
1.7	166	[3]	πρώτην	_	_
1.7	167	[1]	ἡμέραν	_	_
1.7	168	[3]	ἄν	_	_
1.7	169	[3]	τε	_	_
1.7	170	[3]	κατὰ	_	_
1.7	171	[7]	τὴν	_	_
1.7	172	[1]	δευτέραν	_	_
1.7	173	[1]	ἀκμάσας	_	_
1.7	174	[1]	ἐντεῦθεν	_	_
1.7	175	[2]	ἄχρι	_	_
1.7	176	[3]	τῆς	_	_
1.7	177	[1]	παντελοῦς	_	_
1.7	178	[1]	λύσεως	_	_
1.7	179	[1]	ἐκταθῇ	_	_
1.7	180	[10]	,	b	_
1.7	181	[1]	μηδεμίαν	_	_
1.7	182	[1]	αἰσθητὴν	_	_
1.7	183	[1]	ἑτέραν	_	_
1.7	184	[2]	παροξυσμοῦ	_	_
1.7	185	[1]	λαβὼν	_	_
1.7	186	[1]	εἰσβολὴν	_	_
1.7	187	[11]	,	b	_
1.7	188	[2]	οὕτως	_	_
1.7	189	[2]	ἂν	_	_
1.7	190	[1]	ἀπ	_	_
1.7	191	[6]	’	b	_
1.7	192	[1]	ἀρχῆς	_	_
1.7	193	[3]	εὐθὺς	_	_
1.7	194	[1]	λέγοιτο	_	_
1.7	195	[8]	τὴν	_	_
1.7	196	[1]	ἰδίαν	_	_
1.7	197	[3]	ἀκμὴν	_	_
1.7	198	[1]	ἐσχηκέναι	_	_
1.7	199	[6]	.	b	_
1.7	200	[7]	καὶ	_	_
1.7	201	[1]	τοῦτ	_	_
1.7	202	[7]	’	b	_
1.7	203	[1]	ἔστι	_	_
1.7	204	[4]	τὸ	_	_
1.7	205	[1]	πρὸς	_	_
1.7	206	[1]	Ἱπποκράτους	_	_
1.7	207	[1]	λεγόμενον	_	_
1.7	208	[7]	.	b	_
1.7	209	[2]	αὐτίκα	_	_
1.7	210	[4]	γὰρ	_	_
1.7	211	[2]	συνεχής	_	_
1.7	212	[2]	ἐστιν	_	_
1.7	213	[2]	οἷσιν	_	_
1.7	214	[2]	ἀρχόμενος	_	_
1.7	215	[2]	ἀνθεῖ	_	_
1.7	216	[8]	καὶ	_	_
1.7	217	[2]	ἀκμάζει	_	_
1.7	218	[8]	.	b	_
1.7	219	[1]	τοιοῦτον	_	_
1.7	220	[1]	οὖν	_	_
1.7	221	[1]	ἐστι	_	_
1.7	222	[9]	καὶ	_	_
1.7	223	[5]	τὸ	_	_
1.7	224	[5]	ἐν	_	_
1.7	225	[1]	πλευριτικοῖσι	_	_
1.7	226	[1]	πτύελον	_	_
1.7	227	[12]	,	b	_
1.7	228	[1]	ἢν	_	_
1.7	229	[3]	αὐτίκα	_	_
1.7	230	[1]	ἐπιφαίνηται	_	_
1.7	231	[13]	,	b	_
1.7	232	[1]	ἀρχομένου	_	_
1.7	233	[4]	μὲν	_	_
1.7	234	[1]	βραχύνει	_	_
1.7	235	[1]	πρὶν	_	_
1.7	236	[1]	τὸν	_	_
1.7	237	[1]	δεύτερον	_	_
1.7	238	[1]	εἰσβάλλειν	_	_
1.7	239	[2]	δηλονότι	_	_
1.7	240	[1]	παροξυσμόν	_	_
1.7	241	[9]	.	b	_
1.7	242	[1]	ἔτι	_	_
1.7	243	[5]	γὰρ	_	_
1.7	244	[1]	ἄρχεσθαι	_	_
1.7	245	[1]	λέγοιτ	_	_
1.7	246	[8]	’	b	_
1.7	247	[3]	ἂν	_	_
1.7	248	[1]	ἡ	_	_
1.7	249	[1]	πλευρῖτις	_	_
1.7	250	[14]	,	b	_
1.7	251	[2]	οὐ	_	_
1.7	252	[1]	μόνον	_	_
1.7	253	[1]	ἐπειδὰν	_	_
1.7	254	[1]	ἀνάβασιν	_	_
1.7	255	[4]	ὁ	_	_
1.7	256	[1]	τοιοῦτος	_	_
1.7	257	[1]	ἔχῃ	_	_
1.7	258	[1]	παροξυσμὸς	_	_
1.7	259	[15]	,	b	_
1.7	260	[2]	ἢ	_	_
1.7	261	[4]	ἀκμὴν	_	_
1.7	262	[16]	,	b	_
1.7	263	[1]	ἀλλὰ	_	_
1.7	264	[1]	κᾀν	_	_
1.7	265	[3]	τῇ	_	_
1.7	266	[1]	παρακμῇ	_	_
1.7	267	[1]	συμπάσῃ	_	_
1.7	268	[10]	.	b	_
1.7	269	[10]	καὶ	_	_
1.7	270	[1]	ὅλως	_	_
1.7	271	[2]	πρὶν	_	_
1.7	272	[2]	εἰσβάλλειν	_	_
1.7	273	[2]	τὸν	_	_
1.7	274	[2]	δεύτερον	_	_
1.7	275	[1]	παροξυσμὸν	_	_
1.7	276	[17]	,	b	_
1.7	277	[2]	διὰ	_	_
1.7	278	[2]	τρίτης	_	_
1.7	279	[1]	τοὐπίπαν	_	_
1.7	280	[6]	ἐν	_	_
1.7	281	[1]	πλευρίτισιν	_	_
1.7	282	[1]	ἀπαντῶντα	_	_
1.7	283	[11]	.	b	_
1.7	284	[1]	πᾶν	_	_
1.7	285	[2]	οὖν	_	_
1.7	286	[1]	ὅ	_	_
1.7	287	[1]	τι	_	_
1.7	288	[4]	ἂν	_	_
1.7	289	[2]	ἐπιφαίνηται	_	_
1.7	290	[1]	σημεῖον	_	_
1.7	291	[18]	,	b	_
1.7	292	[1]	ὀλιγοχρόνιόν	_	_
1.7	293	[4]	τε	_	_
1.7	294	[1]	ἅμα	_	_
1.7	295	[11]	καὶ	_	_
1.7	296	[1]	σωτήριον	_	_
1.7	297	[1]	ἔσεσθαι	_	_
1.7	298	[1]	δηλοῖ	_	_
1.7	299	[6]	τὸ	_	_
1.7	300	[1]	νόσημα	_	_
1.7	301	[12]	.	b	_
1.7	302	[2]	τοιοῦτον	_	_
1.7	303	[1]	δὴ	_	_
1.7	304	[12]	καὶ	_	_
1.7	305	[7]	τὸ	_	_
1.7	306	[1]	πτύελόν	_	_
1.7	307	[2]	ἐστι	_	_
1.7	308	[8]	τὸ	_	_
1.7	309	[7]	ἐν	_	_
1.7	310	[1]	τοῖς	_	_
1.7	311	[1]	πλευριτικοῖς	_	_
1.7	312	[13]	.	b	_
1.7	313	[1]	ἑκάστου	_	_
1.7	314	[6]	γὰρ	_	_
1.7	315	[3]	τῶν	_	_
1.7	316	[1]	μορίων	_	_
1.7	317	[6]	τοῦ	_	_
1.7	318	[1]	σώματος	_	_
1.7	319	[9]	τὸ	_	_
1.7	320	[1]	περίττωμα	_	_
1.7	321	[9]	τὴν	_	_
1.7	322	[1]	ὑπάρχουσαν	_	_
1.7	323	[2]	αὐτῷ	_	_
1.7	324	[1]	διάθεσιν	_	_
1.7	325	[1]	ἐνδείκνυται	_	_
1.7	326	[19]	,	b	_
1.7	327	[1]	πεπεμμένον	_	_
1.7	328	[5]	μὲν	_	_
1.7	329	[1]	ὑγιεινήν	_	_
1.7	330	[20]	,	b	_
1.7	331	[1]	ἄπεπτον	_	_
1.7	332	[3]	δὲ	_	_
1.7	333	[1]	ὑπάρχον	_	_
1.7	334	[1]	νοσεράν	_	_
1.7	335	[14]	.	b	_
1.7	336	[1]	οὕτω	_	_
1.7	337	[1]	γοῦν	_	_
1.7	338	[2]	εἴρηται	_	_
1.7	339	[1]	κᾀκεῖνα	_	_
1.7	340	[15]	.	b	_
1.7	341	[1]	διαχώρημα	_	_
1.7	342	[4]	δὲ	_	_
1.7	343	[1]	ἄριστόν	_	_
1.7	344	[3]	ἐστιν	_	_
1.7	345	[10]	τὸ	_	_
1.7	346	[1]	μαλθακόν	_	_
1.7	347	[5]	τε	_	_
1.7	348	[13]	καὶ	_	_
1.7	349	[1]	συνεστηκὸς	_	_
1.7	350	[21]	,	b	_
1.7	351	[14]	καὶ	_	_
1.7	352	[10]	τὴν	_	_
1.7	353	[1]	ὥραν	_	_
1.7	354	[22]	,	b	_
1.7	355	[1]	ἥν	_	_
1.7	356	[1]	περ	_	_
1.7	357	[15]	καὶ	_	_
1.7	358	[1]	ὑγιαίνοντι	_	_
1.7	359	[1]	ὑπεχώρει	_	_
1.7	360	[16]	.	b	_
1.7	361	[1]	πλῆθος	_	_
1.7	362	[5]	δὲ	_	_
1.7	363	[2]	πρὸς	_	_
1.7	364	[1]	λόγον	_	_
1.7	365	[4]	τῶν	_	_
1.7	366	[1]	εἰσιόντων	_	_
1.7	367	[17]	.	b	_
1.7	368	[1]	τοιαύτης	_	_
1.7	369	[7]	γὰρ	_	_
1.7	370	[1]	ἐούσης	_	_
1.7	371	[4]	τῆς	_	_
1.7	372	[1]	διεξόδου	_	_
1.7	373	[2]	ἡ	_	_
1.7	374	[1]	κάτω	_	_
1.7	375	[1]	κοιλίη	_	_
1.7	376	[1]	ὑγιαίνοι	_	_
1.7	377	[4]	ἄν	_	_
1.7	378	[18]	.	b	_
1.7	379	[16]	καὶ	_	_
1.7	380	[1]	τοίνυν	_	_
1.7	381	[17]	καὶ	_	_
1.7	382	[11]	τὸ	_	_
1.7	383	[2]	πτύελον	_	_
1.7	384	[23]	,	b	_
1.7	385	[1]	ἐπειδὴ	_	_
1.7	386	[6]	μὲν	_	_
1.7	387	[2]	ἀκριβῶς	_	_
1.7	388	[1]	ὅμοιον	_	_
1.7	389	[1]	ᾖ	_	_
1.7	390	[1]	﻿	_	_
1.7	391	[2]	τοῖς	_	_
1.7	392	[5]	τῶν	_	_
1.7	393	[1]	ὑγιαινόντων	_	_
1.7	394	[24]	,	b	_
1.7	395	[3]	ἀκριβῶς	_	_
1.7	396	[1]	ὑγιαίνειν	_	_
1.7	397	[1]	ἐνδείξεται	_	_
1.7	398	[2]	τὰ	_	_
1.7	399	[5]	τῆς	_	_
1.7	400	[1]	ἀναπνοῆς	_	_
1.7	401	[1]	ὄργανα	_	_
1.7	402	[2]	·	b	_
1.7	403	[1]	παραποδιζόμενον	_	_
1.7	404	[1]	δέ	_	_
1.7	405	[2]	τι	_	_
1.7	406	[18]	καὶ	_	_
1.7	407	[7]	τοῦ	_	_
1.7	408	[4]	κατὰ	_	_
1.7	409	[1]	φύσιν	_	_
1.7	410	[1]	ἐξιστάμενον	_	_
1.7	411	[1]	εἰς	_	_
1.7	412	[1]	τοσοῦτον	_	_
1.7	413	[1]	ἐκεῖνα	_	_
1.7	414	[1]	βεβλάφθαι	_	_
1.7	415	[2]	δηλοῖ	_	_
1.7	416	[2]	εἰς	_	_
1.7	417	[1]	ὅσον	_	_
1.7	418	[5]	ἂν	_	_
1.7	419	[19]	καὶ	_	_
1.7	420	[1]	αὐτὸ	_	_
1.7	421	[6]	τῆς	_	_
1.7	422	[5]	κατὰ	_	_
1.7	423	[2]	φύσιν	_	_
1.7	424	[1]	ἰδέας	_	_
1.7	425	[1]	ἀπολείπηται	_	_
1.7	426	[19]	.	b	_
1.7	427	[12]	τὸ	_	_
1.7	428	[1]	δ	_	_
1.7	429	[9]	’	b	_
1.7	430	[1]	ἐναντιώτατον	_	_
1.7	431	[8]	τοῦ	_	_
1.7	432	[6]	κατὰ	_	_
1.7	433	[3]	φύσιν	_	_
1.7	434	[1]	ἄπεπτόν	_	_
1.7	435	[4]	ἐστιν	_	_
1.7	436	[20]	καὶ	_	_
1.7	437	[1]	μεγάλην	_	_
1.7	438	[2]	ἐνδείκνυται	_	_
1.7	439	[11]	τὴν	_	_
1.7	440	[6]	τῶν	_	_
1.7	441	[1]	πεπονθότων	_	_
1.7	442	[1]	τόπων	_	_
1.7	443	[1]	ἀσθένειαν	_	_
1.7	444	[20]	.	b	_
1.7	445	[1]	εἰ	_	_
1.7	446	[6]	δὲ	_	_
1.7	447	[21]	καὶ	_	_
1.7	448	[1]	μοχθηρᾶς	_	_
1.7	449	[1]	αἰτίας	_	_
1.7	450	[1]	ἔχει	_	_
1.7	451	[3]	τι	_	_
1.7	452	[1]	γνώρισμα	_	_
1.7	453	[25]	,	b	_
1.7	454	[2]	καθάπερ	_	_
1.7	455	[13]	τὸ	_	_
1.7	456	[1]	μέλαν	_	_
1.7	457	[26]	,	b	_
1.7	458	[1]	ὀλεθριώτατον	_	_
1.7	459	[1]	ἤδη	_	_
1.7	460	[14]	τὸ	_	_
1.7	461	[3]	τοιοῦτον	_	_
1.7	462	[21]	.	b	_
1.7	463	[2]	οὕτω	_	_
1.7	464	[7]	δὲ	_	_
1.7	465	[2]	ἔχει	_	_
1.7	466	[1]	κᾀπὶ	_	_
1.7	467	[7]	τῶν	_	_
1.7	468	[1]	οὔρων	_	_
1.7	469	[22]	.	b	_
1.7	470	[22]	καὶ	_	_
1.7	471	[8]	γὰρ	_	_
1.7	472	[23]	καὶ	_	_
1.7	473	[1]	τούτων	_	_
1.7	474	[1]	ὅσα	_	_
1.7	475	[7]	μὲν	_	_
1.7	476	[1]	ὁμοιότατα	_	_
1.7	477	[3]	τοῖς	_	_
1.7	478	[8]	τῶν	_	_
1.7	479	[2]	ὑγιαινόντων	_	_
1.7	480	[1]	ἐστὶν	_	_
1.7	481	[27]	,	b	_
1.7	482	[1]	ταυτὶ	_	_
1.7	483	[8]	μὲν	_	_
1.7	484	[1]	ἱκανῶς	_	_
1.7	485	[1]	εὐρωστεῖν	_	_
1.7	486	[3]	ἐνδείκνυται	_	_
1.7	487	[15]	τὸ	_	_
1.7	488	[1]	φλεβῶδες	_	_
1.7	489	[1]	γένος	_	_
1.7	490	[9]	τῶν	_	_
1.7	491	[1]	ὀργάνων	_	_
1.7	492	[3]	·	b	_
1.7	493	[2]	ὅσα	_	_
1.7	494	[8]	δὲ	_	_
1.7	495	[1]	ἀπεπτότερα	_	_
1.7	496	[28]	,	b	_
1.7	497	[12]	τὴν	_	_
1.7	498	[1]	ἀῤῥωστίαν	_	_
1.7	499	[1]	αὐτῶν	_	_
1.7	500	[1]	μηνύει	_	_
1.7	501	[23]	.	b	_
1.7	502	[3]	τὰ	_	_
1.7	503	[9]	δὲ	_	_
1.7	504	[1]	ἐναντιώτατα	_	_
1.7	505	[4]	τοῖς	_	_
1.7	506	[10]	τῶν	_	_
1.7	507	[3]	ὑγιαινόντων	_	_
1.7	508	[1]	αὐτὰ	_	_
1.7	509	[9]	μὲν	_	_
1.7	510	[1]	τελέως	_	_
1.7	511	[2]	ἐστὶν	_	_
1.7	512	[1]	ἄπεπτα	_	_
1.7	513	[29]	,	b	_
1.7	514	[2]	μεγάλην	_	_
1.7	515	[10]	δὲ	_	_
1.7	516	[2]	ἀῤῥωστίαν	_	_
1.7	517	[4]	ἐνδείκνυται	_	_
1.7	518	[9]	τοῦ	_	_
1.7	519	[1]	φλεβώδους	_	_
1.7	520	[1]	γένους	_	_
1.7	521	[1]	παντός	_	_
1.7	522	[24]	.	b	_
1.7	523	[3]	ὅσα	_	_
1.7	524	[11]	δὲ	_	_
1.7	525	[24]	καὶ	_	_
1.7	526	[7]	τῆς	_	_
1.7	527	[1]	κρατούσης	_	_
1.7	528	[2]	αἰτίας	_	_
1.7	529	[1]	ἐμφαίνει	_	_
1.7	530	[16]	τὸ	_	_
1.7	531	[1]	μοχθηρὸν	_	_
1.7	532	[30]	,	b	_
1.7	533	[1]	ὥσπερ	_	_
1.7	534	[25]	καὶ	_	_
1.7	535	[4]	τὰ	_	_
1.7	536	[1]	μέλανα	_	_
1.7	537	[31]	,	b	_
1.7	538	[2]	ταυτὶ	_	_
1.7	539	[1]	ἐσχάτως	_	_
1.7	540	[1]	ὀλέθρια	_	_
1.7	541	[25]	.	b	_
1.7	542	[3]	ταυτὶ	_	_
1.7	543	[10]	μὲν	_	_
1.7	544	[3]	οὖν	_	_
1.7	545	[5]	τὰ	_	_
1.7	546	[1]	τρία	_	_
1.7	547	[1]	γένη	_	_
1.7	548	[11]	τῶν	_	_
1.7	549	[1]	σημείων	_	_
1.7	550	[5]	ἐνδείκνυται	_	_
1.7	551	[1]	πέψιν	_	_
1.7	552	[2]	ἰδίαν	_	_
1.7	553	[1]	ἑκάστῳ	_	_
1.7	554	[26]	.	b	_
1.7	555	[8]	τῆς	_	_
1.7	556	[11]	μὲν	_	_
1.7	557	[2]	κάτω	_	_
1.7	558	[1]	γαστρὸς	_	_
1.7	559	[6]	τὰ	_	_
1.7	560	[7]	κατὰ	_	_
1.7	561	[4]	φύσιν	_	_
1.7	562	[1]	διαχωρήματα	_	_
1.7	563	[27]	.	b	_
1.7	564	[10]	τοῦ	_	_
1.7	565	[2]	φλεβώδους	_	_
1.7	566	[2]	δ	_	_
1.7	567	[10]	’	b	_
1.7	568	[1]	αὖ	_	_
1.7	569	[2]	γένους	_	_
1.7	570	[7]	τὰ	_	_
1.7	571	[1]	οὖρα	_	_
1.7	572	[28]	.	b	_
1.7	573	[12]	τῶν	_	_
1.7	574	[3]	δ	_	_
1.7	575	[11]	’	b	_
1.7	576	[1]	ἀναπνευστικῶν	_	_
1.7	577	[2]	ὀργάνων	_	_
1.7	578	[2]	μόνον	_	_
1.7	579	[8]	τὰ	_	_
1.7	580	[1]	πτύσματα	_	_
1.7	581	[29]	.	b	_
1.7	582	[3]	καθάπερ	_	_
1.7	583	[12]	δὲ	_	_
1.7	584	[1]	ταῦτα	_	_
1.7	585	[13]	τῶν	_	_
1.7	586	[2]	τόπων	_	_
1.7	587	[2]	αὐτῶν	_	_
1.7	588	[1]	ὅθεν	_	_
1.7	589	[1]	ἐκκρίνεται	_	_
1.7	590	[9]	τὰ	_	_
1.7	591	[1]	γνωρίσματα	_	_
1.7	592	[1]	φέρει	_	_
1.7	593	[32]	,	b	_
1.7	594	[8]	κατὰ	_	_
1.7	595	[3]	τὸν	_	_
1.7	596	[1]	αὐτὸν	_	_
1.7	597	[33]	,	b	_
1.7	598	[1]	οἶμαι	_	_
1.7	599	[34]	,	b	_
1.7	600	[1]	τρόπον	_	_
1.7	601	[26]	καὶ	_	_
1.7	602	[10]	τὰ	_	_
1.7	603	[2]	οὖρα	_	_
1.7	604	[1]	νεφρῶν	_	_
1.7	605	[27]	καὶ	_	_
1.7	606	[1]	οὐρητήρων	_	_
1.7	607	[28]	καὶ	_	_
1.7	608	[1]	κύστεως	_	_
1.7	609	[29]	καὶ	_	_
1.7	610	[1]	καυλοῦ	_	_
1.7	611	[30]	.	b	_
1.7	612	[2]	ἀλλὰ	_	_
1.7	613	[11]	τὰ	_	_
1.7	614	[12]	μὲν	_	_
1.7	615	[3]	ἐπὶ	_	_
1.7	616	[5]	τοῖς	_	_
1.7	617	[2]	τούτων	_	_
1.7	618	[1]	ἀῤῥωστήμασιν	_	_
1.7	619	[3]	οὖρα	_	_
1.7	620	[3]	διὰ	_	_
1.7	621	[14]	τῶν	_	_
1.7	622	[1]	ἀφορισμῶν	_	_
1.7	623	[1]	ἰδίᾳ	_	_
1.7	624	[1]	κατέλεξεν	_	_
1.7	625	[5]	ὁ	_	_
1.7	626	[1]	Ἱπποκράτης	_	_
1.7	627	[31]	.	b	_
1.7	628	[12]	τὰ	_	_
1.7	629	[13]	δὲ	_	_
1.7	630	[6]	τοῖς	_	_
1.7	631	[1]	ὀξέσι	_	_
1.7	632	[1]	νοσήμασι	_	_
1.7	633	[1]	συνεδρεύοντα	_	_
1.7	634	[9]	κατὰ	_	_
1.7	635	[17]	τὸ	_	_
1.7	636	[1]	προγνωστικὸν	_	_
1.7	637	[1]	ἔγραψεν	_	_
1.7	638	[32]	.	b	_
1.7	639	[1]	ὅτι	_	_
1.7	640	[14]	δὲ	_	_
1.7	641	[2]	τοῦτο	_	_
1.7	642	[18]	τὸ	_	_
1.7	643	[1]	βιβλίον	_	_
1.7	644	[1]	σύμπαν	_	_
1.7	645	[35]	,	b	_
1.7	646	[1]	ὡς	_	_
1.7	647	[2]	ἤδη	_	_
1.7	648	[1]	πολλάκις	_	_
1.7	649	[1]	ἀποδέδεικται	_	_
1.7	650	[36]	,	b	_
1.7	651	[1]	περὶ	_	_
1.7	652	[1]	μόνων	_	_
1.7	653	[1]	ἐστὶ	_	_
1.7	654	[15]	τῶν	_	_
1.7	655	[1]	ὀξέων	_	_
1.7	656	[37]	,	b	_
1.7	657	[1]	ἀμέλει	_	_
1.7	658	[1]	τελειώσας	_	_
1.7	659	[8]	ἐν	_	_
1.7	660	[3]	αὐτῷ	_	_
1.7	661	[1]	σύμπαντα	_	_
1.7	662	[4]	τὸν	_	_
1.7	663	[2]	περὶ	_	_
1.7	664	[16]	τῶν	_	_
1.7	665	[2]	οὔρων	_	_
1.7	666	[2]	λόγον	_	_
1.7	667	[4]	ἐπὶ	_	_
1.7	668	[3]	τῷ	_	_
1.7	669	[1]	τέλει	_	_
1.7	670	[1]	προσέθηκε	_	_
1.7	671	[38]	,	b	_
1.7	672	[1]	μὴ	_	_
1.7	673	[1]	ἐξαπατάτω	_	_
1.7	674	[2]	δέ	_	_
1.7	675	[1]	σε	_	_
1.7	676	[1]	ἤν	_	_
1.7	677	[4]	τι	_	_
1.7	678	[1]	αὐτέη	_	_
1.7	679	[3]	ἡ	_	_
1.7	680	[1]	κύστις	_	_
1.7	681	[2]	νόσημα	_	_
1.7	682	[1]	ἔχουσα	_	_
1.7	683	[17]	τῶν	_	_
1.7	684	[3]	οὔρων	_	_
1.7	685	[5]	τι	_	_
1.7	686	[1]	ἀποδιδοίη	_	_
1.7	687	[1]	τουτέων	_	_
1.7	688	[39]	,	b	_
1.7	689	[3]	οὐ	_	_
1.7	690	[9]	γὰρ	_	_
1.7	691	[11]	τοῦ	_	_
1.7	692	[1]	ὅλου	_	_
1.7	693	[2]	σημεῖον	_	_
1.7	694	[40]	,	b	_
1.7	695	[3]	ἀλλ	_	_
1.7	696	[12]	’	b	_
1.7	697	[1]	αὐτῆς	_	_
1.7	698	[1]	καθ	_	_
1.7	699	[13]	’	b	_
1.7	700	[1]	ἑαυτήν	_	_
1.7	701	[33]	.	b	_
1.7	702	[2]	ὡς	_	_
1.7	703	[4]	οὖν	_	_
1.7	704	[9]	τῆς	_	_
1.7	705	[2]	κύστεως	_	_
1.7	706	[1]	ἐμνημόνευσε	_	_
1.7	707	[41]	,	b	_
1.7	708	[1]	παράδειγμα	_	_
1.7	709	[4]	τῷ	_	_
1.7	710	[1]	λόγῳ	_	_
1.7	711	[2]	ποιησάμενος	_	_
1.7	712	[1]	αὐτὴν	_	_
1.7	713	[42]	,	b	_
1.7	714	[3]	οὕτω	_	_
1.7	715	[30]	καὶ	_	_
1.7	716	[2]	νεφρῶν	_	_
1.7	717	[31]	καὶ	_	_
1.7	718	[2]	οὐρητήρων	_	_
1.7	719	[32]	καὶ	_	_
1.7	720	[2]	καυλοῦ	_	_
1.7	721	[1]	συνυπακούειν	_	_
1.7	722	[1]	χρή	_	_
1.7	723	[34]	.	b	_
1.7	724	[1]	μεγίστη	_	_
1.7	725	[4]	δ	_	_
1.7	726	[14]	’	b	_
1.7	727	[1]	ἀπόδειξις	_	_
1.7	728	[2]	αὐτὰ	_	_
1.7	729	[13]	τὰ	_	_
1.7	730	[3]	πρὸς	_	_
1.7	731	[1]	αὐτοῦ	_	_
1.7	732	[1]	γραφέντα	_	_
1.7	733	[4]	διὰ	_	_
1.7	734	[18]	τῶν	_	_
1.7	735	[2]	ἀφορισμῶν	_	_
1.7	736	[35]	.	b	_
1.7	737	[2]	ὥσπερ	_	_
1.7	738	[10]	γὰρ	_	_
1.7	739	[3]	κύστεως	_	_
1.7	740	[43]	,	b	_
1.7	741	[4]	οὕτω	_	_
1.7	742	[33]	καὶ	_	_
1.7	743	[3]	νεφρῶν	_	_
1.7	744	[1]	νοσούντων	_	_
1.7	745	[1]	γράφει	_	_
1.7	746	[3]	σημεῖον	_	_
1.7	747	[36]	.	b	_
1.7	748	[1]	ὁκόσοισιν	_	_
1.7	749	[9]	ἐν	_	_
1.7	750	[5]	τῷ	_	_
1.7	751	[1]	οὔρῳ	_	_
1.7	752	[44]	,	b	_
1.7	753	[1]	φησὶν	_	_
1.7	754	[45]	,	b	_
1.7	755	[1]	παχεῖ	_	_
1.7	756	[1]	ἐόντι	_	_
1.7	757	[46]	,	b	_
1.7	758	[1]	σαρκία	_	_
1.7	759	[1]	μικρὰ	_	_
1.7	760	[47]	,	b	_
1.7	761	[3]	ἢ	_	_
1.7	762	[3]	ὥσπερ	_	_
1.7	763	[1]	τρίχες	_	_
1.7	764	[1]	συνεξέρχονται	_	_
1.7	765	[48]	,	b	_
1.7	766	[1]	τουτέοισιν	_	_
1.7	767	[1]	ἀπὸ	_	_
1.7	768	[19]	τῶν	_	_
1.7	769	[4]	νεφρῶν	_	_
1.7	770	[2]	ἐκκρίνεται	_	_
1.7	771	[37]	.	b	_
1.7	772	[4]	ταυτὶ	_	_
1.7	773	[13]	μὲν	_	_
1.7	774	[5]	οὖν	_	_
1.7	775	[49]	,	b	_
1.7	776	[3]	ὡς	_	_
1.7	777	[1]	ἔφην	_	_
1.7	778	[50]	,	b	_
1.7	779	[14]	τὰ	_	_
1.7	780	[2]	τρία	_	_
1.7	781	[2]	γένη	_	_
1.7	782	[20]	τῶν	_	_
1.7	783	[2]	σημείων	_	_
1.7	784	[1]	ἕκαστον	_	_
1.7	785	[1]	ἰδίας	_	_
1.7	786	[1]	πέψεως	_	_
1.7	787	[1]	ἐνδεικτικὸν	_	_
1.7	788	[2]	ὑπάρχον	_	_
1.7	789	[4]	·	b	_
1.7	790	[4]	οὖρα	_	_
1.7	791	[14]	μὲν	_	_
1.7	792	[10]	τῆς	_	_
1.7	793	[10]	κατὰ	_	_
1.7	794	[1]	τὰς	_	_
1.7	795	[1]	φλέβας	_	_
1.7	796	[51]	,	b	_
1.7	797	[2]	διαχωρήματα	_	_
1.7	798	[15]	δὲ	_	_
1.7	799	[11]	τῆς	_	_
1.7	800	[11]	κατὰ	_	_
1.7	801	[1]	γαστέρα	_	_
1.7	802	[52]	,	b	_
1.7	803	[2]	πτύσματα	_	_
1.7	804	[16]	δὲ	_	_
1.7	805	[12]	τῆς	_	_
1.7	806	[21]	τῶν	_	_
1.7	807	[2]	ἀναπνευστικῶν	_	_
1.7	808	[3]	ὀργάνων	_	_
1.7	809	[53]	,	b	_
1.7	810	[34]	καὶ	_	_
1.7	811	[2]	οὐκ	_	_
1.7	812	[1]	ἐνδέχεται	_	_
1.7	813	[3]	δέ	_	_
1.7	814	[1]	ποτε	_	_
1.7	815	[2]	μὴ	_	_
1.7	816	[3]	οὐκ	_	_
1.7	817	[1]	ἀγαθόν	_	_
1.7	818	[6]	τι	_	_
1.7	819	[1]	μέγα	_	_
1.7	820	[1]	δηλοῦν	_	_
1.7	821	[19]	τὸ	_	_
1.7	822	[13]	τῆς	_	_
1.7	823	[2]	πέψεως	_	_
1.7	824	[4]	σημεῖον	_	_
1.7	825	[38]	.	b	_
1.7	826	[1]	αἱμοῤῥαγίαι	_	_
1.7	827	[17]	δὲ	_	_
1.7	828	[35]	καὶ	_	_
1.7	829	[1]	ἱδρῶτες	_	_
1.7	830	[36]	καὶ	_	_
1.7	831	[1]	παρωτίδες	_	_
1.7	832	[37]	καὶ	_	_
1.7	833	[15]	τὰ	_	_
1.7	834	[1]	ἄλλα	_	_
1.7	835	[1]	ἀποσκήμματα	_	_
1.7	836	[1]	σὺν	_	_
1.7	837	[15]	μὲν	_	_
1.7	838	[6]	τῷ	_	_
1.7	839	[1]	καιρῷ	_	_
1.7	840	[1]	πέφυκεν	_	_
1.7	841	[1]	ὠφελεῖν	_	_
1.7	842	[54]	,	b	_
1.7	843	[1]	ἀκαίρως	_	_
1.7	844	[18]	δὲ	_	_
1.7	845	[1]	οὐδὲν	_	_
1.7	846	[1]	ὀνίνησι	_	_
1.7	847	[39]	.	b	_
1.7	848	[2]	ὅθεν	_	_
1.7	849	[1]	μοι	_	_
1.7	850	[1]	δοκεῖ	_	_
1.7	851	[16]	τὰ	_	_
1.7	852	[1]	τοιαῦτα	_	_
1.7	853	[1]	αἰνίττεσθαι	_	_
1.7	854	[5]	διὰ	_	_
1.7	855	[12]	τοῦ	_	_
1.7	856	[3]	περὶ	_	_
1.7	857	[1]	χυμῶν	_	_
1.7	858	[1]	βιβλίου	_	_
1.7	859	[1]	λέγων	_	_
1.7	860	[17]	τὰ	_	_
1.7	861	[1]	κρίνοντα	_	_
1.7	862	[5]	ἐπὶ	_	_
1.7	863	[20]	τὸ	_	_
1.7	864	[1]	βέλτιον	_	_
1.7	865	[3]	μὴ	_	_
1.7	866	[4]	αὐτίκα	_	_
1.7	867	[1]	ἐπιφαίνεσθαι	_	_
1.7	868	[40]	.	b	_
1.7	869	[38]	καὶ	_	_
1.7	870	[11]	γὰρ	_	_
1.7	871	[4]	οὐ	_	_
1.7	872	[2]	ταῦτα	_	_
1.7	873	[3]	μόνον	_	_
1.7	874	[55]	,	b	_
1.7	875	[3]	ἀλλὰ	_	_
1.7	876	[39]	καὶ	_	_
1.7	877	[1]	δύσπνοιαι	_	_
1.7	878	[40]	καὶ	_	_
1.7	879	[1]	παραφροσύναι	_	_
1.7	880	[41]	καὶ	_	_
1.7	881	[1]	δάκρυα	_	_
1.7	882	[42]	καὶ	_	_
1.7	883	[1]	ἀγρυπνίαι	_	_
1.7	884	[43]	καὶ	_	_
1.7	885	[1]	κώματα	_	_
1.7	886	[44]	καὶ	_	_
1.7	887	[1]	σκοτόδινοι	_	_
1.7	888	[45]	καὶ	_	_
1.7	889	[1]	μαρμαρυγαὶ	_	_
1.7	890	[46]	καὶ	_	_
1.7	891	[1]	ἄσαι	_	_
1.7	892	[47]	καὶ	_	_
1.7	893	[1]	καρδιαλγίαι	_	_
1.7	894	[48]	καὶ	_	_
1.7	895	[1]	κεφαλαλγίαι	_	_
1.7	896	[49]	καὶ	_	_
1.7	897	[1]	τἄλλα	_	_
1.7	898	[2]	σύμπαντα	_	_
1.7	899	[18]	τὰ	_	_
1.7	900	[2]	καθ	_	_
1.7	901	[15]	’	b	_
1.7	902	[2]	ἕκαστον	_	_
1.7	903	[1]	μόριον	_	_
1.7	904	[1]	ἀλγήματα	_	_
1.7	905	[1]	διορισμοῦ	_	_
1.7	906	[1]	δεῖται	_	_
1.7	907	[1]	πηνίκα	_	_
1.7	908	[2]	μέν	_	_
1.7	909	[5]	ἐστιν	_	_
1.7	910	[1]	ὠφέλιμα	_	_
1.7	911	[56]	,	b	_
1.7	912	[2]	πηνίκα	_	_
1.7	913	[19]	δὲ	_	_
1.7	914	[1]	βλαβερὰ	_	_
1.7	915	[57]	,	b	_
1.7	916	[3]	πηνίκα	_	_
1.7	917	[5]	δ	_	_
1.7	918	[16]	’	b	_
1.7	919	[5]	οὐ	_	_
1.7	920	[4]	μόνον	_	_
1.7	921	[2]	οὐδὲν	_	_
1.7	922	[2]	ὀνίνησι	_	_
1.7	923	[58]	,	b	_
1.7	924	[4]	ἀλλὰ	_	_
1.7	925	[50]	καὶ	_	_
1.7	926	[1]	σημεῖα	_	_
1.7	927	[1]	γίνεται	_	_
1.7	928	[1]	μοχθηρότατα	_	_
1.7	929	[41]	.	b	_
1.7	930	[4]	καθάπερ	_	_
1.7	931	[6]	οὖν	_	_
1.7	932	[1]	ἕν	_	_
1.7	933	[7]	τι	_	_
1.7	934	[1]	ποσὸν	_	_
1.7	935	[1]	ἀφωρισμένον	_	_
1.7	936	[4]	οὐκ	_	_
1.7	937	[1]	ἐδήλου	_	_
1.7	938	[21]	τὸ	_	_
1.7	939	[14]	τῆς	_	_
1.7	940	[2]	ἀρχῆς	_	_
1.7	941	[1]	ὄνομα	_	_
1.7	942	[59]	,	b	_
1.7	943	[12]	κατὰ	_	_
1.7	944	[5]	τὸν	_	_
1.7	945	[2]	αὐτὸν	_	_
1.7	946	[60]	,	b	_
1.7	947	[2]	οἶμαι	_	_
1.7	948	[61]	,	b	_
1.7	949	[2]	τρόπον	_	_
1.7	950	[1]	οὐδὲ	_	_
1.7	951	[22]	τὸ	_	_
1.7	952	[5]	αὐτίκα	_	_
1.7	953	[42]	.	b	_
1.7	954	[2]	πλάτος	_	_
1.7	955	[20]	δὲ	_	_
1.7	956	[1]	ἔχον	_	_
1.7	957	[2]	χρόνου	_	_
1.7	958	[2]	τοσοῦτον	_	_
1.7	959	[2]	ὅσον	_	_
1.7	960	[2]	περ	_	_
1.7	961	[51]	καὶ	_	_
1.7	962	[23]	τὸ	_	_
1.7	963	[15]	τῆς	_	_
1.7	964	[3]	ἀρχῆς	_	_
1.7	965	[6]	ἐστιν	_	_
1.7	966	[43]	.	b	_
1.7	967	[1]	δῆλον	_	_
1.7	968	[21]	δὲ	_	_
1.7	969	[4]	ὡς	_	_
1.7	970	[52]	καὶ	_	_
1.7	971	[2]	πολλάκις	_	_
1.7	972	[1]	ἀντ	_	_
1.7	973	[17]	’	b	_
1.7	974	[1]	ἐπιῤῥήματος	_	_
1.7	975	[7]	τῷ	_	_
1.7	976	[6]	αὐτίκα	_	_
1.7	977	[1]	χρώμεθα	_	_
1.7	978	[13]	τοῦ	_	_
1.7	979	[2]	ἀμέλει	_	_
1.7	980	[62]	,	b	_
1.7	981	[5]	καθάπερ	_	_
1.7	982	[2]	κᾀν	_	_
1.7	983	[8]	τῷ	_	_
1.7	984	[1]	τοιῷδε	_	_
1.7	985	[2]	λόγῳ	_	_
1.7	986	[1]	φαίνεται	_	_
1.7	987	[1]	κεχρημένος	_	_
1.7	988	[6]	ὁ	_	_
1.7	989	[2]	Ἱπποκράτης	_	_
1.7	990	[5]	·	b	_
1.7	991	[1]	εἰσὶ	_	_
1.7	992	[22]	δὲ	_	_
1.7	993	[1]	τρόποι	_	_
1.7	994	[53]	καὶ	_	_
1.7	995	[1]	καταστάσιες	_	_
1.7	996	[54]	καὶ	_	_
1.7	997	[1]	παροξυσμοὶ	_	_
1.7	998	[2]	τουτέων	_	_
1.7	999	[2]	ἑκάστου	_	_
1.7	1000	[22]	τῶν	_	_
1.7	1001	[1]	πυρετῶν	_	_
1.7	1002	[6]	·	b	_
1.7	1003	[7]	αὐτίκα	_	_
1.7	1004	[12]	γὰρ	_	_
1.7	1005	[3]	συνεχής	_	_
1.7	1006	[7]	ἐστιν	_	_
1.7	1007	[3]	οἷσιν	_	_
1.7	1008	[3]	ἀρχόμενος	_	_
1.7	1009	[3]	ἀνθεῖ	_	_
1.7	1010	[55]	καὶ	_	_
1.7	1011	[3]	ἀκμάζει	_	_
1.7	1012	[44]	.	b	_
1.7	1013	[1]	τουτὶ	_	_
1.7	1014	[13]	γὰρ	_	_
1.7	1015	[24]	τὸ	_	_
1.7	1016	[8]	αὐτίκα	_	_
1.7	1017	[1]	πλέον	_	_
1.7	1018	[3]	οὐδὲν	_	_
1.7	1019	[3]	δηλοῖ	_	_
1.7	1020	[14]	τοῦ	_	_
1.7	1021	[3]	ἀμέλει	_	_
1.7	1022	[63]	,	b	_
1.7	1023	[6]	καθάπερ	_	_
1.7	1024	[64]	,	b	_
1.7	1025	[3]	οἶμαι	_	_
1.7	1026	[65]	,	b	_
1.7	1027	[3]	κᾀν	_	_
1.7	1028	[9]	τῷ	_	_
1.7	1029	[4]	περὶ	_	_
1.7	1030	[1]	διαίτης	_	_
1.7	1031	[2]	ὀξέων	_	_
1.7	1032	[45]	.	b	_
1.7	1033	[10]	ἐν	_	_
1.7	1034	[1]	οἷς	_	_
1.7	1035	[5]	οὕτω	_	_
1.7	1036	[1]	φησίν	_	_
1.7	1037	[7]	·	b	_
1.7	1038	[2]	ἢν	_	_
1.7	1039	[7]	οὖν	_	_
1.7	1040	[4]	μὴ	_	_
1.7	1041	[1]	προστιμωρήσῃ	_	_
1.7	1042	[2]	τις	_	_
1.7	1043	[66]	,	b	_
1.7	1044	[3]	ὅσον	_	_
1.7	1045	[2]	δεῖται	_	_
1.7	1046	[1]	αὐτάρκης	_	_
1.7	1047	[1]	εἶναι	_	_
1.7	1048	[7]	ὁ	_	_
1.7	1049	[1]	τρόπος	_	_
1.7	1050	[16]	τῆς	_	_
1.7	1051	[2]	τοιαύτης	_	_
1.7	1052	[1]	πτισανοροφίης	_	_
1.7	1053	[67]	,	b	_
1.7	1054	[1]	πολλαχόθεν	_	_
1.7	1055	[1]	βεβλάψεται	_	_
1.7	1056	[46]	.	b	_
1.7	1057	[1]	οἷσί	_	_
1.7	1058	[6]	τε	_	_
1.7	1059	[14]	γὰρ	_	_
1.7	1060	[1]	σῖτος	_	_
1.7	1061	[9]	αὐτίκα	_	_
1.7	1062	[1]	ἐγκατακέκλεισται	_	_
1.7	1063	[68]	,	b	_
1.7	1064	[2]	εἰ	_	_
1.7	1065	[1]	μή	_	_
1.7	1066	[3]	τις	_	_
1.7	1067	[1]	ὑποκενώσας	_	_
1.7	1068	[25]	τὸ	_	_
1.7	1069	[1]	ῥόφημα	_	_
1.7	1070	[1]	δοίη	_	_
1.7	1071	[47]	.	b	_
1.7	1072	[26]	τὸ	_	_
1.7	1073	[16]	μὲν	_	_
1.7	1074	[8]	οὖν	_	_
1.7	1075	[10]	αὐτίκα	_	_
1.7	1076	[1]	τοιόνδε	_	_
1.7	1077	[1]	σημαίνει	_	_
1.7	1078	[48]	.	b	_
1.7	1079	[2]	ἔστι	_	_
1.7	1080	[23]	δὲ	_	_
1.7	1081	[15]	τοῦ	_	_
1.7	1082	[11]	αὐτίκα	_	_
1.7	1083	[1]	πάμπολλα	_	_
1.7	1084	[1]	παραδείγματα	_	_
1.7	1085	[1]	παρά	_	_
1.7	1086	[7]	τε	_	_
1.7	1087	[23]	τῶν	_	_
1.7	1088	[1]	ἄλλων	_	_
1.7	1089	[1]	ἁπάντων	_	_
1.7	1090	[1]	Ἑλλήνων	_	_
1.7	1091	[1]	εὑρεῖν	_	_
1.7	1092	[69]	,	b	_
1.7	1093	[1]	οὐχ	_	_
1.7	1094	[1]	ἥκιστα	_	_
1.7	1095	[24]	δὲ	_	_
1.7	1096	[56]	καὶ	_	_
1.7	1097	[1]	παρ	_	_
1.7	1098	[18]	’	b	_
1.7	1099	[2]	Ἱπποκράτους	_	_
1.7	1100	[49]	.	b	_
1.7	1101	[6]	ἐπὶ	_	_
1.7	1102	[25]	δὲ	_	_
1.7	1103	[1]	θάτερον	_	_
1.7	1104	[3]	ἤδη	_	_
1.7	1105	[1]	μεταβῶμεν	_	_
1.7	1106	[50]	.	b	_
1.7	1107	[2]	ἐπειδὰν	_	_
1.7	1108	[1]	γάρ	_	_
1.7	1109	[1]	φησι	_	_
1.7	1110	[70]	,	b	_
1.7	1111	[19]	τὰ	_	_
1.7	1112	[1]	κρίσιμα	_	_
1.7	1113	[5]	μὴ	_	_
1.7	1114	[12]	αὐτίκα	_	_
1.7	1115	[2]	ἐπιφαίνεσθαι	_	_
1.7	1116	[71]	,	b	_
1.7	1117	[27]	τὸ	_	_
1.7	1118	[1]	παραχρῆμα	_	_
1.7	1119	[4]	δηλοῖ	_	_
1.7	1120	[72]	,	b	_
1.7	1121	[1]	τουτέστι	_	_
1.7	1122	[13]	κατὰ	_	_
1.7	1123	[13]	τὴν	_	_
1.7	1124	[2]	ἀρχὴν	_	_
1.7	1125	[16]	τοῦ	_	_
1.7	1126	[2]	νοσήματος	_	_
1.7	1127	[51]	.	b	_
1.7	1128	[3]	ἔστι	_	_
1.7	1129	[6]	δ	_	_
1.7	1130	[19]	’	b	_
1.7	1131	[6]	οὐ	_	_
1.7	1132	[3]	ταῦτα	_	_
1.7	1133	[1]	τά	_	_
1.7	1134	[2]	γε	_	_
1.7	1135	[2]	νῦν	_	_
1.7	1136	[1]	εἰρημένα	_	_
1.7	1137	[2]	κρίσιμα	_	_
1.7	1138	[57]	καὶ	_	_
1.7	1139	[20]	τὰ	_	_
1.7	1140	[17]	τῆς	_	_
1.7	1141	[3]	πέψεως	_	_
1.7	1142	[2]	γνωρίσματα	_	_
1.7	1143	[52]	.	b	_
1.7	1144	[7]	τοῖς	_	_
1.7	1145	[17]	μὲν	_	_
1.7	1146	[15]	γὰρ	_	_
1.7	1147	[5]	οὐκ	_	_
1.7	1148	[1]	ἐγχωρεῖ	_	_
1.7	1149	[28]	τὸ	_	_
1.7	1150	[6]	μὴ	_	_
1.7	1151	[7]	οὐ	_	_
1.7	1152	[1]	κρίσιν	_	_
1.7	1153	[1]	τινὰ	_	_
1.7	1154	[2]	πάντως	_	_
1.7	1155	[73]	,	b	_
1.7	1156	[4]	ἢ	_	_
1.7	1157	[1]	ἀγαθὴν	_	_
1.7	1158	[74]	,	b	_
1.7	1159	[5]	ἢ	_	_
1.7	1160	[1]	κακὴν	_	_
1.7	1161	[1]	ποιήσασθαι	_	_
1.7	1162	[53]	.	b	_
1.7	1163	[21]	τὰ	_	_
1.7	1164	[26]	δὲ	_	_
1.7	1165	[18]	τῆς	_	_
1.7	1166	[4]	πέψεως	_	_
1.7	1167	[2]	σημεῖα	_	_
1.7	1168	[1]	σωθήσεσθαι	_	_
1.7	1169	[18]	μὲν	_	_
1.7	1170	[5]	δηλοῖ	_	_
1.7	1171	[6]	τὸν	_	_
1.7	1172	[1]	ἄνθρωπον	_	_
1.7	1173	[75]	,	b	_
1.7	1174	[8]	οὐ	_	_
1.7	1175	[1]	μέντοι	_	_
1.7	1176	[3]	γε	_	_
1.7	1177	[1]	κριθήσεσθαι	_	_
1.7	1178	[3]	πάντως	_	_
1.7	1179	[54]	.	b	_
1.7	1180	[1]	οὔτε	_	_
1.7	1181	[16]	γὰρ	_	_
1.7	1182	[3]	εἰ	_	_
1.7	1183	[14]	τὴν	_	_
1.7	1184	[1]	ἀθρόαν	_	_
1.7	1185	[1]	ἀκούοιμεν	_	_
1.7	1186	[11]	ἐν	_	_
1.7	1187	[1]	νόσῳ	_	_
1.7	1188	[1]	μεταβολὴν	_	_
1.7	1189	[76]	,	b	_
1.7	1190	[1]	οὔτ	_	_
1.7	1191	[20]	’	b	_
1.7	1192	[4]	εἰ	_	_
1.7	1193	[15]	τὴν	_	_
1.7	1194	[1]	προηγουμένην	_	_
1.7	1195	[2]	αὐτῆς	_	_
1.7	1196	[1]	ταραχὴν	_	_
1.7	1197	[77]	,	b	_
1.7	1198	[1]	ἐξ	_	_
1.7	1199	[1]	ἀνάγκης	_	_
1.7	1200	[22]	τὰ	_	_
1.7	1201	[19]	τῆς	_	_
1.7	1202	[5]	πέψεως	_	_
1.7	1203	[3]	σημεῖα	_	_
1.7	1204	[24]	τῶν	_	_
1.7	1205	[1]	εἰρημένων	_	_
1.7	1206	[1]	ἔσται	_	_
1.7	1207	[55]	.	b	_
1.7	1208	[1]	δύναται	_	_
1.7	1209	[17]	γὰρ	_	_
1.7	1210	[12]	ἐν	_	_
1.7	1211	[1]	χρόνῳ	_	_
1.7	1212	[1]	πλείονι	_	_
1.7	1213	[14]	κατὰ	_	_
1.7	1214	[1]	βραχὺ	_	_
1.7	1215	[29]	τὸ	_	_
1.7	1216	[3]	νόσημα	_	_
1.7	1217	[1]	πεττόμενον	_	_
1.7	1218	[7]	ἐπὶ	_	_
1.7	1219	[16]	τὴν	_	_
1.7	1220	[1]	παντελῆ	_	_
1.7	1221	[1]	λύσιν	_	_
1.7	1222	[1]	ἀφικέσθαι	_	_
1.7	1223	[56]	.	b	_
1.7	1224	[1]	δηλωθήσεται	_	_
1.7	1225	[27]	δὲ	_	_
1.7	1226	[4]	κᾀν	_	_
1.7	1227	[8]	τοῖς	_	_
1.7	1228	[1]	ἐφεξῆς	_	_
1.7	1229	[2]	ἔτι	_	_
1.7	1230	[1]	σαφέστερον	_	_
1.7	1231	[1]	ὅπῃ	_	_
1.7	1232	[1]	διενήνοχε	_	_
1.7	1233	[23]	τὰ	_	_
1.7	1234	[3]	κρίσιμα	_	_
1.7	1235	[1]	συμπτώματα	_	_
1.7	1236	[25]	τῶν	_	_
1.7	1237	[20]	τῆς	_	_
1.7	1238	[6]	πέψεως	_	_
1.7	1239	[3]	σημείων	_	_
1.7	1240	[57]	.	b	_
1.7	1241	[1]	νυνὶ	_	_
1.7	1242	[28]	δὲ	_	_
1.7	1243	[1]	ἀρκεῖ	_	_
1.7	1244	[1]	τό	_	_
1.7	1245	[4]	γε	_	_
1.7	1246	[3]	τοσοῦτον	_	_
1.7	1247	[1]	ἐπιδεδεῖχθαι	_	_
1.7	1248	[78]	,	b	_
1.7	1249	[5]	ὡς	_	_
1.7	1250	[21]	τῆς	_	_
1.7	1251	[19]	μὲν	_	_
1.7	1252	[13]	ἐν	_	_
1.7	1253	[9]	τοῖς	_	_
1.7	1254	[1]	ἀναπνευστικοῖς	_	_
1.7	1255	[1]	ὀργάνοις	_	_
1.7	1256	[7]	πέψεως	_	_
1.7	1257	[24]	τὰ	_	_
1.7	1258	[1]	πτύελα	_	_
1.7	1259	[79]	,	b	_
1.7	1260	[22]	τῆς	_	_
1.7	1261	[7]	δ	_	_
1.7	1262	[21]	’	b	_
1.7	1263	[14]	ἐν	_	_
1.7	1264	[1]	ταῖς	_	_
1.7	1265	[1]	φλεψὶ	_	_
1.7	1266	[25]	τὰ	_	_
1.7	1267	[5]	οὖρα	_	_
1.7	1268	[80]	,	b	_
1.7	1269	[23]	τῆς	_	_
1.7	1270	[29]	δὲ	_	_
1.7	1271	[15]	κατὰ	_	_
1.7	1272	[17]	τὴν	_	_
1.7	1273	[2]	γαστέρα	_	_
1.7	1274	[26]	τὰ	_	_
1.7	1275	[3]	διαχωρήματα	_	_
1.7	1276	[1]	τίθεσθαι	_	_
1.7	1277	[1]	χρὴ	_	_
1.7	1278	[4]	σημεῖα	_	_
1.7	1279	[58]	.	b	_
1.7	1280	[58]	καὶ	_	_
1.7	1281	[6]	ὡς	_	_
1.7	1282	[8]	ἐπὶ	_	_
1.7	1283	[20]	μὲν	_	_
1.7	1284	[26]	τῶν	_	_
1.7	1285	[2]	πυρετῶν	_	_
1.7	1286	[2]	ἁπάντων	_	_
1.7	1287	[81]	,	b	_
1.7	1288	[2]	ἐπειδὴ	_	_
1.7	1289	[17]	τοῦ	_	_
1.7	1290	[3]	φλεβώδους	_	_
1.7	1291	[3]	γένους	_	_
1.7	1292	[2]	εἰσὶ	_	_
1.7	1293	[1]	παθήματα	_	_
1.7	1294	[82]	,	b	_
1.7	1295	[59]	καὶ	_	_
1.7	1296	[18]	γὰρ	_	_
1.7	1297	[60]	καὶ	_	_
1.7	1298	[2]	τὰς	_	_
1.7	1299	[1]	ἀρτηρίας	_	_
1.7	1300	[2]	﻿	_	_
1.7	1301	[15]	ἐν	_	_
1.7	1302	[1]	τούτῳ	_	_
1.7	1303	[3]	νῦν	_	_
1.7	1304	[10]	τῷ	_	_
1.7	1305	[1]	γένει	_	_
1.7	1306	[1]	περιλαμβανέτω	_	_
1.7	1307	[83]	,	b	_
1.7	1308	[10]	τοῖς	_	_
1.7	1309	[1]	οὔροις	_	_
1.7	1310	[1]	μάλιστα	_	_
1.7	1311	[1]	προσεκτέον	_	_
1.7	1312	[1]	ἐστίν	_	_
1.7	1313	[59]	.	b	_
1.7	1314	[9]	ἐπὶ	_	_
1.7	1315	[30]	δὲ	_	_
1.7	1316	[27]	τῶν	_	_
1.7	1317	[1]	πλευριτικῶν	_	_
1.7	1318	[1]	πρώτοις	_	_
1.7	1319	[21]	μὲν	_	_
1.7	1320	[11]	τοῖς	_	_
1.7	1321	[1]	πτύσμασι	_	_
1.7	1322	[84]	,	b	_
1.7	1323	[4]	ἤδη	_	_
1.7	1324	[31]	δὲ	_	_
1.7	1325	[61]	καὶ	_	_
1.7	1326	[12]	τοῖς	_	_
1.7	1327	[2]	οὔροις	_	_
1.7	1328	[85]	,	b	_
1.7	1329	[2]	ὅτι	_	_
1.7	1330	[62]	καὶ	_	_
1.7	1331	[2]	μετὰ	_	_
1.7	1332	[1]	πυρετοῦ	_	_
1.7	1333	[4]	πάντως	_	_
1.7	1334	[4]	ἡ	_	_
1.7	1335	[2]	πλευρῖτις	_	_
1.7	1336	[60]	.	b	_
1.7	1337	[10]	ἐπὶ	_	_
1.7	1338	[32]	δὲ	_	_
1.7	1339	[28]	τῶν	_	_
1.7	1340	[16]	κατὰ	_	_
1.7	1341	[18]	τὴν	_	_
1.7	1342	[3]	γαστέρα	_	_
1.7	1343	[1]	χωρὶς	_	_
1.7	1344	[22]	μὲν	_	_
1.7	1345	[2]	πυρετοῦ	_	_
1.7	1346	[13]	τοῖς	_	_
1.7	1347	[1]	διαχωρήμασι	_	_
1.7	1348	[1]	μόνοις	_	_
1.7	1349	[86]	,	b	_
1.7	1350	[2]	σὺν	_	_
1.7	1351	[1]	πυρετῷ	_	_
1.7	1352	[33]	δὲ	_	_
1.7	1353	[63]	καὶ	_	_
1.7	1354	[14]	τοῖς	_	_
1.7	1355	[3]	οὔροις	_	_
1.7	1356	[61]	.	b	_
1.8	1	[1]	Ἤ	_	_
1.8	2	[1]	τοίνυν	_	_
1.8	3	[1]	ἑκάστου	_	_
1.8	4	[1]	τῶν	_	_
1.8	5	[1]	νοσημάτων	_	_
1.8	6	[1]	ἴδιος	_	_
1.8	7	[1]	ἀρχὴ	_	_
1.8	8	[1]	τοῖς	_	_
1.8	9	[1]	τῆς	_	_
1.8	10	[1]	πέψεως	_	_
1.8	11	[1]	σημείοις	_	_
1.8	12	[1]	ὁρίζεται	_	_
1.8	13	[1]	,	b	_
1.8	14	[1]	διαφέρουσα	_	_
1.8	15	[2]	τῆς	_	_
1.8	16	[1]	ἐν	_	_
1.8	17	[1]	πλάτει	_	_
1.8	18	[1]	λεγομένης	_	_
1.8	19	[1]	ἀρχῆς	_	_
1.8	20	[3]	τῆς	_	_
1.8	21	[1]	ἀτέχνου	_	_
1.8	22	[1]	πάμπολλα	_	_
1.8	23	[1]	.	b	_
1.8	24	[1]	μακροτέρα	_	_
1.8	25	[1]	γὰρ	_	_
1.8	26	[1]	ἐκείνη	_	_
1.8	27	[4]	τῆς	_	_
1.8	28	[1]	τρίτης	_	_
1.8	29	[1]	ἡμέρας	_	_
1.8	30	[1]	οὐκ	_	_
1.8	31	[1]	ἐπινοεῖται	_	_
1.8	32	[1]	προϊοῦσα	_	_
1.8	33	[2]	,	b	_
1.8	34	[1]	καθάπερ	_	_
1.8	35	[1]	κᾀν	_	_
1.8	36	[1]	τῷ	_	_
1.8	37	[1]	προγνωστικῷ	_	_
1.8	38	[1]	δεδήλωται	_	_
1.8	39	[1]	σαφέστατα	_	_
1.8	40	[2]	.	b	_
1.8	41	[1]	προειπὼν	_	_
1.8	42	[1]	γάρ	_	_
1.8	43	[1]	·	b	_
1.8	44	[1]	ἢν	_	_
1.8	45	[1]	μὲν	_	_
1.8	46	[1]	οὖν	_	_
1.8	47	[2]	ἐν	_	_
1.8	48	[1]	ἀρχῇ	_	_
1.8	49	[5]	τῆς	_	_
1.8	50	[1]	νόσου	_	_
1.8	51	[1]	τὸ	_	_
1.8	52	[1]	πρόσωπον	_	_
1.8	53	[1]	τοιοῦτον	_	_
1.8	54	[1]	ᾖ	_	_
1.8	55	[3]	,	b	_
1.8	56	[1]	μετὰ	_	_
1.8	57	[1]	ταῦτά	_	_
1.8	58	[1]	φησιν	_	_
1.8	59	[2]	·	b	_
1.8	60	[2]	ἢν	_	_
1.8	61	[1]	δὲ	_	_
1.8	62	[1]	καὶ	_	_
1.8	63	[1]	παλαιοτέρου	_	_
1.8	64	[1]	ἐόντος	_	_
1.8	65	[1]	τοῦ	_	_
1.8	66	[1]	νοσήματος	_	_
1.8	67	[4]	,	b	_
1.8	68	[1]	ἢ	_	_
1.8	69	[1]	τριταίου	_	_
1.8	70	[5]	,	b	_
1.8	71	[2]	ἢ	_	_
1.8	72	[1]	τεταρταίου	_	_
1.8	73	[6]	,	b	_
1.8	74	[1]	τὴν	_	_
1.8	75	[1]	κατὰ	_	_
1.8	76	[1]	πλάτος	_	_
1.8	77	[1]	ἀρχὴν	_	_
1.8	78	[1]	ἐνδεικνυμένου	_	_
1.8	79	[1]	ἀκριβῶς	_	_
1.8	80	[1]	ἡμῖν	_	_
1.8	81	[7]	,	b	_
1.8	82	[1]	ἄχρι	_	_
1.8	83	[6]	τῆς	_	_
1.8	84	[2]	τρίτης	_	_
1.8	85	[2]	ἡμέρας	_	_
1.8	86	[1]	ἐκτείνεσθαι	_	_
1.8	87	[3]	.	b	_
1.8	88	[2]	τὴν	_	_
1.8	89	[1]	δ	_	_
1.8	90	[1]	’	b	_
1.8	91	[1]	ὄντως	_	_
1.8	92	[2]	ἑκάστου	_	_
1.8	93	[2]	νοσήματος	_	_
1.8	94	[1]	ἰδίαν	_	_
1.8	95	[2]	ἀρχὴν	_	_
1.8	96	[8]	,	b	_
1.8	97	[1]	ἣν	_	_
1.8	98	[1]	δὴ	_	_
1.8	99	[2]	καὶ	_	_
1.8	100	[1]	μέρος	_	_
1.8	101	[1]	ὑπάρχειν	_	_
1.8	102	[1]	ἔφαμεν	_	_
1.8	103	[1]	αὐτοῦ	_	_
1.8	104	[9]	,	b	_
1.8	105	[1]	μέχρι	_	_
1.8	106	[1]	παμπόλλων	_	_
1.8	107	[1]	τετράδων	_	_
1.8	108	[1]	ἐνδέχεται	_	_
1.8	109	[1]	προέρχεσθαι	_	_
1.8	110	[4]	.	b	_
1.8	111	[1]	παύεται	_	_
1.8	112	[2]	γὰρ	_	_
1.8	113	[1]	τότε	_	_
1.8	114	[1]	πρῶτον	_	_
1.8	115	[10]	,	b	_
1.8	116	[1]	ἐπειδὰν	_	_
1.8	117	[1]	τὰ	_	_
1.8	118	[7]	τῆς	_	_
1.8	119	[2]	πέψεως	_	_
1.8	120	[1]	ἐπιφανῇ	_	_
1.8	121	[1]	σημεῖα	_	_
1.8	122	[5]	.	b	_
1.8	123	[2]	τὸ	_	_
1.8	124	[2]	δ	_	_
1.8	125	[2]	’	b	_
1.8	126	[1]	ἀπὸ	_	_
1.8	127	[1]	τοῦδε	_	_
1.8	128	[1]	σύμπαν	_	_
1.8	129	[1]	ἕως	_	_
1.8	130	[8]	τῆς	_	_
1.8	131	[1]	ἀκμῆς	_	_
1.8	132	[1]	ἕτερον	_	_
1.8	133	[1]	ἤδη	_	_
1.8	134	[2]	μέρος	_	_
1.8	135	[1]	ἐστὶν	_	_
1.8	136	[11]	,	b	_
1.8	137	[1]	αὔξησίς	_	_
1.8	138	[1]	τε	_	_
1.8	139	[3]	καὶ	_	_
1.8	140	[1]	ἀνάβασις	_	_
1.8	141	[1]	ὀνομαζόμενον	_	_
1.8	142	[6]	.	b	_
1.8	143	[1]	εἶτ	_	_
1.8	144	[3]	’	b	_
1.8	145	[1]	ἀκμὴ	_	_
1.8	146	[2]	μετὰ	_	_
1.8	147	[1]	ταῦτα	_	_
1.8	148	[12]	,	b	_
1.8	149	[3]	τὸ	_	_
1.8	150	[1]	σφοδρότατον	_	_
1.8	151	[9]	τῆς	_	_
1.8	152	[1]	ὅλης	_	_
1.8	153	[2]	νόσου	_	_
1.8	154	[1]	μόριον	_	_
1.8	155	[7]	.	b	_
1.8	156	[1]	ὑστάτη	_	_
1.8	157	[2]	δὲ	_	_
1.8	158	[1]	πασῶν	_	_
1.8	159	[1]	ἡ	_	_
1.8	160	[1]	παρακμή	_	_
1.8	161	[8]	.	b	_
1.8	162	[3]	πέψεως	_	_
1.8	163	[2]	μὲν	_	_
1.8	164	[2]	οὖν	_	_
1.8	165	[2]	δὴ	_	_
1.8	166	[2]	σημεῖα	_	_
1.8	167	[13]	,	b	_
1.8	168	[1]	πολλάκις	_	_
1.8	169	[3]	γὰρ	_	_
1.8	170	[1]	δεῖ	_	_
1.8	171	[2]	τὰ	_	_
1.8	172	[1]	χρησιμώτατα	_	_
1.8	173	[1]	λέγειν	_	_
1.8	174	[14]	,	b	_
1.8	175	[2]	οὐκ	_	_
1.8	176	[1]	ἔστιν	_	_
1.8	177	[1]	ὅτε	_	_
1.8	178	[1]	κακῶς	_	_
1.8	179	[1]	ἐπιφαίνεται	_	_
1.8	180	[9]	.	b	_
1.8	181	[3]	τὰ	_	_
1.8	182	[1]	κρίσιμα	_	_
1.8	183	[3]	δ	_	_
1.8	184	[4]	’	b	_
1.8	185	[2]	ἔστιν	_	_
1.8	186	[2]	ὅτε	_	_
1.8	187	[2]	κακῶς	_	_
1.8	188	[10]	.	b	_
1.8	189	[1]	οὔτε	_	_
1.8	190	[4]	γὰρ	_	_
1.8	191	[3]	ἐν	_	_
1.8	192	[1]	ταῖς	_	_
1.8	193	[1]	ἀναβάσεσιν	_	_
1.8	194	[1]	οὔτ	_	_
1.8	195	[5]	’	b	_
1.8	196	[4]	ἐν	_	_
1.8	197	[2]	ταῖς	_	_
1.8	198	[1]	ἀρχαῖς	_	_
1.8	199	[15]	,	b	_
1.8	200	[1]	ἀλλ	_	_
1.8	201	[6]	’	b	_
1.8	202	[5]	ἐν	_	_
1.8	203	[3]	ταῖς	_	_
1.8	204	[1]	ἀκμαῖς	_	_
1.8	205	[1]	αὐτὰ	_	_
1.8	206	[1]	ἐπιφαίνεσθαι	_	_
1.8	207	[1]	χρή	_	_
1.8	208	[11]	.	b	_
1.8	209	[1]	περὶ	_	_
1.8	210	[3]	μὲν	_	_
1.8	211	[3]	δὴ	_	_
1.8	212	[2]	τῶν	_	_
1.8	213	[6]	ἐν	_	_
1.8	214	[4]	ταῖς	_	_
1.8	215	[1]	ἀναβάσεσί	_	_
1.8	216	[2]	τε	_	_
1.8	217	[4]	καὶ	_	_
1.8	218	[5]	ταῖς	_	_
1.8	219	[2]	ἀκμαῖς	_	_
1.8	220	[1]	ἐπιφαινομένων	_	_
1.8	221	[1]	ἐφεξῆς	_	_
1.8	222	[1]	ἐροῦμεν	_	_
1.8	223	[3]	·	b	_
1.8	224	[2]	περὶ	_	_
1.8	225	[3]	δὲ	_	_
1.8	226	[3]	τῶν	_	_
1.8	227	[7]	ἐν	_	_
1.8	228	[6]	ταῖς	_	_
1.8	229	[2]	ἀρχαῖς	_	_
1.8	230	[2]	ἤδη	_	_
1.8	231	[1]	λέγωμεν	_	_
1.8	232	[16]	,	b	_
1.8	233	[1]	ἀναμνήσαντες	_	_
1.8	234	[1]	πάλιν	_	_
1.8	235	[1]	ὡς	_	_
1.8	236	[8]	ἐν	_	_
1.8	237	[1]	ἅπαντι	_	_
1.8	238	[2]	τῷ	_	_
1.8	239	[3]	μετὰ	_	_
1.8	240	[2]	ταῦτα	_	_
1.8	241	[1]	λόγῳ	_	_
1.8	242	[17]	,	b	_
1.8	243	[1]	παρέντες	_	_
1.8	244	[4]	τὰ	_	_
1.8	245	[1]	δύο	_	_
1.8	246	[1]	σημαινόμενα	_	_
1.8	247	[10]	τῆς	_	_
1.8	248	[2]	ἀρχῆς	_	_
1.8	249	[18]	,	b	_
1.8	250	[1]	τό	_	_
1.8	251	[3]	τε	_	_
1.8	252	[11]	τῆς	_	_
1.8	253	[1]	πρώτης	_	_
1.8	254	[1]	εἰσβολῆς	_	_
1.8	255	[12]	τῆς	_	_
1.8	256	[1]	ἀπλατοῦς	_	_
1.8	257	[2]	τό	_	_
1.8	258	[4]	τε	_	_
1.8	259	[13]	τῆς	_	_
1.8	260	[2]	τοῦ	_	_
1.8	261	[1]	πρώτου	_	_
1.8	262	[1]	παροξυσμοῦ	_	_
1.8	263	[19]	,	b	_
1.8	264	[3]	περὶ	_	_
1.8	265	[1]	μόνου	_	_
1.8	266	[3]	τοῦ	_	_
1.8	267	[1]	τρίτου	_	_
1.8	268	[1]	διαλεξόμεθα	_	_
1.8	269	[1]	χρόνου	_	_
1.8	270	[20]	,	b	_
1.8	271	[4]	τοῦ	_	_
1.8	272	[14]	τῆς	_	_
1.8	273	[1]	ἀπεψίας	_	_
1.8	274	[12]	.	b	_
1.8	275	[5]	καὶ	_	_
1.8	276	[5]	γὰρ	_	_
1.8	277	[6]	καὶ	_	_
1.8	278	[1]	τεχνικὴ	_	_
1.8	279	[1]	τῆσδε	_	_
1.8	280	[15]	τῆς	_	_
1.8	281	[3]	ἀρχῆς	_	_
1.8	282	[2]	ἡ	_	_
1.8	283	[1]	διάγνωσίς	_	_
1.8	284	[1]	ἐστιν	_	_
1.8	285	[7]	καὶ	_	_
1.8	286	[1]	μεγάλα	_	_
1.8	287	[1]	δηλοῦν	_	_
1.8	288	[1]	πέφυκεν	_	_
1.8	289	[13]	.	b	_
1.8	290	[2]	οὔτ	_	_
1.8	291	[7]	’	b	_
1.8	292	[3]	οὖν	_	_
1.8	293	[1]	ἱδρῶτες	_	_
1.8	294	[3]	οὔτ	_	_
1.8	295	[8]	’	b	_
1.8	296	[1]	ἔμετοι	_	_
1.8	297	[8]	καὶ	_	_
1.8	298	[1]	διαχωρήματα	_	_
1.8	299	[1]	γαστρὸς	_	_
1.8	300	[2]	οὔτε	_	_
1.8	301	[1]	παρωτίδες	_	_
1.8	302	[3]	οὔτε	_	_
1.8	303	[1]	αἱμοῤῥαγίαι	_	_
1.8	304	[2]	κατὰ	_	_
1.8	305	[1]	τοῦτον	_	_
1.8	306	[1]	ἐπιφανεῖσαι	_	_
1.8	307	[1]	τὸν	_	_
1.8	308	[1]	χρόνον	_	_
1.8	309	[21]	,	b	_
1.8	310	[1]	ἔκρινάν	_	_
1.8	311	[1]	ποτε	_	_
1.8	312	[1]	νόσημα	_	_
1.8	313	[14]	.	b	_
1.8	314	[1]	ταυτὶ	_	_
1.8	315	[4]	μὲν	_	_
1.8	316	[4]	οὖν	_	_
1.8	317	[3]	ἤδη	_	_
1.8	318	[9]	καὶ	_	_
1.8	319	[2]	ὡς	_	_
1.8	320	[1]	αἴτια	_	_
1.8	321	[1]	πεπίστευται	_	_
1.8	322	[1]	τὰς	_	_
1.8	323	[1]	νόσους	_	_
1.8	324	[1]	ἀπαλλάττειν	_	_
1.8	325	[4]	·	b	_
1.8	326	[5]	τὰ	_	_
1.8	327	[4]	δ	_	_
1.8	328	[9]	’	b	_
1.8	329	[3]	ὡς	_	_
1.8	330	[3]	σημεῖα	_	_
1.8	331	[1]	τούτων	_	_
1.8	332	[1]	δηλωτικὰ	_	_
1.8	333	[1]	παραφροσύναι	_	_
1.8	334	[1]	τ	_	_
1.8	335	[10]	’	b	_
1.8	336	[1]	εἰσὶ	_	_
1.8	337	[10]	καὶ	_	_
1.8	338	[1]	ἀγρυπνίαι	_	_
1.8	339	[11]	καὶ	_	_
1.8	340	[1]	κώματα	_	_
1.8	341	[12]	καὶ	_	_
1.8	342	[1]	ἀλγήματα	_	_
1.8	343	[13]	καὶ	_	_
1.8	344	[1]	δάκρυα	_	_
1.8	345	[14]	καὶ	_	_
1.8	346	[1]	δύσπνοιαι	_	_
1.8	347	[15]	καὶ	_	_
1.8	348	[1]	σκοτόδινοι	_	_
1.8	349	[16]	καὶ	_	_
1.8	350	[1]	πάνθ	_	_
1.8	351	[11]	’	b	_
1.8	352	[1]	ὅσα	_	_
1.8	353	[1]	τοιαῦτα	_	_
1.8	354	[15]	.	b	_
1.8	355	[17]	καὶ	_	_
1.8	356	[6]	γὰρ	_	_
1.8	357	[5]	οὖν	_	_
1.8	358	[18]	καὶ	_	_
1.8	359	[3]	ταῦτα	_	_
1.8	360	[1]	χωρὶς	_	_
1.8	361	[4]	τῶν	_	_
1.8	362	[16]	τῆς	_	_
1.8	363	[4]	πέψεως	_	_
1.8	364	[1]	σημείων	_	_
1.8	365	[1]	ἐπιφανέντα	_	_
1.8	366	[1]	κακίστων	_	_
1.8	367	[1]	διαθέσεών	_	_
1.8	368	[1]	ἐστι	_	_
1.8	369	[1]	γνωρίσματα	_	_
1.8	370	[16]	.	b	_
1.8	371	[1]	σύμπαντα	_	_
1.8	372	[5]	μὲν	_	_
1.8	373	[6]	οὖν	_	_
1.8	374	[4]	δὴ	_	_
1.8	375	[4]	ταῦτα	_	_
1.8	376	[22]	,	b	_
1.8	377	[1]	τά	_	_
1.8	378	[5]	τε	_	_
1.8	379	[4]	ὡς	_	_
1.8	380	[2]	αἴτια	_	_
1.8	381	[2]	τά	_	_
1.8	382	[6]	τε	_	_
1.8	383	[5]	ὡς	_	_
1.8	384	[4]	σημεῖα	_	_
1.8	385	[2]	κρίσιμα	_	_
1.8	386	[23]	,	b	_
1.8	387	[1]	μὴ	_	_
1.8	388	[1]	αὐτίκα	_	_
1.8	389	[1]	φαινέσθω	_	_
1.8	390	[5]	·	b	_
1.8	391	[1]	τουτέστι	_	_
1.8	392	[2]	μὴ	_	_
1.8	393	[3]	κατὰ	_	_
1.8	394	[2]	τὸν	_	_
1.8	395	[2]	πρῶτον	_	_
1.8	396	[1]	καιρὸν	_	_
1.8	397	[5]	τοῦ	_	_
1.8	398	[3]	νοσήματος	_	_
1.8	399	[24]	,	b	_
1.8	400	[1]	ἡνίκα	_	_
1.8	401	[1]	τελέως	_	_
1.8	402	[1]	ἄπεπτον	_	_
1.8	403	[1]	ὑπάρχει	_	_
1.8	404	[6]	·	b	_
1.8	405	[6]	τὰ	_	_
1.8	406	[5]	δ	_	_
1.8	407	[12]	’	b	_
1.8	408	[1]	ἄλλα	_	_
1.8	409	[1]	τρία	_	_
1.8	410	[1]	γένη	_	_
1.8	411	[5]	τῶν	_	_
1.8	412	[3]	τὴν	_	_
1.8	413	[1]	πέψιν	_	_
1.8	414	[1]	δηλούντων	_	_
1.8	415	[2]	σημείων	_	_
1.8	416	[25]	,	b	_
1.8	417	[1]	εἰ	_	_
1.8	418	[19]	καὶ	_	_
1.8	419	[4]	κατὰ	_	_
1.8	420	[4]	τὴν	_	_
1.8	421	[1]	πρώτην	_	_
1.8	422	[1]	εὐθὺς	_	_
1.8	423	[1]	ὥραν	_	_
1.8	424	[1]	φαίνοιτο	_	_
1.8	425	[6]	τοῦ	_	_
1.8	426	[2]	πρώτου	_	_
1.8	427	[2]	παροξυσμοῦ	_	_
1.8	428	[26]	,	b	_
1.8	429	[1]	καλῶς	_	_
1.8	430	[1]	ἐπιφαίνηται	_	_
1.8	431	[17]	.	b	_
1.9	1	[1]	Πάλιν	_	_
1.9	2	[1]	οὖν	_	_
1.9	3	[1]	ἀναλαβόντες	_	_
1.9	4	[1]	εἴπωμεν	_	_
1.9	5	[1]	ταὐτό	_	_
1.9	6	[1]	.	b	_
1.9	7	[1]	τοὺς	_	_
1.9	8	[1]	καθόλου	_	_
1.9	9	[1]	καιροὺς	_	_
1.9	10	[1]	τῶν	_	_
1.9	11	[1]	νοσημάτων	_	_
1.9	12	[1]	ἔκ	_	_
1.9	13	[1]	τε	_	_
1.9	14	[2]	τῶν	_	_
1.9	15	[1]	νόσων	_	_
1.9	16	[1]	αὐτῶν	_	_
1.9	17	[1]	πρῶτον	_	_
1.9	18	[1]	χρὴ	_	_
1.9	19	[1]	στοχάζεσθαι	_	_
1.9	20	[1]	,	b	_
1.9	21	[1]	πηλίκοι	_	_
1.9	22	[1]	τινὲς	_	_
1.9	23	[1]	ἔσονται	_	_
1.9	24	[1]	τῷ	_	_
1.9	25	[1]	χρόνῳ	_	_
1.9	26	[2]	,	b	_
1.9	27	[1]	κᾀκ	_	_
1.9	28	[3]	τῶν	_	_
1.9	29	[1]	ὡρῶν	_	_
1.9	30	[1]	τοῦ	_	_
1.9	31	[1]	ἔτους	_	_
1.9	32	[1]	καὶ	_	_
1.9	33	[1]	τῆς	_	_
1.9	34	[4]	τῶν	_	_
1.9	35	[1]	περιόδων	_	_
1.9	36	[1]	ἀναλογίας	_	_
1.9	37	[3]	,	b	_
1.9	38	[2]	καὶ	_	_
1.9	39	[1]	πρὸς	_	_
1.9	40	[1]	τούτοις	_	_
1.9	41	[1]	ἅπασιν	_	_
1.9	42	[1]	ἐκ	_	_
1.9	43	[5]	τῶν	_	_
1.9	44	[1]	ἐπιφαινομένων	_	_
1.9	45	[4]	,	b	_
1.9	46	[1]	ἐν	_	_
1.9	47	[1]	οἷς	_	_
1.9	48	[1]	πρῶτα	_	_
1.9	49	[3]	καὶ	_	_
1.9	50	[1]	κυριώτατα	_	_
1.9	51	[1]	τὰ	_	_
1.9	52	[2]	τῆς	_	_
1.9	53	[1]	πέψεώς	_	_
1.9	54	[1]	ἐστι	_	_
1.9	55	[1]	σημεῖα	_	_
1.9	56	[5]	,	b	_
1.9	57	[1]	δι	_	_
1.9	58	[1]	’	b	_
1.9	59	[1]	ὧν	_	_
1.9	60	[1]	τὴν	_	_
1.9	61	[1]	μὲν	_	_
1.9	62	[1]	ἤδη	_	_
1.9	63	[1]	περιγεγραμμένην	_	_
1.9	64	[1]	ἀρχὴν	_	_
1.9	65	[1]	ἀκριβῶς	_	_
1.9	66	[1]	γνωρίσαις	_	_
1.9	67	[2]	.	b	_
1.9	68	[2]	ἐκ	_	_
1.9	69	[1]	ταύτης	_	_
1.9	70	[1]	δὲ	_	_
1.9	71	[2]	τὴν	_	_
1.9	72	[1]	μέλλουσαν	_	_
1.9	73	[1]	ἀκμὴν	_	_
1.9	74	[1]	στοχασμῷ	_	_
1.9	75	[1]	τεχνικῷ	_	_
1.9	76	[1]	προγνώσῃ	_	_
1.9	77	[2]	τῷ	_	_
1.9	78	[1]	μετ	_	_
1.9	79	[2]	’	b	_
1.9	80	[1]	ὀλίγον	_	_
1.9	81	[1]	εἰρησομένῳ	_	_
1.9	82	[3]	.	b	_
1.9	83	[1]	καλῶ	_	_
1.9	84	[2]	δὲ	_	_
1.9	85	[1]	τεχνικὸν	_	_
1.9	86	[1]	στοχασμὸν	_	_
1.9	87	[1]	ὃς	_	_
1.9	88	[1]	ἂν	_	_
1.9	89	[1]	ἐγγυτάτω	_	_
1.9	90	[3]	τῆς	_	_
1.9	91	[1]	ἀληθείας	_	_
1.9	92	[1]	ἀφίκηται	_	_
1.9	93	[4]	.	b	_
1.9	94	[1]	ὥσπερ	_	_
1.9	95	[2]	οὖν	_	_
1.9	96	[1]	ἀρχῆς	_	_
1.9	97	[1]	ἀκριβὴς	_	_
1.9	98	[1]	διάγνωσις	_	_
1.9	99	[1]	οὐκ	_	_
1.9	100	[1]	ἔστι	_	_
1.9	101	[1]	πρὶν	_	_
1.9	102	[1]	ἄρξασθαι	_	_
1.9	103	[3]	τὴν	_	_
1.9	104	[1]	ἀνάβασιν	_	_
1.9	105	[6]	,	b	_
1.9	106	[1]	οὕτως	_	_
1.9	107	[1]	οὐδὲ	_	_
1.9	108	[4]	τῆς	_	_
1.9	109	[1]	ἀναβάσεως	_	_
1.9	110	[2]	πρὶν	_	_
1.9	111	[1]	εἰσβαλεῖν	_	_
1.9	112	[4]	τὴν	_	_
1.9	113	[1]	ἀκμήν	_	_
1.9	114	[5]	.	b	_
1.9	115	[1]	ἀσκητέον	_	_
1.9	116	[3]	δὲ	_	_
1.9	117	[1]	κᾀνταῦθα	_	_
1.9	118	[1]	πρότερον	_	_
1.9	119	[1]	εἰσβάλλουσαν	_	_
1.9	120	[2]	ἀκμὴν	_	_
1.9	121	[1]	γνωρίζειν	_	_
1.9	122	[7]	,	b	_
1.9	123	[1]	ἔπειθ	_	_
1.9	124	[3]	’	b	_
1.9	125	[2]	οὕτως	_	_
1.9	126	[1]	προγινώσκειν	_	_
1.9	127	[6]	.	b	_
1.9	128	[1]	ἐπεὶ	_	_
1.9	129	[4]	δὲ	_	_
1.9	130	[4]	καὶ	_	_
1.9	131	[1]	τούτων	_	_
1.9	132	[1]	ἁπάντων	_	_
1.9	133	[1]	ἡγεμὼν	_	_
1.9	134	[1]	Ἱπποκράτης	_	_
1.9	135	[1]	ἐστὶ	_	_
1.9	136	[8]	,	b	_
1.9	137	[1]	δίκαιον	_	_
1.9	138	[2]	ἂν	_	_
1.9	139	[1]	εἴη	_	_
1.9	140	[2]	κᾀνταῦθα	_	_
1.9	141	[1]	τὰς	_	_
1.9	142	[1]	ἐκείνου	_	_
1.9	143	[1]	ῥήσεις	_	_
1.9	144	[1]	ἐξηγουμένους	_	_
1.9	145	[1]	διαπεραίνεσθαι	_	_
1.9	146	[1]	τὸν	_	_
1.9	147	[1]	λόγον	_	_
1.9	148	[7]	.	b	_
1.9	149	[1]	ἄμεινον	_	_
1.9	150	[1]	δ	_	_
1.9	151	[4]	’	b	_
1.9	152	[1]	ἴσως	_	_
1.9	153	[1]	ἐστὶν	_	_
1.9	154	[3]	πρὶν	_	_
1.9	155	[1]	ὑπάρξασθαι	_	_
1.9	156	[1]	τοῦτο	_	_
1.9	157	[1]	ποιεῖν	_	_
1.9	158	[1]	ἔτι	_	_
1.9	159	[1]	βραχὺ	_	_
1.9	160	[1]	περὶ	_	_
1.9	161	[6]	τῶν	_	_
1.9	162	[1]	εἰρημένων	_	_
1.9	163	[1]	προσθεῖναι	_	_
1.9	164	[8]	.	b	_
1.9	165	[1]	ἣν	_	_
1.9	166	[1]	γὰρ	_	_
1.9	167	[1]	ὡς	_	_
1.9	168	[1]	μέρος	_	_
1.9	169	[2]	τοῦ	_	_
1.9	170	[1]	νοσήματος	_	_
1.9	171	[1]	ἐζητοῦμεν	_	_
1.9	172	[1]	εὑρεῖν	_	_
1.9	173	[2]	ἀρχὴν	_	_
1.9	174	[9]	,	b	_
1.9	175	[1]	εἴτε	_	_
1.9	176	[1]	ἰσόχρονος	_	_
1.9	177	[2]	ἐν	_	_
1.9	178	[1]	ἁπάσαις	_	_
1.9	179	[1]	ταῖς	_	_
1.9	180	[1]	νόσοις	_	_
1.9	181	[2]	ἐστὶν	_	_
1.9	182	[10]	,	b	_
1.9	183	[2]	εἴτε	_	_
1.9	184	[1]	καθ	_	_
1.9	185	[5]	’	b	_
1.9	186	[1]	ἑκάστην	_	_
1.9	187	[2]	αὐτῶν	_	_
1.9	188	[1]	ἴδιος	_	_
1.9	189	[11]	,	b	_
1.9	190	[3]	ἐν	_	_
1.9	191	[1]	ᾗ	_	_
1.9	192	[5]	καὶ	_	_
1.9	193	[2]	τὸν	_	_
1.9	194	[1]	Θεσσαλὸν	_	_
1.9	195	[1]	ἔφαμεν	_	_
1.9	196	[1]	ἐξευρηκέναι	_	_
1.9	197	[1]	τὸ	_	_
1.9	198	[1]	ληρῶδες	_	_
1.9	199	[1]	ἐκεῖνο	_	_
1.9	200	[1]	παράγγελ	_	_
1.9	201	[1]	μα	_	_
1.9	202	[12]	,	b	_
1.9	203	[2]	τὸ	_	_
1.9	204	[1]	δεῖν	_	_
1.9	205	[4]	ἐν	_	_
1.9	206	[1]	ἀρχῇ	_	_
1.9	207	[1]	στέλλειν	_	_
1.9	208	[2]	τὰ	_	_
1.9	209	[1]	νοσήματα	_	_
1.9	210	[13]	,	b	_
1.9	211	[1]	κᾂν	_	_
1.9	212	[3]	ἐκ	_	_
1.9	213	[5]	τῆς	_	_
1.9	214	[1]	στενῆς	_	_
1.9	215	[1]	ᾖ	_	_
1.9	216	[1]	κενότητος	_	_
1.9	217	[9]	.	b	_
1.9	218	[2]	Ἱπποκράτης	_	_
1.9	219	[2]	μὲν	_	_
1.9	220	[1]	πάντων	_	_
1.9	221	[1]	πρῶτος	_	_
1.9	222	[2]	ἀκριβῶς	_	_
1.9	223	[1]	ἐδήλωσε	_	_
1.9	224	[14]	,	b	_
1.9	225	[1]	οὐ	_	_
1.9	226	[1]	μὴν	_	_
1.9	227	[1]	μανθάνουσιν	_	_
1.9	228	[1]	οὐδ	_	_
1.9	229	[6]	’	b	_
1.9	230	[1]	αὐτὸ	_	_
1.9	231	[1]	διὰ	_	_
1.9	232	[3]	τὸ	_	_
1.9	233	[1]	τάχος	_	_
1.9	234	[6]	τῆς	_	_
1.9	235	[1]	ἑρμηνείας	_	_
1.9	236	[10]	.	b	_
1.9	237	[1]	ἀρκέσει	_	_
1.9	238	[5]	δὲ	_	_
1.9	239	[1]	ἔν	_	_
1.9	240	[1]	γε	_	_
1.9	241	[3]	τῷ	_	_
1.9	242	[1]	παρόντι	_	_
1.9	243	[2]	διὰ	_	_
1.9	244	[1]	μιᾶς	_	_
1.9	245	[1]	ῥήσεως	_	_
1.9	246	[1]	ἐπιδεῖξαι	_	_
1.9	247	[5]	τὴν	_	_
1.9	248	[1]	γνώμην	_	_
1.9	249	[1]	αὐτοῦ	_	_
1.9	250	[15]	,	b	_
1.9	251	[6]	καὶ	_	_
1.9	252	[2]	γὰρ	_	_
1.9	253	[2]	τὰς	_	_
1.9	254	[1]	ἄλλας	_	_
1.9	255	[2]	ῥήσεις	_	_
1.9	256	[1]	ἄν	_	_
1.9	257	[1]	τις	_	_
1.9	258	[1]	εἰ	_	_
1.9	259	[1]	μὴ	_	_
1.9	260	[1]	παντάπασιν	_	_
1.9	261	[1]	ἀταλαίπωρος	_	_
1.9	262	[2]	εἴη	_	_
1.9	263	[16]	,	b	_
1.9	264	[1]	κατὰ	_	_
1.9	265	[3]	τὸν	_	_
1.9	266	[1]	αὐτὸν	_	_
1.9	267	[17]	,	b	_
1.9	268	[1]	οἶμαι	_	_
1.9	269	[18]	,	b	_
1.9	270	[1]	τρόπον	_	_
1.9	271	[1]	ἐξευρίσκειν	_	_
1.9	272	[1]	δύναιτο	_	_
1.9	273	[19]	,	b	_
1.9	274	[1]	προχειρισάμενος	_	_
1.9	275	[1]	δὴ	_	_
1.9	276	[1]	τόνδε	_	_
1.9	277	[4]	τὸν	_	_
1.9	278	[1]	ἀφορισμόν	_	_
1.9	279	[1]	·	b	_
1.9	280	[1]	πέπονα	_	_
1.9	281	[1]	φαρμακεύειν	_	_
1.9	282	[7]	καὶ	_	_
1.9	283	[1]	κινέειν	_	_
1.9	284	[2]	μὴ	_	_
1.9	285	[1]	ὠμὰ	_	_
1.9	286	[20]	,	b	_
1.9	287	[1]	μηδὲ	_	_
1.9	288	[5]	ἐν	_	_
1.9	289	[1]	ἀρχῇσιν	_	_
1.9	290	[21]	,	b	_
1.9	291	[1]	ἢν	_	_
1.9	292	[3]	μὴ	_	_
1.9	293	[1]	ὀργᾷ	_	_
1.9	294	[11]	.	b	_
1.9	295	[4]	τὸ	_	_
1.9	296	[3]	μὲν	_	_
1.9	297	[2]	δὴ	_	_
1.9	298	[1]	ὀργᾷν	_	_
1.9	299	[1]	κυρίως	_	_
1.9	300	[4]	μὲν	_	_
1.9	301	[1]	ἐπὶ	_	_
1.9	302	[7]	τῶν	_	_
1.9	303	[1]	ζώων	_	_
1.9	304	[1]	εἴθισται	_	_
1.9	305	[1]	λέγεσθαι	_	_
1.9	306	[8]	τῶν	_	_
1.9	307	[1]	ἐπειγομένων	_	_
1.9	308	[1]	χρῆσθαι	_	_
1.9	309	[1]	συνουσίᾳ	_	_
1.9	310	[12]	.	b	_
1.9	311	[1]	μετενήνεκται	_	_
1.9	312	[6]	δὲ	_	_
1.9	313	[1]	νῦν	_	_
1.9	314	[2]	ἐπὶ	_	_
1.9	315	[3]	τὰ	_	_
1.9	316	[1]	κατεπείγοντα	_	_
1.9	317	[8]	καὶ	_	_
1.9	318	[1]	κινούμενα	_	_
1.9	319	[1]	ταχέως	_	_
1.9	320	[2]	νοσήματα	_	_
1.9	321	[13]	.	b	_
1.9	322	[9]	καὶ	_	_
1.9	323	[1]	μάλιστα	_	_
1.9	324	[1]	ἐπειδὰν	_	_
1.9	325	[1]	ἐρεθίζηταί	_	_
1.9	326	[1]	πως	_	_
1.9	327	[1]	ἡ	_	_
1.9	328	[3]	τοῦ	_	_
1.9	329	[1]	κάμνοντος	_	_
1.9	330	[1]	αἴσθησις	_	_
1.9	331	[22]	,	b	_
1.9	332	[1]	ὑπὸ	_	_
1.9	333	[7]	τῆς	_	_
1.9	334	[9]	τῶν	_	_
1.9	335	[1]	ὑγρῶν	_	_
1.9	336	[2]	τε	_	_
1.9	337	[10]	καὶ	_	_
1.9	338	[1]	πνευμάτων	_	_
1.9	339	[1]	ἀτάκτου	_	_
1.9	340	[1]	κινήσεως	_	_
1.9	341	[14]	.	b	_
1.9	342	[3]	ἐπὶ	_	_
1.9	343	[3]	γὰρ	_	_
1.9	344	[2]	τούτων	_	_
1.9	345	[1]	μόνων	_	_
1.9	346	[1]	εὐλόγως	_	_
1.9	347	[2]	ἄν	_	_
1.9	348	[2]	τις	_	_
1.9	349	[1]	χρήσαιτο	_	_
1.9	350	[1]	καταρχὰς	_	_
1.9	351	[1]	φαρμακείαις	_	_
1.9	352	[23]	,	b	_
1.9	353	[1]	σύμμαχον	_	_
1.9	354	[1]	ἔχων	_	_
1.9	355	[1]	εἰς	_	_
1.9	356	[5]	τὸ	_	_
1.9	357	[8]	τῆς	_	_
1.9	358	[1]	ὁλκῆς	_	_
1.9	359	[1]	εὐπετέστερον	_	_
1.9	360	[6]	τὴν	_	_
1.9	361	[10]	τῶν	_	_
1.9	362	[1]	πλεοναζόντων	_	_
1.9	363	[2]	ὑγρῶν	_	_
1.9	364	[1]	κίνησιν	_	_
1.9	365	[24]	,	b	_
1.9	366	[2]	ὡς	_	_
1.9	367	[1]	τά	_	_
1.9	368	[2]	γε	_	_
1.9	369	[2]	πρὸς	_	_
1.9	370	[4]	τῷ	_	_
1.9	371	[1]	τελέως	_	_
1.9	372	[1]	ὑπάρχειν	_	_
1.9	373	[1]	ἄπεπτα	_	_
1.9	374	[25]	,	b	_
1.9	375	[6]	τὸ	_	_
1.9	376	[1]	μόνιμόν	_	_
1.9	377	[3]	τε	_	_
1.9	378	[11]	καὶ	_	_
1.9	379	[1]	ἑδραῖον	_	_
1.9	380	[1]	ἔχοντα	_	_
1.9	381	[26]	,	b	_
1.9	382	[1]	χαλεπῶς	_	_
1.9	383	[1]	ὑπακούειν	_	_
1.9	384	[2]	ταῖς	_	_
1.9	385	[1]	ὁλκαῖς	_	_
1.9	386	[11]	τῶν	_	_
1.9	387	[1]	καθαιρόντων	_	_
1.9	388	[1]	φαρμάκων	_	_
1.9	389	[15]	.	b	_
1.9	390	[3]	οὕτως	_	_
1.9	391	[3]	οὖν	_	_
1.9	392	[1]	εἴρηται	_	_
1.9	393	[1]	κᾀκεῖνα	_	_
1.9	394	[16]	.	b	_
1.9	395	[1]	ὁκόσοισι	_	_
1.9	396	[7]	δὲ	_	_
1.9	397	[1]	﻿	_	_
1.9	398	[4]	τὰ	_	_
1.9	399	[1]	φλεγμαίνοντα	_	_
1.9	400	[6]	ἐν	_	_
1.9	401	[2]	ἀρχῇ	_	_
1.9	402	[12]	τῶν	_	_
1.9	403	[1]	νούσων	_	_
1.9	404	[27]	,	b	_
1.9	405	[1]	εὐθέως	_	_
1.9	406	[1]	ἐπιχειροῦσι	_	_
1.9	407	[1]	λύειν	_	_
1.9	408	[1]	φαρμακείῃ	_	_
1.9	409	[28]	,	b	_
1.9	410	[4]	τοῦ	_	_
1.9	411	[5]	μὲν	_	_
1.9	412	[1]	συντεταμένου	_	_
1.9	413	[12]	καὶ	_	_
1.9	414	[1]	φλεγμαίνοντος	_	_
1.9	415	[1]	οὐδὲν	_	_
1.9	416	[1]	ἀφαιροῦσιν	_	_
1.9	417	[2]	·	b	_
1.9	418	[2]	οὐ	_	_
1.9	419	[4]	γὰρ	_	_
1.9	420	[1]	ἐνδιδοῖ	_	_
1.9	421	[1]	ὠμὸν	_	_
1.9	422	[1]	ἐὸν	_	_
1.9	423	[7]	τὸ	_	_
1.9	424	[1]	πάθος	_	_
1.9	425	[3]	·	b	_
1.9	426	[5]	τὰ	_	_
1.9	427	[2]	δ	_	_
1.9	428	[7]	’	b	_
1.9	429	[1]	ἀντέχοντα	_	_
1.9	430	[5]	τῷ	_	_
1.9	431	[1]	νοσήματι	_	_
1.9	432	[13]	καὶ	_	_
1.9	433	[1]	ὑγιεινὰ	_	_
1.9	434	[1]	συντήκουσιν	_	_
1.9	435	[17]	.	b	_
1.9	436	[1]	ἀλλὰ	_	_
1.9	437	[2]	περὶ	_	_
1.9	438	[6]	μὲν	_	_
1.9	439	[1]	τούτου	_	_
1.9	440	[1]	σκέψασθαι	_	_
1.9	441	[9]	τῆς	_	_
1.9	442	[1]	θεραπευτικῆς	_	_
1.9	443	[1]	μεθόδου	_	_
1.9	444	[1]	ἔργον	_	_
1.9	445	[1]	ἐστίν	_	_
1.9	446	[18]	.	b	_
1.9	447	[5]	τὸν	_	_
1.9	448	[3]	δ	_	_
1.9	449	[8]	’	b	_
1.9	450	[4]	οὖν	_	_
1.9	451	[1]	Ἱπποκράτην	_	_
1.9	452	[1]	καλεῖν	_	_
1.9	453	[3]	ἀρχὴν	_	_
1.9	454	[1]	ἐκεῖνον	_	_
1.9	455	[1]	ἅπαντα	_	_
1.9	456	[6]	τὸν	_	_
1.9	457	[1]	χρόνον	_	_
1.9	458	[5]	τοῦ	_	_
1.9	459	[2]	νοσήματος	_	_
1.9	460	[29]	,	b	_
1.9	461	[7]	ἐν	_	_
1.9	462	[1]	ᾧ	_	_
1.9	463	[1]	παντελῶς	_	_
1.9	464	[1]	ἐστιν	_	_
1.9	465	[1]	ἄπεπτον	_	_
1.9	466	[30]	,	b	_
1.9	467	[2]	ἤδη	_	_
1.9	468	[1]	φαίνεται	_	_
1.9	469	[19]	.	b	_
1.9	470	[1]	προειπὼν	_	_
1.9	471	[5]	γὰρ	_	_
1.9	472	[3]	ὡς	_	_
1.9	473	[2]	πέπονα	_	_
1.9	474	[2]	χρὴ	_	_
1.9	475	[2]	φαρμακεύειν	_	_
1.9	476	[31]	,	b	_
1.9	477	[1]	ἐπήνεγκεν	_	_
1.9	478	[4]	μὴ	_	_
1.9	479	[2]	ὠμὰ	_	_
1.9	480	[32]	,	b	_
1.9	481	[2]	μηδὲ	_	_
1.9	482	[8]	ἐν	_	_
1.9	483	[2]	ἀρχῇσιν	_	_
1.9	484	[33]	,	b	_
1.9	485	[4]	ὡς	_	_
1.9	486	[1]	τότ	_	_
1.9	487	[9]	’	b	_
1.9	488	[2]	ἀρχῆς	_	_
1.9	489	[1]	οὔσης	_	_
1.9	490	[34]	,	b	_
1.9	491	[1]	ὅτ	_	_
1.9	492	[10]	’	b	_
1.9	493	[2]	ὠμὸν	_	_
1.9	494	[8]	τὸ	_	_
1.9	495	[1]	νόσημα	_	_
1.9	496	[14]	καὶ	_	_
1.9	497	[2]	ἄπεπτον	_	_
1.9	498	[1]	ὑπάρχει	_	_
1.9	499	[20]	.	b	_
1.10	1	[1]	Πῶς	_	_
1.10	2	[1]	οὖν	_	_
1.10	3	[1]	,	b	_
1.10	4	[1]	ἀναληπτέον	_	_
1.10	5	[1]	γὰρ	_	_
1.10	6	[1]	αὖθις	_	_
1.10	7	[1]	ὅθεν	_	_
1.10	8	[1]	προλέγοντες	_	_
1.10	9	[1]	ἀπελίπομεν	_	_
1.10	10	[2]	,	b	_
1.10	11	[1]	ὅρον	_	_
1.10	12	[1]	ἐπιθήσει	_	_
1.10	13	[1]	τις	_	_
1.10	14	[1]	οὕτω	_	_
1.10	15	[1]	σαφῆ	_	_
1.10	16	[1]	τῷ	_	_
1.10	17	[1]	πέρατι	_	_
1.10	18	[1]	τῆς	_	_
1.10	19	[1]	ἀναβάσεως	_	_
1.10	20	[3]	,	b	_
1.10	21	[1]	ὥσπερ	_	_
1.10	22	[1]	καὶ	_	_
1.10	23	[2]	τῷ	_	_
1.10	24	[2]	τῆς	_	_
1.10	25	[1]	ἀρχῆς	_	_
1.10	26	[1]	;	b	_
1.10	27	[1]	πῶς	_	_
1.10	28	[1]	δὲ	_	_
1.10	29	[1]	ἄλλον	_	_
1.10	30	[1]	ἢ	_	_
1.10	31	[1]	τὰ	_	_
1.10	32	[3]	τῆς	_	_
1.10	33	[1]	ἀκμῆς	_	_
1.10	34	[1]	θεασάμενος	_	_
1.10	35	[1]	γνωρίσματα	_	_
1.10	36	[2]	;	b	_
1.10	37	[1]	λέγει	_	_
1.10	38	[2]	δὲ	_	_
1.10	39	[2]	καὶ	_	_
1.10	40	[1]	ταῦτα	_	_
1.10	41	[1]	ὁ	_	_
1.10	42	[1]	Ἱπποκράτης	_	_
1.10	43	[1]	ἑνὶ	_	_
1.10	44	[1]	μὲν	_	_
1.10	45	[1]	λόγῳ	_	_
1.10	46	[1]	τῷδε	_	_
1.10	47	[1]	·	b	_
1.10	48	[1]	κατὰ	_	_
1.10	49	[1]	τὰς	_	_
1.10	50	[1]	ἀρχὰς	_	_
1.10	51	[3]	καὶ	_	_
1.10	52	[2]	τὰ	_	_
1.10	53	[1]	τέλη	_	_
1.10	54	[1]	πάντα	_	_
1.10	55	[1]	ἤδη	_	_
1.10	56	[1]	ἀσθενέστερα	_	_
1.10	57	[4]	,	b	_
1.10	58	[2]	κατὰ	_	_
1.10	59	[3]	δὲ	_	_
1.10	60	[2]	τὰς	_	_
1.10	61	[1]	ἀκμὰς	_	_
1.10	62	[1]	ἰσχυρότερα	_	_
1.10	63	[1]	.	b	_
1.10	64	[1]	ἑτέρῳ	_	_
1.10	65	[4]	δὲ	_	_
1.10	66	[2]	τῷδε	_	_
1.10	67	[2]	·	b	_
1.10	68	[1]	ὅκου	_	_
1.10	69	[2]	μὲν	_	_
1.10	70	[2]	οὖν	_	_
1.10	71	[1]	κάτοξυ	_	_
1.10	72	[1]	τὸ	_	_
1.10	73	[1]	νόσημα	_	_
1.10	74	[5]	,	b	_
1.10	75	[1]	αὐτίκα	_	_
1.10	76	[4]	καὶ	_	_
1.10	77	[1]	τοὺς	_	_
1.10	78	[1]	ἐσχάτους	_	_
1.10	79	[1]	πόνους	_	_
1.10	80	[1]	ἔχει	_	_
1.10	81	[2]	.	b	_
1.10	82	[2]	πῶς	_	_
1.10	83	[3]	οὖν	_	_
1.10	84	[1]	ἐπιγνῶμεν	_	_
1.10	85	[1]	αὐτό	_	_
1.10	86	[3]	;	b	_
1.10	87	[1]	διὰ	_	_
1.10	88	[1]	τοῦθ	_	_
1.10	89	[1]	’	b	_
1.10	90	[6]	,	b	_
1.10	91	[1]	ὅτι	_	_
1.10	92	[1]	νῦν	_	_
1.10	93	[1]	ἰσχυρότατόν	_	_
1.10	94	[1]	ἐστι	_	_
1.10	95	[2]	νόσημα	_	_
1.10	96	[5]	καὶ	_	_
1.10	97	[2]	τοὺς	_	_
1.10	98	[1]	μεγίστους	_	_
1.10	99	[2]	ἔχει	_	_
1.10	100	[1]	παροξυσμούς	_	_
1.10	101	[3]	.	b	_
1.10	102	[1]	εἰ	_	_
1.10	103	[3]	μὲν	_	_
1.10	104	[2]	γὰρ	_	_
1.10	105	[1]	ἀθρόως	_	_
1.10	106	[1]	μέλλει	_	_
1.10	107	[1]	μεταβάλλειν	_	_
1.10	108	[7]	,	b	_
1.10	109	[1]	ὅπερ	_	_
1.10	110	[1]	δὴ	_	_
1.10	111	[1]	κρίνεσθαι	_	_
1.10	112	[1]	καλέσομεν	_	_
1.10	113	[1]	ἐν	_	_
1.10	114	[3]	τῷ	_	_
1.10	115	[1]	παρόντι	_	_
1.10	116	[8]	,	b	_
1.10	117	[1]	τὴν	_	_
1.10	118	[1]	ἀρχὴν	_	_
1.10	119	[4]	τῆς	_	_
1.10	120	[1]	κρίσεως	_	_
1.10	121	[1]	ἔσχατον	_	_
1.10	122	[2]	ὅρον	_	_
1.10	123	[2]	ἀναβάσεως	_	_
1.10	124	[1]	θετέον	_	_
1.10	125	[3]	·	b	_
1.10	126	[2]	εἰ	_	_
1.10	127	[5]	δὲ	_	_
1.10	128	[3]	κατὰ	_	_
1.10	129	[1]	βραχὺ	_	_
1.10	130	[9]	,	b	_
1.10	131	[1]	τοῖς	_	_
1.10	132	[2]	ἐν	_	_
1.10	133	[1]	ταῖς	_	_
1.10	134	[1]	περιόδοις	_	_
1.10	135	[1]	παροξυσμοῖς	_	_
1.10	136	[1]	δοκιμαστέος	_	_
1.10	137	[4]	.	b	_
1.10	138	[3]	εἰ	_	_
1.10	139	[4]	μὲν	_	_
1.10	140	[3]	γὰρ	_	_
1.10	141	[1]	ἐπὶ	_	_
1.10	142	[2]	τὸ	_	_
1.10	143	[1]	πρωϊαίτερόν	_	_
1.10	144	[1]	τε	_	_
1.10	145	[6]	καὶ	_	_
1.10	146	[1]	πλείονα	_	_
1.10	147	[1]	χρόνον	_	_
1.10	148	[10]	,	b	_
1.10	149	[7]	καὶ	_	_
1.10	150	[1]	μᾶλλον	_	_
1.10	151	[11]	,	b	_
1.10	152	[1]	ὡς	_	_
1.10	153	[1]	αὐτὸς	_	_
1.10	154	[1]	ἔλεγεν	_	_
1.10	155	[12]	,	b	_
1.10	156	[1]	εἴησαν	_	_
1.10	157	[1]	γινόμενοι	_	_
1.10	158	[13]	,	b	_
1.10	159	[1]	δῆλον	_	_
1.10	160	[2]	ὡς	_	_
1.10	161	[2]	ἐπὶ	_	_
1.10	162	[2]	τὴν	_	_
1.10	163	[1]	ἀκμὴν	_	_
1.10	164	[1]	ἀνέρχεται	_	_
1.10	165	[8]	καὶ	_	_
1.10	166	[1]	αὐξάνεται	_	_
1.10	167	[3]	τὸ	_	_
1.10	168	[3]	νόσημα	_	_
1.10	169	[5]	.	b	_
1.10	170	[5]	τῆς	_	_
1.10	171	[6]	δὲ	_	_
1.10	172	[3]	ἐπὶ	_	_
1.10	173	[1]	τοὐναντίον	_	_
1.10	174	[1]	μεταβολῆς	_	_
1.10	175	[1]	αὐτοὺς	_	_
1.10	176	[1]	ἐκδεξαμένης	_	_
1.10	177	[14]	,	b	_
1.10	178	[1]	παύεται	_	_
1.10	179	[9]	καὶ	_	_
1.10	180	[1]	παρακμάζει	_	_
1.10	181	[6]	.	b	_
1.10	182	[1]	συμβαίνει	_	_
1.10	183	[1]	δέ	_	_
1.10	184	[1]	ποτε	_	_
1.10	185	[1]	δύο	_	_
1.10	186	[1]	παροξυσμοὺς	_	_
1.10	187	[1]	γινομένους	_	_
1.10	188	[2]	μεγίστους	_	_
1.10	189	[5]	μὲν	_	_
1.10	190	[1]	τῶν	_	_
1.10	191	[1]	ἄλλων	_	_
1.10	192	[15]	,	b	_
1.10	193	[1]	ἴσους	_	_
1.10	194	[1]	δ	_	_
1.10	195	[2]	’	b	_
1.10	196	[1]	ἀλλήλοις	_	_
1.10	197	[1]	τὸν	_	_
1.10	198	[6]	τῆς	_	_
1.10	199	[2]	ἀκμῆς	_	_
1.10	200	[1]	περιγράψαι	_	_
1.10	201	[1]	καιρόν	_	_
1.10	202	[4]	·	b	_
1.10	203	[1]	ἐνίοτε	_	_
1.10	204	[2]	δ	_	_
1.10	205	[3]	’	b	_
1.10	206	[1]	ἕνα	_	_
1.10	207	[10]	καὶ	_	_
1.10	208	[2]	τῶν	_	_
1.10	209	[1]	ἔμπροσθεν	_	_
1.10	210	[1]	ἁπάντων	_	_
1.10	211	[11]	καὶ	_	_
1.10	212	[3]	τῶν	_	_
1.10	213	[1]	μετ	_	_
1.10	214	[4]	’	b	_
1.10	215	[1]	αὐτὸν	_	_
1.10	216	[1]	γενέσθαι	_	_
1.10	217	[1]	μέγιστον	_	_
1.10	218	[7]	.	b	_
1.10	219	[1]	εἰς	_	_
1.10	220	[1]	τρεῖς	_	_
1.10	221	[7]	δὲ	_	_
1.10	222	[2]	παροξυσμοὺς	_	_
1.10	223	[3]	ἐν	_	_
1.10	224	[6]	μὲν	_	_
1.10	225	[2]	τοῖς	_	_
1.10	226	[1]	ὀξέσι	_	_
1.10	227	[1]	οὐ	_	_
1.10	228	[1]	πάνυ	_	_
1.10	229	[1]	τι	_	_
1.10	230	[1]	προέρχεσθαι	_	_
1.10	231	[2]	συμβαίνει	_	_
1.10	232	[2]	τὸν	_	_
1.10	233	[7]	τῆς	_	_
1.10	234	[3]	ἀκμῆς	_	_
1.10	235	[2]	καιρόν	_	_
1.10	236	[5]	·	b	_
1.10	237	[4]	ἐν	_	_
1.10	238	[8]	δὲ	_	_
1.10	239	[3]	τοῖς	_	_
1.10	240	[1]	χρονίοις	_	_
1.10	241	[1]	οὐκ	_	_
1.10	242	[2]	εἰς	_	_
1.10	243	[1]	τοσούτους	_	_
1.10	244	[1]	μόνον	_	_
1.10	245	[16]	,	b	_
1.10	246	[1]	ἀλλὰ	_	_
1.10	247	[12]	καὶ	_	_
1.10	248	[1]	πολὺ	_	_
1.10	249	[1]	πλείονας	_	_
1.10	250	[8]	.	b	_
1.10	251	[2]	οὕτω	_	_
1.10	252	[7]	μὲν	_	_
1.10	253	[1]	διαγινώσκειν	_	_
1.10	254	[1]	χρὴ	_	_
1.10	255	[3]	τοὺς	_	_
1.10	256	[1]	καθόλου	_	_
1.10	257	[1]	καιροὺς	_	_
1.10	258	[17]	,	b	_
1.10	259	[2]	ἢ	_	_
1.10	260	[2]	γινομένους	_	_
1.10	261	[18]	,	b	_
1.10	262	[3]	ἢ	_	_
1.10	263	[1]	γεγονότας	_	_
1.10	264	[1]	ἄρτι	_	_
1.10	265	[19]	,	b	_
1.10	266	[1]	μέλλοντας	_	_
1.10	267	[3]	δ	_	_
1.10	268	[5]	’	b	_
1.10	269	[1]	ἔσεσθαι	_	_
1.10	270	[1]	καθ	_	_
1.10	271	[6]	’	b	_
1.10	272	[1]	ἕτερον	_	_
1.10	273	[1]	τρόπον	_	_
1.10	274	[9]	.	b	_
1.11	1	[1]	Ἵνα	_	_
1.11	2	[1]	σαφὴς	_	_
1.11	3	[1]	ᾖ	_	_
1.11	4	[1]	τοῖς	_	_
1.11	5	[1]	ἀκούουσι	_	_
1.11	6	[1]	,	b	_
1.11	7	[1]	ἀνάγκη	_	_
1.11	8	[1]	πρότερον	_	_
1.11	9	[1]	εἰπεῖν	_	_
1.11	10	[1]	τι	_	_
1.11	11	[1]	περί	_	_
1.11	12	[1]	τε	_	_
1.11	13	[1]	διαχωρημάτων	_	_
1.11	14	[1]	καὶ	_	_
1.11	15	[1]	οὔρων	_	_
1.11	16	[2]	,	b	_
1.11	17	[1]	ὡς	_	_
1.11	18	[2]	πρότερον	_	_
1.11	19	[1]	εἴπομεν	_	_
1.11	20	[1]	περὶ	_	_
1.11	21	[1]	τῶν	_	_
1.11	22	[1]	πτυσμάτων	_	_
1.11	23	[1]	.	b	_
1.11	24	[1]	διαχώρημα	_	_
1.11	25	[1]	τοίνυν	_	_
1.11	26	[1]	ἄριστόν	_	_
1.11	27	[1]	ἐστι	_	_
1.11	28	[1]	τὸ	_	_
1.11	29	[1]	μαλθακόν	_	_
1.11	30	[2]	τε	_	_
1.11	31	[2]	καὶ	_	_
1.11	32	[1]	συνεστηκὸς	_	_
1.11	33	[3]	,	b	_
1.11	34	[3]	καὶ	_	_
1.11	35	[1]	τὴν	_	_
1.11	36	[1]	ὥρην	_	_
1.11	37	[4]	,	b	_
1.11	38	[1]	ἥν	_	_
1.11	39	[1]	περ	_	_
1.11	40	[4]	καὶ	_	_
1.11	41	[1]	ὑγιαίνοντι	_	_
1.11	42	[1]	ὑπεχώρει	_	_
1.11	43	[2]	.	b	_
1.11	44	[1]	πλῆθος	_	_
1.11	45	[1]	δὲ	_	_
1.11	46	[1]	πρὸς	_	_
1.11	47	[1]	λόγον	_	_
1.11	48	[2]	τῶν	_	_
1.11	49	[1]	εἰσιόντων	_	_
1.11	50	[3]	.	b	_
1.11	51	[1]	ἐνταῦθα	_	_
1.11	52	[1]	μὲν	_	_
1.11	53	[1]	ἀπό	_	_
1.11	54	[3]	τε	_	_
1.11	55	[1]	συστάσεως	_	_
1.11	56	[1]	αὐτοῦ	_	_
1.11	57	[5]	καὶ	_	_
1.11	58	[1]	ποσότητος	_	_
1.11	59	[6]	καὶ	_	_
1.11	60	[1]	τοῦ	_	_
1.11	61	[1]	καιροῦ	_	_
1.11	62	[1]	τῆς	_	_
1.11	63	[1]	ἐκκρίσεως	_	_
1.11	64	[1]	ποιεῖται	_	_
1.11	65	[2]	τὴν	_	_
1.11	66	[1]	διάγνωσιν	_	_
1.11	67	[5]	,	b	_
1.11	68	[1]	ἐπειδὴ	_	_
1.11	69	[3]	τὴν	_	_
1.11	70	[1]	κάτω	_	_
1.11	71	[1]	κοιλίαν	_	_
1.11	72	[1]	ὑγιαίνουσαν	_	_
1.11	73	[1]	ἐνδείκνυται	_	_
1.11	74	[2]	τὸ	_	_
1.11	75	[1]	τοιοῦτον	_	_
1.11	76	[2]	διαχώρημα	_	_
1.11	77	[4]	.	b	_
1.11	78	[1]	διὰ	_	_
1.11	79	[1]	τοῦτο	_	_
1.11	80	[1]	οὖν	_	_
1.11	81	[1]	ἐπιφέρων	_	_
1.11	82	[1]	ἐρεῖ	_	_
1.11	83	[1]	·	b	_
1.11	84	[1]	τοιαύτης	_	_
1.11	85	[1]	γὰρ	_	_
1.11	86	[1]	ἐούσης	_	_
1.11	87	[2]	τῆς	_	_
1.11	88	[1]	διεξόδου	_	_
1.11	89	[6]	,	b	_
1.11	90	[1]	ἡ	_	_
1.11	91	[2]	κάτω	_	_
1.11	92	[1]	κοιλίη	_	_
1.11	93	[1]	ὑγιαίνοι	_	_
1.11	94	[1]	ἄν	_	_
1.11	95	[5]	.	b	_
1.11	96	[3]	κάτω	_	_
1.11	97	[2]	δὲ	_	_
1.11	98	[2]	κοιλίαν	_	_
1.11	99	[1]	εἴρηκε	_	_
1.11	100	[1]	νῦν	_	_
1.11	101	[1]	ἀντιδιαιρούμενος	_	_
1.11	102	[1]	τῷ	_	_
1.11	103	[1]	θώρακι	_	_
1.11	104	[6]	.	b	_
1.11	105	[2]	διὰ	_	_
1.11	106	[2]	τοῦτο	_	_
1.11	107	[2]	τοίνυν	_	_
1.11	108	[1]	οὐδὲ	_	_
1.11	109	[3]	τῆς	_	_
1.11	110	[1]	χροιᾶς	_	_
1.11	111	[1]	ἐμνημόνευσε	_	_
1.11	112	[2]	τοῦ	_	_
1.11	113	[1]	διαχωρήματος	_	_
1.11	114	[7]	.	b	_
1.11	115	[1]	οὐδὲν	_	_
1.11	116	[2]	γὰρ	_	_
1.11	117	[2]	ὡς	_	_
1.11	118	[2]	πρὸς	_	_
1.11	119	[4]	τὴν	_	_
1.11	120	[4]	τῆς	_	_
1.11	121	[1]	κοιλίας	_	_
1.11	122	[1]	αὐτῆς	_	_
1.11	123	[1]	ἀκριβῆ	_	_
1.11	124	[2]	διάγνωσιν	_	_
1.11	125	[7]	,	b	_
1.11	126	[1]	ὅπως	_	_
1.11	127	[1]	ἔχῃ	_	_
1.11	128	[1]	διαθέσεως	_	_
1.11	129	[8]	,	b	_
1.11	130	[2]	ἡ	_	_
1.11	131	[1]	χροιὰ	_	_
1.11	132	[3]	τῶν	_	_
1.11	133	[2]	διαχωρημάτων	_	_
1.11	134	[2]	ἐνδείκνυται	_	_
1.11	135	[8]	.	b	_
1.11	136	[3]	τοῦ	_	_
1.11	137	[3]	γὰρ	_	_
1.11	138	[1]	πεπέφθαι	_	_
1.11	139	[1]	καλῶς	_	_
1.11	140	[1]	ἱκανὰ	_	_
1.11	141	[1]	τὰ	_	_
1.11	142	[1]	προειρημένα	_	_
1.11	143	[1]	γνωρίσματα	_	_
1.11	144	[3]	τὸ	_	_
1.11	145	[2]	μαλθακόν	_	_
1.11	146	[4]	τε	_	_
1.11	147	[1]	εἶναι	_	_
1.11	148	[7]	καὶ	_	_
1.11	149	[2]	συνεστηκὸς	_	_
1.11	150	[4]	τὸ	_	_
1.11	151	[3]	διαχώρημα	_	_
1.11	152	[9]	,	b	_
1.11	153	[8]	καὶ	_	_
1.11	154	[1]	μήτε	_	_
1.11	155	[1]	προλαμβάνειν	_	_
1.11	156	[1]	τὸν	_	_
1.11	157	[1]	κατὰ	_	_
1.11	158	[1]	φύσιν	_	_
1.11	159	[1]	καιρὸν	_	_
1.11	160	[10]	,	b	_
1.11	161	[1]	μήθ	_	_
1.11	162	[1]	’	b	_
1.11	163	[1]	ὑστερίζειν	_	_
1.11	164	[9]	.	b	_
1.11	165	[9]	καὶ	_	_
1.11	166	[5]	τὸ	_	_
1.11	167	[2]	πλῆθος	_	_
1.11	168	[1]	ἀνάλογον	_	_
1.11	169	[2]	τοῖς	_	_
1.11	170	[1]	ἐδέσμασιν	_	_
1.11	171	[10]	.	b	_
1.11	172	[1]	ὥσπερ	_	_
1.11	173	[1]	δ	_	_
1.11	174	[2]	’	b	_
1.11	175	[1]	εἰ	_	_
1.11	176	[1]	ταῦτα	_	_
1.11	177	[1]	εἴη	_	_
1.11	178	[11]	,	b	_
1.11	179	[1]	πάντως	_	_
1.11	180	[1]	πέπτεται	_	_
1.11	181	[12]	,	b	_
1.11	182	[1]	οὕτως	_	_
1.11	183	[1]	οὐκ	_	_
1.11	184	[1]	ἔτι	_	_
1.11	185	[13]	,	b	_
1.11	186	[2]	εἰ	_	_
1.11	187	[1]	μὴ	_	_
1.11	188	[1]	τούτων	_	_
1.11	189	[2]	τι	_	_
1.11	190	[1]	παρείη	_	_
1.11	191	[14]	,	b	_
1.11	192	[2]	πάντως	_	_
1.11	193	[1]	οὐ	_	_
1.11	194	[2]	πέπτεται	_	_
1.11	195	[11]	.	b	_
1.11	196	[1]	δύναται	_	_
1.11	197	[2]	μὲν	_	_
1.11	198	[4]	γὰρ	_	_
1.11	199	[1]	αὐτὴ	_	_
1.11	200	[3]	ἡ	_	_
1.11	201	[1]	γαστὴρ	_	_
1.11	202	[1]	ἐῤῥῶσθαι	_	_
1.11	203	[2]	περὶ	_	_
1.11	204	[6]	τὸ	_	_
1.11	205	[1]	ἑαυτῆς	_	_
1.11	206	[1]	ἔργον	_	_
1.11	207	[15]	,	b	_
1.11	208	[1]	ἤτοι	_	_
1.11	209	[3]	εἰ	_	_
1.11	210	[1]	διά	_	_
1.11	211	[1]	τινα	_	_
1.11	212	[1]	θερμασίαν	_	_
1.11	213	[1]	ἰσχυρὰν	_	_
1.11	214	[1]	παρακειμένων	_	_
1.11	215	[1]	αὐτῇ	_	_
1.11	216	[1]	μορίων	_	_
1.11	217	[16]	,	b	_
1.11	218	[1]	ἐξικμάζεσθαί	_	_
1.11	219	[5]	τε	_	_
1.11	220	[10]	καὶ	_	_
1.11	221	[1]	ξηραίνεσθαι	_	_
1.11	222	[7]	τὸ	_	_
1.11	223	[2]	καλῶς	_	_
1.11	224	[1]	πεφθὲν	_	_
1.11	225	[17]	,	b	_
1.11	226	[1]	ἢ	_	_
1.11	227	[1]	δι	_	_
1.11	228	[3]	’	b	_
1.11	229	[1]	ἀῤῥωστίαν	_	_
1.11	230	[1]	ἀναδόσεως	_	_
1.11	231	[1]	ὑγρότερον	_	_
1.11	232	[4]	τοῦ	_	_
1.11	233	[1]	δέοντος	_	_
1.11	234	[1]	ὑπιέναι	_	_
1.11	235	[12]	.	b	_
1.11	236	[8]	τὸ	_	_
1.11	237	[1]	μέντοι	_	_
1.11	238	[3]	μαλθακόν	_	_
1.11	239	[6]	τε	_	_
1.11	240	[11]	καὶ	_	_
1.11	241	[3]	συνεστηκὸς	_	_
1.11	242	[1]	ἄντικρυς	_	_
1.11	243	[3]	μὲν	_	_
1.11	244	[3]	ἐνδείκνυται	_	_
1.11	245	[5]	τὴν	_	_
1.11	246	[1]	πεπτικὴν	_	_
1.11	247	[1]	ἐνέργειαν	_	_
1.11	248	[2]	ἐῤῥῶσθαι	_	_
1.11	249	[18]	,	b	_
1.11	250	[1]	συνενδείκνυται	_	_
1.11	251	[3]	δὲ	_	_
1.11	252	[12]	καὶ	_	_
1.11	253	[9]	τὸ	_	_
1.11	254	[6]	τὴν	_	_
1.11	255	[1]	ἀνάδοσιν	_	_
1.11	256	[1]	ἀμέμπτως	_	_
1.11	257	[1]	ἀποτελεῖσθαι	_	_
1.11	258	[13]	.	b	_
1.11	259	[13]	καὶ	_	_
1.11	260	[3]	πρὸς	_	_
1.11	261	[1]	τούτοις	_	_
1.11	262	[2]	ἔτι	_	_
1.11	263	[10]	τὸ	_	_
1.11	264	[1]	μηδὲν	_	_
1.11	265	[1]	φλεγμαίνειν	_	_
1.11	266	[4]	τῶν	_	_
1.11	267	[2]	κατὰ	_	_
1.11	268	[7]	τὴν	_	_
1.11	269	[1]	γαστέρα	_	_
1.11	270	[2]	μορίων	_	_
1.11	271	[14]	.	b	_
1.11	272	[4]	εἰ	_	_
1.11	273	[1]	δέ	_	_
1.11	274	[1]	τῳ	_	_
1.11	275	[1]	δοκεῖ	_	_
1.11	276	[1]	παραλελεῖφθαι	_	_
1.11	277	[11]	τὸ	_	_
1.11	278	[1]	λεῖον	_	_
1.11	279	[19]	,	b	_
1.11	280	[2]	εἶναι	_	_
1.11	281	[5]	γὰρ	_	_
1.11	282	[1]	χρὴ	_	_
1.11	283	[12]	τὸ	_	_
1.11	284	[3]	καλῶς	_	_
1.11	285	[1]	πεπεμμένον	_	_
1.11	286	[1]	εὐθὺς	_	_
1.11	287	[14]	καὶ	_	_
1.11	288	[2]	λεῖον	_	_
1.11	289	[20]	,	b	_
1.11	290	[2]	οὐκ	_	_
1.11	291	[1]	ὀρθῶς	_	_
1.11	292	[1]	οὗτος	_	_
1.11	293	[1]	διαγινώσκει	_	_
1.11	294	[15]	.	b	_
1.11	295	[13]	τὸ	_	_
1.11	296	[6]	γὰρ	_	_
1.11	297	[4]	συνεστηκὸς	_	_
1.11	298	[3]	οὐκ	_	_
1.11	299	[1]	ἐνδέχεται	_	_
1.11	300	[2]	μὴ	_	_
1.11	301	[1]	οὐχὶ	_	_
1.11	302	[15]	καὶ	_	_
1.11	303	[3]	λεῖον	_	_
1.11	304	[1]	ὑπάρχειν	_	_
1.11	305	[16]	.	b	_
1.11	306	[1]	ἡνῶσθαι	_	_
1.11	307	[7]	γὰρ	_	_
1.11	308	[1]	αὐτὸ	_	_
1.11	309	[1]	δεῖ	_	_
1.11	310	[3]	τοῖς	_	_
1.11	311	[1]	μορίοις	_	_
1.11	312	[1]	ἅπασι	_	_
1.11	313	[16]	καὶ	_	_
1.11	314	[1]	οἷον	_	_
1.11	315	[1]	ἓν	_	_
1.11	316	[2]	ὑπάρχειν	_	_
1.11	317	[1]	ἀκριβῶς	_	_
1.11	318	[17]	.	b	_
1.11	319	[5]	εἰ	_	_
1.11	320	[4]	δὲ	_	_
1.11	321	[2]	τὰ	_	_
1.11	322	[4]	μὲν	_	_
1.11	323	[1]	ὁλόκληρά	_	_
1.11	324	[7]	τε	_	_
1.11	325	[17]	καὶ	_	_
1.11	326	[1]	τραχέα	_	_
1.11	327	[18]	καὶ	_	_
1.11	328	[1]	σκληρὰ	_	_
1.11	329	[5]	τῶν	_	_
1.11	330	[3]	μορίων	_	_
1.11	331	[2]	αὐτοῦ	_	_
1.11	332	[1]	φαίνοιτο	_	_
1.11	333	[21]	,	b	_
1.11	334	[3]	τὰ	_	_
1.11	335	[2]	δ	_	_
1.11	336	[4]	’	b	_
1.11	337	[1]	ὑγρὰ	_	_
1.11	338	[19]	καὶ	_	_
1.11	339	[1]	ὑδατώδη	_	_
1.11	340	[22]	,	b	_
1.11	341	[1]	πῶς	_	_
1.11	342	[1]	ἂν	_	_
1.11	343	[2]	εἴη	_	_
1.11	344	[2]	ταῦτα	_	_
1.11	345	[4]	πρὸς	_	_
1.11	346	[1]	ἄλληλα	_	_
1.11	347	[1]	συνεστηκότα	_	_
1.11	348	[1]	;	b	_
1.11	349	[1]	διαλέλυται	_	_
1.11	350	[8]	γὰρ	_	_
1.11	351	[1]	οὕτω	_	_
1.11	352	[1]	γε	_	_
1.11	353	[1]	ἀπ	_	_
1.11	354	[5]	’	b	_
1.11	355	[1]	ἀλλήλων	_	_
1.11	356	[23]	,	b	_
1.11	357	[20]	καὶ	_	_
1.11	358	[4]	τὰ	_	_
1.11	359	[5]	μὲν	_	_
1.11	360	[2]	τραχέα	_	_
1.11	361	[8]	τε	_	_
1.11	362	[21]	καὶ	_	_
1.11	363	[2]	σκληρὰ	_	_
1.11	364	[1]	κεχώρισται	_	_
1.11	365	[1]	πάντῃ	_	_
1.11	366	[18]	.	b	_
1.11	367	[14]	τὸ	_	_
1.11	368	[3]	δ	_	_
1.11	369	[6]	’	b	_
1.11	370	[1]	ὑγρὸν	_	_
1.11	371	[24]	,	b	_
1.11	372	[3]	ὡς	_	_
1.11	373	[2]	ἂν	_	_
1.11	374	[1]	ὑδατῶδές	_	_
1.11	375	[9]	τε	_	_
1.11	376	[22]	καὶ	_	_
1.11	377	[1]	λεπτὸν	_	_
1.11	378	[3]	ἔτι	_	_
1.11	379	[1]	μένῃ	_	_
1.11	380	[25]	,	b	_
1.11	381	[1]	οὔθ	_	_
1.11	382	[7]	’	b	_
1.11	383	[1]	ἑαυτὸ	_	_
1.11	384	[1]	συνδεῖν	_	_
1.11	385	[2]	δύναται	_	_
1.11	386	[4]	τοῖς	_	_
1.11	387	[1]	στερεοῖς	_	_
1.11	388	[1]	οὔτε	_	_
1.11	389	[2]	δι	_	_
1.11	390	[8]	’	b	_
1.11	391	[1]	ἑαυτοῦ	_	_
1.11	392	[1]	κᾀκείνοις	_	_
1.11	393	[1]	τινὰ	_	_
1.11	394	[1]	κοινωνίαν	_	_
1.11	395	[1]	ἐργάζεσθαι	_	_
1.11	396	[26]	,	b	_
1.11	397	[1]	περιῤῥέον	_	_
1.11	398	[10]	τε	_	_
1.11	399	[1]	αὐτοῖς	_	_
1.11	400	[1]	ἐν	_	_
1.11	401	[1]	κύκλῳ	_	_
1.11	402	[23]	καὶ	_	_
1.11	403	[1]	ᾀποῤῥέον	_	_
1.11	404	[27]	,	b	_
1.11	405	[1]	ἀνώμαλόν	_	_
1.11	406	[11]	τε	_	_
1.11	407	[1]	ἅμα	_	_
1.11	408	[24]	καὶ	_	_
1.11	409	[1]	οὐδαμῶς	_	_
1.11	410	[2]	γε	_	_
1.11	411	[5]	συνεστηκὸς	_	_
1.11	412	[1]	ἐργάζεται	_	_
1.11	413	[15]	τὸ	_	_
1.11	414	[4]	διαχώρημα	_	_
1.11	415	[19]	.	b	_
1.11	416	[16]	τὸ	_	_
1.11	417	[6]	μὲν	_	_
1.11	418	[1]	δὴ	_	_
1.11	419	[2]	τοιοῦτον	_	_
1.11	420	[28]	,	b	_
1.11	421	[1]	λέγω	_	_
1.11	422	[2]	δὴ	_	_
1.11	423	[17]	τὸ	_	_
1.11	424	[4]	μαλθακόν	_	_
1.11	425	[12]	τε	_	_
1.11	426	[25]	καὶ	_	_
1.11	427	[6]	συνεστηκὸς	_	_
1.11	428	[29]	,	b	_
1.11	429	[1]	ὑγιαίνειν	_	_
1.11	430	[7]	μὲν	_	_
1.11	431	[4]	ἐνδείκνυται	_	_
1.11	432	[3]	πάντως	_	_
1.11	433	[8]	τὴν	_	_
1.11	434	[2]	γαστέρα	_	_
1.11	435	[20]	.	b	_
1.11	436	[2]	συνενδείκνυται	_	_
1.11	437	[5]	δὲ	_	_
1.11	438	[30]	,	b	_
1.11	439	[4]	ὡς	_	_
1.11	440	[1]	ἔφην	_	_
1.11	441	[31]	,	b	_
1.11	442	[26]	καὶ	_	_
1.11	443	[18]	τὸ	_	_
1.11	444	[2]	μηδὲν	_	_
1.11	445	[6]	τῶν	_	_
1.11	446	[1]	πέριξ	_	_
1.11	447	[1]	πεπονθέναι	_	_
1.11	448	[27]	καὶ	_	_
1.11	449	[19]	τὸ	_	_
1.11	450	[9]	τὴν	_	_
1.11	451	[2]	ἀνάδοσιν	_	_
1.11	452	[2]	ἀμέμπτως	_	_
1.11	453	[1]	γίνεσθαι	_	_
1.11	454	[21]	.	b	_
1.11	455	[4]	πάντως	_	_
1.11	456	[9]	γὰρ	_	_
1.11	457	[3]	ἂν	_	_
1.11	458	[2]	ὑγρὸν	_	_
1.11	459	[1]	ἦν	_	_
1.11	460	[32]	,	b	_
1.11	461	[1]	ἐλλιπῶς	_	_
1.11	462	[2]	αὐτῆς	_	_
1.11	463	[1]	ἐπιτελουμένης	_	_
1.11	464	[22]	.	b	_
1.11	465	[6]	εἰ	_	_
1.11	466	[6]	δὲ	_	_
1.11	467	[28]	καὶ	_	_
1.11	468	[2]	τὸν	_	_
1.11	469	[2]	καιρὸν	_	_
1.11	470	[1]	φυλάττει	_	_
1.11	471	[5]	τῆς	_	_
1.11	472	[2]	ἐκκρίσεως	_	_
1.11	473	[33]	,	b	_
1.11	474	[1]	καθ	_	_
1.11	475	[9]	’	b	_
1.11	476	[1]	ὃν	_	_
1.11	477	[1]	ὑγιαίνοντος	_	_
1.11	478	[1]	ἐγένετο	_	_
1.11	479	[34]	,	b	_
1.11	480	[1]	δῆλον	_	_
1.11	481	[5]	ὡς	_	_
1.11	482	[2]	οὔτε	_	_
1.11	483	[1]	βραδυπεψίαν	_	_
1.11	484	[3]	οὔτε	_	_
1.11	485	[6]	τῆς	_	_
1.11	486	[1]	καθεκτικῆς	_	_
1.11	487	[2]	ἢ	_	_
1.11	488	[1]	ἀποκριτικῆς	_	_
1.11	489	[1]	δυνάμεως	_	_
1.11	490	[1]	ἐνδείκνυταί	_	_
1.11	491	[3]	τι	_	_
1.11	492	[1]	σφάλμα	_	_
1.11	493	[23]	.	b	_
1.11	494	[20]	τὸ	_	_
1.11	495	[8]	μὲν	_	_
1.11	496	[3]	δὴ	_	_
1.11	497	[1]	ὀψιαίτερον	_	_
1.11	498	[3]	ἢ	_	_
1.11	499	[2]	χρὴ	_	_
1.11	500	[1]	διαχωρεῖν	_	_
1.11	501	[35]	,	b	_
1.11	502	[4]	ἢ	_	_
1.11	503	[10]	τὴν	_	_
1.11	504	[1]	πέψιν	_	_
1.11	505	[1]	αὐτὴν	_	_
1.11	506	[36]	,	b	_
1.11	507	[5]	ἢ	_	_
1.11	508	[11]	τὴν	_	_
1.11	509	[3]	διὰ	_	_
1.11	510	[7]	τῶν	_	_
1.11	511	[1]	ἐντέρων	_	_
1.11	512	[1]	φορὰν	_	_
1.11	513	[5]	ἐνδείκνυται	_	_
1.11	514	[1]	βραδυτέραν	_	_
1.11	515	[2]	·	b	_
1.11	516	[21]	τὸ	_	_
1.11	517	[7]	δὲ	_	_
1.11	518	[1]	πρωϊαίτερον	_	_
1.11	519	[12]	τὴν	_	_
1.11	520	[2]	ἀῤῥωστίαν	_	_
1.11	521	[7]	τῆς	_	_
1.11	522	[2]	καθεκτικῆς	_	_
1.11	523	[2]	δυνάμεως	_	_
1.11	524	[37]	,	b	_
1.11	525	[2]	οὐ	_	_
1.11	526	[10]	γὰρ	_	_
1.11	527	[4]	δὴ	_	_
1.11	528	[1]	ῥώμην	_	_
1.11	529	[3]	γε	_	_
1.11	530	[8]	τῆς	_	_
1.11	531	[1]	﻿	_	_
1.11	532	[1]	ἀλλοιωτικῆς	_	_
1.11	533	[24]	.	b	_
1.11	534	[3]	οὐ	_	_
1.11	535	[11]	γὰρ	_	_
1.11	536	[2]	ἐνδέχεται	_	_
1.11	537	[3]	τὸν	_	_
1.11	538	[1]	νοσοῦντα	_	_
1.11	539	[38]	,	b	_
1.11	540	[29]	καὶ	_	_
1.11	541	[1]	μάλιστα	_	_
1.11	542	[1]	ὀξέως	_	_
1.11	543	[39]	,	b	_
1.11	544	[1]	ῥωμαλεωτέραν	_	_
1.11	545	[1]	ἔχειν	_	_
1.11	546	[5]	τοῦ	_	_
1.11	547	[3]	κατὰ	_	_
1.11	548	[2]	φύσιν	_	_
1.11	549	[13]	τὴν	_	_
1.11	550	[3]	κοιλίαν	_	_
1.11	551	[40]	,	b	_
1.11	552	[1]	ἀλλ	_	_
1.11	553	[10]	’	b	_
1.11	554	[1]	ἀγαπητὸν	_	_
1.11	555	[41]	,	b	_
1.11	556	[7]	εἰ	_	_
1.11	557	[3]	μὴ	_	_
1.11	558	[1]	πολλῷ	_	_
1.11	559	[1]	τινι	_	_
1.11	560	[6]	τοῦ	_	_
1.11	561	[4]	κατὰ	_	_
1.11	562	[3]	φύσιν	_	_
1.11	563	[1]	ἀπολείποιτο	_	_
1.11	564	[25]	.	b	_
1.11	565	[22]	τὸ	_	_
1.11	566	[2]	μέντοι	_	_
1.11	567	[1]	σὺν	_	_
1.11	568	[1]	δήξει	_	_
1.11	569	[1]	τινὶ	_	_
1.11	570	[1]	ταχέως	_	_
1.11	571	[1]	διεξερχόμενον	_	_
1.11	572	[1]	ἐρεθισμῷ	_	_
1.11	573	[1]	δηλονότι	_	_
1.11	574	[23]	τὸ	_	_
1.11	575	[3]	τοιοῦτον	_	_
1.11	576	[1]	ἔπαθεν	_	_
1.11	577	[42]	,	b	_
1.11	578	[4]	οὔτε	_	_
1.11	579	[4]	δ	_	_
1.11	580	[11]	’	b	_
1.11	581	[1]	ἰσχὺν	_	_
1.11	582	[5]	οὔτε	_	_
1.11	583	[3]	ἀῤῥωστίαν	_	_
1.11	584	[1]	ὅλως	_	_
1.11	585	[6]	ἐνδείκνυται	_	_
1.11	586	[3]	δυνάμεως	_	_
1.11	587	[26]	.	b	_
1.11	588	[1]	ἀλλὰ	_	_
1.11	589	[1]	τό	_	_
1.11	590	[4]	γε	_	_
1.11	591	[1]	χωρὶς	_	_
1.11	592	[1]	δήξεως	_	_
1.11	593	[43]	,	b	_
1.11	594	[1]	ἤ	_	_
1.11	595	[1]	τινος	_	_
1.11	596	[1]	ἄλλου	_	_
1.11	597	[1]	συμπτώματος	_	_
1.11	598	[2]	ἐν	_	_
1.11	599	[2]	τῷ	_	_
1.11	600	[1]	προσήκοντι	_	_
1.11	601	[1]	καιρῷ	_	_
1.11	602	[1]	κενούμενον	_	_
1.11	603	[44]	,	b	_
1.11	604	[3]	ἐῤῥῶσθαι	_	_
1.11	605	[1]	τὰς	_	_
1.11	606	[1]	τρεῖς	_	_
1.11	607	[9]	τῆς	_	_
1.11	608	[2]	κοιλίας	_	_
1.11	609	[3]	ἐν	_	_
1.11	610	[1]	δείκνυται	_	_
1.11	611	[1]	δυνάμεις	_	_
1.11	612	[45]	,	b	_
1.11	613	[14]	τὴν	_	_
1.11	614	[1]	ἀλλοιωτικὴν	_	_
1.11	615	[46]	,	b	_
1.11	616	[15]	τὴν	_	_
1.11	617	[1]	καθεκτικὴν	_	_
1.11	618	[30]	καὶ	_	_
1.11	619	[16]	τὴν	_	_
1.11	620	[1]	ἀποκριτικὴν	_	_
1.11	621	[47]	,	b	_
1.11	622	[1]	ὅτι	_	_
1.11	623	[8]	δὲ	_	_
1.11	624	[1]	τέσσαρες	_	_
1.11	625	[1]	αἱ	_	_
1.11	626	[1]	πᾶσι	_	_
1.11	627	[1]	φυσικαὶ	_	_
1.11	628	[2]	δυνάμεις	_	_
1.11	629	[4]	ἐν	_	_
1.11	630	[1]	ἑκάστῳ	_	_
1.11	631	[8]	τῶν	_	_
1.11	632	[7]	τοῦ	_	_
1.11	633	[1]	σώματος	_	_
1.11	634	[1]	ἡμῶν	_	_
1.11	635	[4]	μορίων	_	_
1.11	636	[1]	εἰσὶν	_	_
1.11	637	[1]	ἑτέρωθι	_	_
1.11	638	[1]	δέδεικται	_	_
1.11	639	[27]	.	b	_
1.11	640	[31]	καὶ	_	_
1.11	641	[2]	νῦν	_	_
1.11	642	[4]	οὐ	_	_
1.11	643	[3]	χρὴ	_	_
1.11	644	[9]	τῶν	_	_
1.11	645	[2]	οὕτω	_	_
1.11	646	[4]	τι	_	_
1.11	647	[1]	παρεμπιπτόντων	_	_
1.11	648	[1]	ἀπόδειξιν	_	_
1.11	649	[1]	μαθεῖν	_	_
1.11	650	[28]	.	b	_
1.11	651	[1]	ἰδίᾳ	_	_
1.11	652	[12]	γὰρ	_	_
1.11	653	[1]	ὑπὲρ	_	_
1.11	654	[1]	ἑκάστου	_	_
1.11	655	[1]	γέγραπται	_	_
1.11	656	[29]	.	b	_
1.11	657	[1]	λοιπὸν	_	_
1.11	658	[2]	οὖν	_	_
1.11	659	[2]	ὑπὲρ	_	_
1.11	660	[8]	τοῦ	_	_
1.11	661	[1]	χρῆναι	_	_
1.11	662	[5]	πρὸς	_	_
1.11	663	[2]	λόγον	_	_
1.11	664	[10]	τῶν	_	_
1.11	665	[2]	εἰσιόντων	_	_
1.11	666	[3]	εἶναι	_	_
1.11	667	[5]	τὰ	_	_
1.11	668	[1]	κενούμενα	_	_
1.11	669	[48]	,	b	_
1.11	670	[1]	διελθεῖν	_	_
1.11	671	[1]	ἀπολείπεται	_	_
1.11	672	[30]	.	b	_
1.11	673	[24]	τὸ	_	_
1.11	674	[3]	τοίνυν	_	_
1.11	675	[5]	μαλθακόν	_	_
1.11	676	[13]	τε	_	_
1.11	677	[32]	καὶ	_	_
1.11	678	[7]	συνεστηκὸς	_	_
1.11	679	[33]	καὶ	_	_
1.11	680	[5]	κατὰ	_	_
1.11	681	[17]	τὴν	_	_
1.11	682	[11]	τῶν	_	_
1.11	683	[1]	ὑγιαινόντων	_	_
1.11	684	[1]	ὥραν	_	_
1.11	685	[1]	ἐκκρινόμενον	_	_
1.11	686	[49]	,	b	_
1.11	687	[8]	εἰ	_	_
1.11	688	[4]	μὴ	_	_
1.11	689	[1]	διασώζοι	_	_
1.11	690	[18]	τὴν	_	_
1.11	691	[12]	τῶν	_	_
1.11	692	[1]	ἐδηδεσμένων	_	_
1.11	693	[1]	ἀναλογίαν	_	_
1.11	694	[50]	,	b	_
1.11	695	[1]	ἴσχεταί	_	_
1.11	696	[1]	πού	_	_
1.11	697	[5]	τι	_	_
1.11	698	[1]	μέρος	_	_
1.11	699	[3]	αὐτοῦ	_	_
1.11	700	[6]	κατὰ	_	_
1.11	701	[25]	τὸ	_	_
1.11	702	[1]	τυφλὸν	_	_
1.11	703	[1]	ἔντερον	_	_
1.11	704	[51]	,	b	_
1.11	705	[6]	ἢ	_	_
1.11	706	[26]	τὸ	_	_
1.11	707	[1]	κῶλον	_	_
1.11	708	[52]	,	b	_
1.11	709	[7]	ἢ	_	_
1.11	710	[1]	κᾀν	_	_
1.11	711	[1]	ταῖς	_	_
1.11	712	[1]	ἄλλαις	_	_
1.11	713	[1]	ἕλιξι	_	_
1.11	714	[2]	ταῖς	_	_
1.11	715	[1]	λεπταῖς	_	_
1.11	716	[31]	.	b	_
1.11	717	[4]	οὐκ	_	_
1.11	718	[1]	ἀγαθὸν	_	_
1.11	719	[9]	δὲ	_	_
1.11	720	[3]	τοῦτο	_	_
1.11	721	[34]	καὶ	_	_
1.11	722	[6]	ὡς	_	_
1.11	723	[1]	σημεῖον	_	_
1.11	724	[35]	καὶ	_	_
1.11	725	[7]	ὡς	_	_
1.11	726	[1]	αἴτιον	_	_
1.11	727	[32]	.	b	_
1.11	728	[8]	ὡς	_	_
1.11	729	[2]	σημεῖον	_	_
1.11	730	[9]	μὲν	_	_
1.11	731	[53]	,	b	_
1.11	732	[2]	ὅτι	_	_
1.11	733	[19]	τὴν	_	_
1.11	734	[1]	ἀποκριτικήν	_	_
1.11	735	[14]	τε	_	_
1.11	736	[36]	καὶ	_	_
1.11	737	[1]	προωστικὴν	_	_
1.11	738	[1]	ὀνομαζομένην	_	_
1.11	739	[1]	δύναμιν	_	_
1.11	740	[1]	ἄῤῥωστον	_	_
1.11	741	[1]	εἶναί	_	_
1.11	742	[1]	φησιν	_	_
1.11	743	[3]	·	b	_
1.11	744	[9]	ὡς	_	_
1.11	745	[2]	αἴτιον	_	_
1.11	746	[10]	δὲ	_	_
1.11	747	[54]	,	b	_
1.11	748	[3]	ὅτι	_	_
1.11	749	[1]	μένει	_	_
1.11	750	[2]	τινὰ	_	_
1.11	751	[13]	τῶν	_	_
1.11	752	[1]	περιττωμάτων	_	_
1.11	753	[1]	ἔνδον	_	_
1.11	754	[1]	ἃ	_	_
1.11	755	[1]	ἐχρῆν	_	_
1.11	756	[1]	ἐκκρίνεσθαι	_	_
1.11	757	[1]	μᾶλλον	_	_
1.11	758	[33]	.	b	_
1.11	759	[1]	ὥστε	_	_
1.11	760	[27]	τὸ	_	_
1.11	761	[10]	μὲν	_	_
1.11	762	[2]	ἅμα	_	_
1.11	763	[1]	ταῦτ	_	_
1.11	764	[12]	’	b	_
1.11	765	[1]	ἔχον	_	_
1.11	766	[1]	ἅπαντα	_	_
1.11	767	[6]	τὰ	_	_
1.11	768	[2]	προειρημένα	_	_
1.11	769	[2]	γνωρίσματα	_	_
1.11	770	[5]	διαχώρημα	_	_
1.11	771	[1]	βεβαίως	_	_
1.11	772	[7]	ἐνδείκνυται	_	_
1.11	773	[20]	τὴν	_	_
1.11	774	[4]	κάτω	_	_
1.11	775	[4]	κοιλίαν	_	_
1.11	776	[2]	ὑγιαίνειν	_	_
1.11	777	[4]	·	b	_
1.11	778	[9]	εἰ	_	_
1.11	779	[2]	δέ	_	_
1.11	780	[1]	πῃ	_	_
1.11	781	[2]	τινος	_	_
1.11	782	[1]	αὐτῶν	_	_
1.11	783	[2]	ἀπολείποιτο	_	_
1.11	784	[55]	,	b	_
1.11	785	[1]	ποτὲ	_	_
1.11	786	[11]	μὲν	_	_
1.11	787	[3]	αὐτῆς	_	_
1.11	788	[10]	τῆς	_	_
1.11	789	[1]	γαστρὸς	_	_
1.11	790	[1]	ἐνδείξεταί	_	_
1.11	791	[2]	τινα	_	_
1.11	792	[1]	διάθεσιν	_	_
1.11	793	[56]	,	b	_
1.11	794	[1]	ἐνίοτε	_	_
1.11	795	[11]	δὲ	_	_
1.11	796	[1]	βεβλάφθαι	_	_
1.11	797	[21]	τὴν	_	_
1.11	798	[3]	ἀνάδοσιν	_	_
1.11	799	[57]	,	b	_
1.11	800	[8]	ἢ	_	_
1.11	801	[1]	καί	_	_
1.11	802	[6]	τι	_	_
1.11	803	[14]	τῶν	_	_
1.11	804	[2]	πέριξ	_	_
1.11	805	[1]	ὀργάνων	_	_
1.11	806	[1]	οὐχ	_	_
1.11	807	[3]	ὑγιαίνειν	_	_
1.11	808	[58]	,	b	_
1.11	809	[9]	ἢ	_	_
1.11	810	[2]	καί	_	_
1.11	811	[7]	τι	_	_
1.11	812	[1]	σύμπτωμα	_	_
1.11	813	[1]	κρατεῖν	_	_
1.11	814	[59]	,	b	_
1.11	815	[10]	ὡς	_	_
1.11	816	[1]	ἐπὶ	_	_
1.11	817	[11]	τῆς	_	_
1.11	818	[2]	δήξεως	_	_
1.11	819	[1]	ἐλέγετο	_	_
1.11	820	[34]	.	b	_
1.11	821	[1]	ποῖον	_	_
1.11	822	[3]	οὖν	_	_
1.11	823	[8]	τι	_	_
1.11	824	[28]	τὸ	_	_
1.11	825	[7]	κατὰ	_	_
1.11	826	[4]	φύσιν	_	_
1.11	827	[2]	ἔχον	_	_
1.11	828	[2]	ἀκριβῶς	_	_
1.11	829	[2]	ἐστι	_	_
1.11	830	[6]	διαχώρημα	_	_
1.11	831	[60]	,	b	_
1.11	832	[29]	τὸ	_	_
1.11	833	[3]	μηδὲν	_	_
1.11	834	[1]	μήτ	_	_
1.11	835	[13]	’	b	_
1.11	836	[5]	ἐν	_	_
1.11	837	[1]	τῇ	_	_
1.11	838	[1]	γαστρὶ	_	_
1.11	839	[2]	μήτ	_	_
1.11	840	[14]	’	b	_
1.11	841	[6]	ἐν	_	_
1.11	842	[5]	τοῖς	_	_
1.11	843	[3]	πέριξ	_	_
1.11	844	[1]	ὀργάνοις	_	_
1.11	845	[1]	ἐνδεικνύμενον	_	_
1.11	846	[2]	σφάλμα	_	_
1.11	847	[5]	·	b	_
1.11	848	[4]	τοιοῦτον	_	_
1.11	849	[5]	δ	_	_
1.11	850	[15]	’	b	_
1.11	851	[4]	ἂν	_	_
1.11	852	[3]	εἴη	_	_
1.11	853	[30]	τὸ	_	_
1.11	854	[6]	πρὸς	_	_
1.11	855	[31]	τὸ	_	_
1.11	856	[7]	τὰ	_	_
1.11	857	[3]	προειρημένα	_	_
1.11	858	[1]	διαφυλάττειν	_	_
1.11	859	[2]	ἅπαντα	_	_
1.11	860	[61]	,	b	_
1.11	861	[1]	δύο	_	_
1.11	862	[2]	ταῦτ	_	_
1.11	863	[16]	’	b	_
1.11	864	[4]	ἔτι	_	_
1.11	865	[1]	προσειληφὸς	_	_
1.11	866	[62]	,	b	_
1.11	867	[1]	ἅπερ	_	_
1.11	868	[1]	αὐτὸς	_	_
1.11	869	[1]	Ἱπποκράτης	_	_
1.11	870	[1]	ἐφεξῆς	_	_
1.11	871	[1]	ἐδίδαξε	_	_
1.11	872	[1]	γράφων	_	_
1.11	873	[1]	ὡδί	_	_
1.11	874	[6]	·	b	_
1.11	875	[1]	ὑπόπυῤῥον	_	_
1.11	876	[6]	δ	_	_
1.11	877	[17]	’	b	_
1.11	878	[1]	ἔστω	_	_
1.11	879	[37]	καὶ	_	_
1.11	880	[5]	μὴ	_	_
1.11	881	[1]	λίην	_	_
1.11	882	[1]	δυσῶδες	_	_
1.11	883	[35]	.	b	_
1.11	884	[10]	εἰ	_	_
1.11	885	[13]	γὰρ	_	_
1.11	886	[2]	ἤτοι	_	_
1.11	887	[1]	πυῤῥὸν	_	_
1.11	888	[1]	ἀκράτως	_	_
1.11	889	[63]	,	b	_
1.11	890	[10]	ἢ	_	_
1.11	891	[1]	μηδόλως	_	_
1.11	892	[2]	ὑπόπυῤῥον	_	_
1.11	893	[64]	,	b	_
1.11	894	[2]	ἀλλὰ	_	_
1.11	895	[38]	καὶ	_	_
1.11	896	[8]	κατὰ	_	_
1.11	897	[22]	τὴν	_	_
1.11	898	[15]	τῶν	_	_
1.11	899	[2]	ἐδηδεσμένων	_	_
1.11	900	[4]	εἴη	_	_
1.11	901	[1]	χροιὰν	_	_
1.11	902	[65]	,	b	_
1.11	903	[3]	ἤτοι	_	_
1.11	904	[1]	πλέον	_	_
1.11	905	[1]	εἰς	_	_
1.11	906	[23]	τὴν	_	_
1.11	907	[3]	γαστέρα	_	_
1.11	908	[1]	συῤῥεῖν	_	_
1.11	909	[1]	ὠχρᾶς	_	_
1.11	910	[1]	χολῆς	_	_
1.11	911	[66]	,	b	_
1.11	912	[11]	ἢ	_	_
1.11	913	[2]	μηδόλως	_	_
1.11	914	[2]	ὑπιέναι	_	_
1.11	915	[1]	δηλώσει	_	_
1.11	916	[36]	.	b	_
1.11	917	[2]	τούτων	_	_
1.11	918	[12]	δὲ	_	_
1.11	919	[32]	τὸ	_	_
1.11	920	[12]	μὲν	_	_
1.11	921	[3]	πρότερον	_	_
1.11	922	[67]	,	b	_
1.11	923	[11]	εἰ	_	_
1.11	924	[13]	μὲν	_	_
1.11	925	[1]	κατ	_	_
1.11	926	[18]	’	b	_
1.11	927	[1]	ἀρχὰς	_	_
1.11	928	[1]	γίγνοιτο	_	_
1.11	929	[68]	,	b	_
1.11	930	[1]	χολωδεστέραν	_	_
1.11	931	[8]	ἐνδείκνυται	_	_
1.11	932	[24]	τὴν	_	_
1.11	933	[1]	νόσον	_	_
1.11	934	[7]	·	b	_
1.11	935	[12]	εἰ	_	_
1.11	936	[7]	δ	_	_
1.11	937	[19]	’	b	_
1.11	938	[7]	ἐν	_	_
1.11	939	[6]	τοῖς	_	_
1.11	940	[12]	τῆς	_	_
1.11	941	[1]	παρακμῆς	_	_
1.11	942	[1]	χρόνοις	_	_
1.11	943	[69]	,	b	_
1.11	944	[1]	ἐκκαθαίρεσθαι	_	_
1.11	945	[1]	χρηστῶς	_	_
1.11	946	[33]	τὸ	_	_
1.11	947	[1]	σῶμα	_	_
1.11	948	[37]	.	b	_
1.11	949	[3]	περὶ	_	_
1.11	950	[14]	μὲν	_	_
1.11	951	[5]	δὴ	_	_
1.11	952	[3]	τούτων	_	_
1.11	953	[8]	ἐν	_	_
1.11	954	[7]	τοῖς	_	_
1.11	955	[2]	ἐφεξῆς	_	_
1.11	956	[1]	ἀκριβέστερον	_	_
1.11	957	[1]	διορισθήσεται	_	_
1.11	958	[8]	·	b	_
1.11	959	[34]	τὸ	_	_
1.11	960	[13]	δὲ	_	_
1.11	961	[1]	ἄπεπτον	_	_
1.11	962	[7]	διαχώρημα	_	_
1.11	963	[35]	τὸ	_	_
1.11	964	[2]	λεπτὸν	_	_
1.11	965	[39]	καὶ	_	_
1.11	966	[1]	τραχὺ	_	_
1.11	967	[40]	καὶ	_	_
1.11	968	[1]	ἀχύμωτόν	_	_
1.11	969	[3]	ἐστι	_	_
1.11	970	[70]	,	b	_
1.11	971	[41]	καὶ	_	_
1.11	972	[25]	τὴν	_	_
1.11	973	[16]	τῶν	_	_
1.11	974	[3]	ἐδηδεσμένων	_	_
1.11	975	[1]	διαφυλάττον	_	_
1.11	976	[1]	ποιότητα	_	_
1.11	977	[38]	.	b	_
1.11	978	[1]	τρίτον	_	_
1.11	979	[8]	δ	_	_
1.11	980	[20]	’	b	_
1.11	981	[2]	ἐπὶ	_	_
1.11	982	[2]	τούτοις	_	_
1.11	983	[1]	ἐστὶ	_	_
1.11	984	[1]	γένος	_	_
1.11	985	[3]	διαχωρημάτων	_	_
1.11	986	[36]	τὸ	_	_
1.11	987	[1]	μηκέτι	_	_
1.11	988	[1]	ἐκ	_	_
1.11	989	[13]	τῆς	_	_
1.11	990	[17]	τῶν	_	_
1.11	991	[1]	σιτίων	_	_
1.11	992	[2]	διαθέσεως	_	_
1.11	993	[71]	,	b	_
1.11	994	[2]	ἀλλ	_	_
1.11	995	[21]	’	b	_
1.11	996	[2]	ἐκ	_	_
1.11	997	[18]	τῶν	_	_
1.11	998	[1]	συῤῥεόντων	_	_
1.11	999	[2]	εἰς	_	_
1.11	1000	[26]	τὴν	_	_
1.11	1001	[4]	γαστέρα	_	_
1.11	1002	[2]	περιττωμάτων	_	_
1.11	1003	[3]	ἐκ	_	_
1.11	1004	[1]	παντὸς	_	_
1.11	1005	[9]	τοῦ	_	_
1.11	1006	[2]	σώματος	_	_
1.11	1007	[1]	ἐνδείκνυσθαί	_	_
1.11	1008	[9]	τι	_	_
1.11	1009	[1]	δυνάμενον	_	_
1.11	1010	[72]	,	b	_
1.11	1011	[1]	οἷόν	_	_
1.11	1012	[2]	περ	_	_
1.11	1013	[42]	καὶ	_	_
1.11	1014	[37]	τὸ	_	_
1.11	1015	[2]	πυῤῥὸν	_	_
1.11	1016	[2]	ἀκράτως	_	_
1.11	1017	[73]	,	b	_
1.11	1018	[11]	ὡς	_	_
1.11	1019	[1]	ὀλίγον	_	_
1.11	1020	[1]	ἔμπροσθεν	_	_
1.11	1021	[1]	ἐλέγομεν	_	_
1.11	1022	[39]	.	b	_
1.11	1023	[3]	ἀλλὰ	_	_
1.11	1024	[4]	τοῦτο	_	_
1.11	1025	[15]	μὲν	_	_
1.11	1026	[1]	ὅταν	_	_
1.11	1027	[1]	ὁ	_	_
1.11	1028	[14]	τῆς	_	_
1.11	1029	[1]	πικρᾶς	_	_
1.11	1030	[2]	χολῆς	_	_
1.11	1031	[1]	χυμὸς	_	_
1.11	1032	[1]	ἄκρατός	_	_
1.11	1033	[15]	τε	_	_
1.11	1034	[43]	καὶ	_	_
1.11	1035	[1]	πολὺς	_	_
1.11	1036	[3]	εἰς	_	_
1.11	1037	[27]	τὴν	_	_
1.11	1038	[5]	γαστέρα	_	_
1.11	1039	[1]	συῤῥέῃ	_	_
1.11	1040	[74]	,	b	_
1.11	1041	[1]	γίγνεται	_	_
1.11	1042	[9]	·	b	_
1.11	1043	[38]	τὸ	_	_
1.11	1044	[1]	χλωρὸν	_	_
1.11	1045	[14]	δὲ	_	_
1.11	1046	[15]	τῆς	_	_
1.11	1047	[1]	ἰώδους	_	_
1.11	1048	[3]	χολῆς	_	_
1.11	1049	[4]	ἐστι	_	_
1.11	1050	[1]	γνώρισμα	_	_
1.11	1051	[75]	,	b	_
1.11	1052	[1]	καθάπερ	_	_
1.11	1053	[5]	γε	_	_
1.11	1054	[39]	τὸ	_	_
1.11	1055	[1]	μέλαν	_	_
1.11	1056	[4]	ἤτοι	_	_
1.11	1057	[16]	τῆς	_	_
1.11	1058	[1]	μελαίνης	_	_
1.11	1059	[76]	,	b	_
1.11	1060	[2]	ἤ	_	_
1.11	1061	[3]	τινος	_	_
1.11	1062	[1]	αἵματος	_	_
1.11	1063	[1]	αὐτόθι	_	_
1.11	1064	[1]	κατοπτηθέντος	_	_
1.11	1065	[40]	.	b	_
1.11	1066	[13]	εἰ	_	_
1.11	1067	[9]	δ	_	_
1.11	1068	[22]	’	b	_
1.11	1069	[2]	οἷον	_	_
1.11	1070	[1]	πελιδνόν	_	_
1.11	1071	[16]	τε	_	_
1.11	1072	[2]	φαίνοιτο	_	_
1.11	1073	[9]	κατὰ	_	_
1.11	1074	[28]	τὴν	_	_
1.11	1075	[1]	διαχώρησιν	_	_
1.11	1076	[77]	,	b	_
1.11	1077	[1]	οὐδενὸς	_	_
1.11	1078	[1]	ἐδηδεσμένου	_	_
1.11	1079	[1]	τοιούτου	_	_
1.11	1080	[78]	,	b	_
1.11	1081	[1]	ψύξιν	_	_
1.11	1082	[3]	τινὰ	_	_
1.11	1083	[44]	καὶ	_	_
1.11	1084	[1]	νέκρωσιν	_	_
1.11	1085	[5]	οὐκ	_	_
1.11	1086	[1]	ἀγεννῆ	_	_
1.11	1087	[19]	τῶν	_	_
1.11	1088	[1]	ἐντὸς	_	_
1.11	1089	[1]	ὑποδείκνυσιν	_	_
1.11	1090	[79]	,	b	_
1.11	1091	[2]	ὥσπερ	_	_
1.11	1092	[14]	εἰ	_	_
1.11	1093	[45]	καὶ	_	_
1.11	1094	[1]	λιπαρὸν	_	_
1.11	1095	[80]	,	b	_
1.11	1096	[2]	οὐδενὸς	_	_
1.11	1097	[2]	ἐδηδεσμένου	_	_
1.11	1098	[1]	λιπαροῦ	_	_
1.11	1099	[81]	,	b	_
1.11	1100	[1]	συντήξεώς	_	_
1.11	1101	[5]	ἐστι	_	_
1.11	1102	[2]	γνώρισμα	_	_
1.11	1103	[41]	.	b	_
1.11	1104	[46]	καὶ	_	_
1.11	1105	[16]	μὲν	_	_
1.11	1106	[6]	δὴ	_	_
1.11	1107	[47]	καὶ	_	_
1.11	1108	[40]	τὸ	_	_
1.11	1109	[1]	γλίσχρον	_	_
1.11	1110	[82]	,	b	_
1.11	1111	[15]	εἰ	_	_
1.11	1112	[6]	μὴ	_	_
1.11	1113	[48]	καὶ	_	_
1.11	1114	[5]	τοῦτο	_	_
1.11	1115	[10]	κατὰ	_	_
1.11	1116	[29]	τὴν	_	_
1.11	1117	[10]	τοῦ	_	_
1.11	1118	[1]	σιτίου	_	_
1.11	1119	[5]	φύσιν	_	_
1.11	1120	[5]	εἴη	_	_
1.11	1121	[5]	τοιοῦτον	_	_
1.11	1122	[83]	,	b	_
1.11	1123	[2]	συντήξεώς	_	_
1.11	1124	[6]	ἐστι	_	_
1.11	1125	[3]	σημεῖον	_	_
1.11	1126	[42]	.	b	_
1.11	1127	[4]	ἀλλὰ	_	_
1.11	1128	[41]	τὸ	_	_
1.11	1129	[17]	μὲν	_	_
1.11	1130	[2]	λιπαρὸν	_	_
1.11	1131	[1]	πιμελῆς	_	_
1.11	1132	[1]	τηκομένης	_	_
1.11	1133	[1]	γίνεται	_	_
1.11	1134	[84]	,	b	_
1.11	1135	[42]	τὸ	_	_
1.11	1136	[10]	δ	_	_
1.11	1137	[23]	’	b	_
1.11	1138	[1]	αὖ	_	_
1.11	1139	[2]	γλίσχρον	_	_
1.11	1140	[2]	αὐτῶν	_	_
1.11	1141	[20]	τῶν	_	_
1.11	1142	[1]	στερεῶν	_	_
1.11	1143	[11]	τοῦ	_	_
1.11	1144	[1]	ζώου	_	_
1.11	1145	[5]	μορίων	_	_
1.11	1146	[85]	,	b	_
1.11	1147	[2]	ὥστε	_	_
1.11	1148	[1]	χεῖρον	_	_
1.11	1149	[1]	μακρῷ	_	_
1.11	1150	[43]	.	b	_
1.11	1151	[49]	καὶ	_	_
1.11	1152	[18]	μὲν	_	_
1.11	1153	[7]	δὴ	_	_
1.11	1154	[50]	καὶ	_	_
1.11	1155	[43]	τὸ	_	_
1.11	1156	[1]	λίαν	_	_
1.11	1157	[2]	δυσῶδες	_	_
1.11	1158	[16]	εἰ	_	_
1.11	1159	[7]	μὴ	_	_
1.11	1160	[51]	καὶ	_	_
1.11	1161	[1]	τοῦτ	_	_
1.11	1162	[24]	’	b	_
1.11	1163	[6]	εἴη	_	_
1.11	1164	[11]	κατὰ	_	_
1.11	1165	[44]	τὸ	_	_
1.11	1166	[1]	σιτίον	_	_
1.11	1167	[86]	,	b	_
1.11	1168	[5]	οὐ	_	_
1.11	1169	[1]	μικρὰν	_	_
1.11	1170	[9]	ἐνδείκνυται	_	_
1.11	1171	[1]	σῆψιν	_	_
1.11	1172	[44]	.	b	_
1.11	1173	[1]	ἁπλῶς	_	_
1.11	1174	[11]	δ	_	_
1.11	1175	[25]	’	b	_
1.11	1176	[2]	εἰπεῖν	_	_
1.11	1177	[3]	ἐπὶ	_	_
1.11	1178	[1]	πάντων	_	_
1.11	1179	[17]	εἰ	_	_
1.11	1180	[8]	μὴ	_	_
1.11	1181	[12]	κατὰ	_	_
1.11	1182	[45]	τὸ	_	_
1.11	1183	[2]	σιτίον	_	_
1.11	1184	[4]	ἡ	_	_
1.11	1185	[1]	ποιότης	_	_
1.11	1186	[7]	εἴη	_	_
1.11	1187	[21]	τῶν	_	_
1.11	1188	[4]	διαχωρημάτων	_	_
1.11	1189	[87]	,	b	_
1.11	1190	[2]	οὕτως	_	_
1.11	1191	[1]	ἤδη	_	_
1.11	1192	[1]	σκοπεῖσθαι	_	_
1.11	1193	[30]	τὴν	_	_
1.11	1194	[2]	διάθεσιν	_	_
1.11	1195	[88]	,	b	_
1.11	1196	[3]	ὥστε	_	_
1.11	1197	[1]	κᾂν	_	_
1.11	1198	[9]	μὴ	_	_
1.11	1199	[1]	λέγηταί	_	_
1.11	1200	[1]	που	_	_
1.11	1201	[6]	τοῦτο	_	_
1.11	1202	[89]	,	b	_
1.11	1203	[1]	προσυπακούειν	_	_
1.11	1204	[2]	αὐτὸ	_	_
1.11	1205	[1]	χρή	_	_
1.11	1206	[45]	.	b	_
1.11	1207	[52]	καὶ	_	_
1.11	1208	[1]	πάντα	_	_
1.11	1209	[6]	γε	_	_
1.11	1210	[8]	τὰ	_	_
1.11	1211	[1]	ὑφ	_	_
1.11	1212	[26]	’	b	_
1.11	1213	[1]	Ἱπποκράτους	_	_
1.11	1214	[1]	εἰρημένα	_	_
1.11	1215	[4]	διὰ	_	_
1.11	1216	[12]	τοῦ	_	_
1.11	1217	[1]	προγνωστικοῦ	_	_
1.11	1218	[90]	,	b	_
1.11	1219	[12]	ὡς	_	_
1.11	1220	[1]	εἴρηται	_	_
1.11	1221	[91]	,	b	_
1.11	1222	[2]	δῆλον	_	_
1.11	1223	[92]	,	b	_
1.11	1224	[1]	διοριζομένων	_	_
1.11	1225	[2]	ἡμῶν	_	_
1.11	1226	[1]	ἀεὶ	_	_
1.11	1227	[46]	τὸ	_	_
1.11	1228	[3]	δι	_	_
1.11	1229	[27]	’	b	_
1.11	1230	[1]	ἄλλο	_	_
1.11	1231	[10]	τι	_	_
1.11	1232	[53]	καὶ	_	_
1.11	1233	[6]	οὐ	_	_
1.11	1234	[5]	διὰ	_	_
1.11	1235	[47]	τὸ	_	_
1.11	1236	[1]	νόσημα	_	_
1.11	1237	[1]	γεγονός	_	_
1.11	1238	[46]	.	b	_
1.11	1239	[2]	λοιπὸν	_	_
1.11	1240	[12]	δ	_	_
1.11	1241	[28]	’	b	_
1.11	1242	[5]	ἂν	_	_
1.11	1243	[8]	εἴη	_	_
1.11	1244	[2]	περί	_	_
1.11	1245	[17]	τε	_	_
1.11	1246	[13]	τοῦ	_	_
1.11	1247	[1]	τρύζοντος	_	_
1.11	1248	[3]	εἰπεῖν	_	_
1.11	1249	[54]	καὶ	_	_
1.11	1250	[1]	ἀφρώδους	_	_
1.11	1251	[55]	καὶ	_	_
1.11	1252	[1]	ποικίλου	_	_
1.11	1253	[47]	.	b	_
1.11	1254	[48]	τὸ	_	_
1.11	1255	[19]	μὲν	_	_
1.11	1256	[8]	δὴ	_	_
1.11	1257	[1]	τρύζον	_	_
1.11	1258	[1]	ὠνόμασται	_	_
1.11	1259	[20]	μὲν	_	_
1.11	1260	[1]	ἀπὸ	_	_
1.11	1261	[14]	τοῦ	_	_
1.11	1262	[1]	γιγνομένου	_	_
1.11	1263	[1]	ψόφου	_	_
1.11	1264	[13]	κατὰ	_	_
1.11	1265	[31]	τὴν	_	_
1.11	1266	[2]	διαχώρησιν	_	_
1.11	1267	[93]	,	b	_
1.11	1268	[10]	ἐνδείκνυται	_	_
1.11	1269	[15]	δὲ	_	_
1.11	1270	[49]	τὸ	_	_
1.11	1271	[21]	μὲν	_	_
1.11	1272	[2]	ἐκκρινόμενον	_	_
1.11	1273	[3]	αὐτὸ	_	_
1.11	1274	[2]	σὺν	_	_
1.11	1275	[1]	ὑγρότητι	_	_
1.11	1276	[1]	λεπτῇ	_	_
1.11	1277	[1]	φυσῶδες	_	_
1.11	1278	[4]	εἶναι	_	_
1.11	1279	[94]	,	b	_
1.11	1280	[9]	τὰ	_	_
1.11	1281	[13]	δ	_	_
1.11	1282	[29]	’	b	_
1.11	1283	[1]	ὄργανα	_	_
1.11	1284	[1]	συνῆχθαί	_	_
1.11	1285	[18]	τε	_	_
1.11	1286	[56]	καὶ	_	_
1.11	1287	[3]	οἷον	_	_
1.11	1288	[1]	ἐσφίχθαι	_	_
1.11	1289	[57]	καὶ	_	_
1.11	1290	[1]	στενοχωρεῖσθαι	_	_
1.11	1291	[10]	·	b	_
1.11	1292	[50]	τὸ	_	_
1.11	1293	[14]	δ	_	_
1.11	1294	[30]	’	b	_
1.11	1295	[1]	ἀφρῶδες	_	_
1.11	1296	[95]	,	b	_
1.11	1297	[3]	ὥσπερ	_	_
1.11	1298	[4]	οὖν	_	_
1.11	1299	[1]	κᾀπὶ	_	_
1.11	1300	[22]	τῶν	_	_
1.11	1301	[1]	ἐκτὸς	_	_
1.11	1302	[96]	,	b	_
1.11	1303	[5]	ἤτοι	_	_
1.11	1304	[1]	ζέοντός	_	_
1.11	1305	[4]	τινος	_	_
1.11	1306	[97]	,	b	_
1.11	1307	[12]	ἢ	_	_
1.11	1308	[1]	φυσώδους	_	_
1.11	1309	[1]	πνεύματος	_	_
1.11	1310	[1]	ὑγρῷ	_	_
1.11	1311	[1]	μαχομένου	_	_
1.11	1312	[2]	γίγνεται	_	_
1.11	1313	[48]	.	b	_
1.11	1314	[51]	τὸ	_	_
1.11	1315	[22]	μὲν	_	_
1.11	1316	[9]	δὴ	_	_
1.11	1317	[4]	πρότερον	_	_
1.11	1318	[1]	ἀμέτρου	_	_
1.11	1319	[1]	θερμασίας	_	_
1.11	1320	[1]	συντηκούσης	_	_
1.11	1321	[52]	τὸ	_	_
1.11	1322	[2]	σῶμα	_	_
1.11	1323	[98]	,	b	_
1.11	1324	[53]	τὸ	_	_
1.11	1325	[16]	δὲ	_	_
1.11	1326	[1]	δεύτερον	_	_
1.11	1327	[1]	ἀνωμάλου	_	_
1.11	1328	[1]	ταραχῆς	_	_
1.11	1329	[1]	ἐστιν	_	_
1.11	1330	[1]	ἔκγονον	_	_
1.11	1331	[49]	.	b	_
1.11	1332	[10]	τὰ	_	_
1.11	1333	[17]	δὲ	_	_
1.11	1334	[1]	ποικίλα	_	_
1.11	1335	[1]	ποικίλαις	_	_
1.11	1336	[1]	ἔχεσθαι	_	_
1.11	1337	[54]	τὸ	_	_
1.11	1338	[3]	σῶμα	_	_
1.11	1339	[1]	διαθέσεσιν	_	_
1.11	1340	[11]	ἐνδείκνυται	_	_
1.11	1341	[50]	.	b	_
1.11	1342	[6]	διὰ	_	_
1.11	1343	[7]	τοῦτο	_	_
1.11	1344	[5]	οὖν	_	_
1.11	1345	[58]	καὶ	_	_
1.11	1346	[1]	χρόνια	_	_
1.11	1347	[59]	καὶ	_	_
1.11	1348	[1]	κακοήθη	_	_
1.11	1349	[51]	.	b	_
1.11	1350	[2]	αἱ	_	_
1.11	1351	[1]	πολλαὶ	_	_
1.11	1352	[14]	γὰρ	_	_
1.11	1353	[1]	διαθέσεις	_	_
1.11	1354	[60]	καὶ	_	_
1.11	1355	[1]	χρόνου	_	_
1.11	1356	[1]	πλείονος	_	_
1.11	1357	[4]	εἰς	_	_
1.11	1358	[2]	πέψιν	_	_
1.11	1359	[1]	δέονται	_	_
1.11	1360	[61]	καὶ	_	_
1.11	1361	[4]	τὸν	_	_
1.11	1362	[1]	κίνδυνον	_	_
1.11	1363	[1]	ἐπιφέρουσιν	_	_
1.11	1364	[1]	ὁμότιμον	_	_
1.11	1365	[3]	τῷ	_	_
1.11	1366	[1]	πλήθει	_	_
1.11	1367	[52]	.	b	_
1.11	1368	[62]	καὶ	_	_
1.11	1369	[15]	γὰρ	_	_
1.11	1370	[1]	πέττεται	_	_
1.11	1371	[1]	ῥᾷον	_	_
1.11	1372	[1]	ἁπλῆ	_	_
1.11	1373	[1]	διάθεσις	_	_
1.11	1374	[63]	καὶ	_	_
1.11	1375	[1]	ἧττον	_	_
1.11	1376	[1]	κινδυνώδης	_	_
1.11	1377	[2]	ἐστὶ	_	_
1.11	1378	[17]	τῆς	_	_
1.11	1379	[1]	πολυειδοῦς	_	_
1.11	1380	[53]	.	b	_
1.11	1381	[3]	οὕτω	_	_
1.11	1382	[23]	μὲν	_	_
1.11	1383	[10]	δὴ	_	_
1.11	1384	[64]	καὶ	_	_
1.11	1385	[4]	περὶ	_	_
1.11	1386	[23]	τῶν	_	_
1.11	1387	[5]	διαχωρημάτων	_	_
1.11	1388	[2]	δεῖ	_	_
1.11	1389	[1]	γινώσκειν	_	_
1.11	1390	[54]	.	b	_
1.12	1	[1]	Ἐφεξῆς	_	_
1.12	2	[1]	δὲ	_	_
1.12	3	[1]	περὶ	_	_
1.12	4	[1]	τῶν	_	_
1.12	5	[1]	οὔρων	_	_
1.12	6	[1]	εἴπωμεν	_	_
1.12	7	[1]	.	b	_
1.12	8	[1]	ἄριστον	_	_
1.12	9	[1]	μὲν	_	_
1.12	10	[1]	οὖν	_	_
1.12	11	[1]	κᾀνταῦθα	_	_
1.12	12	[1]	τὸ	_	_
1.12	13	[1]	τοῖς	_	_
1.12	14	[2]	τῶν	_	_
1.12	15	[1]	ὑγιαινόντων	_	_
1.12	16	[1]	ὁμοιότατον	_	_
1.12	17	[2]	.	b	_
1.12	18	[1]	ὅσον	_	_
1.12	19	[2]	δὲ	_	_
1.12	20	[1]	οὐ	_	_
1.12	21	[1]	τοιοῦτον	_	_
1.12	22	[1]	,	b	_
1.12	23	[1]	ἢ	_	_
1.12	24	[1]	ἁπλῶς	_	_
1.12	25	[1]	ἄπεπτόν	_	_
1.12	26	[1]	ἐστιν	_	_
1.12	27	[2]	,	b	_
1.12	28	[2]	ἢ	_	_
1.12	29	[1]	πρὸς	_	_
1.12	30	[1]	τούτῳ	_	_
1.12	31	[1]	καὶ	_	_
1.12	32	[1]	ὀλέθριον	_	_
1.12	33	[3]	.	b	_
1.12	34	[1]	ἄπεπτον	_	_
1.12	35	[3]	δὲ	_	_
1.12	36	[2]	καὶ	_	_
1.12	37	[1]	πεπεμμένον	_	_
1.12	38	[1]	ὀνόματι	_	_
1.12	39	[2]	μὲν	_	_
1.12	40	[1]	ἓν	_	_
1.12	41	[3]	,	b	_
1.12	42	[1]	ὥσπερ	_	_
1.12	43	[2]	οὖν	_	_
1.12	44	[3]	καὶ	_	_
1.12	45	[1]	τῷ	_	_
1.12	46	[1]	γένει	_	_
1.12	47	[1]	·	b	_
1.12	48	[1]	πάμπολυ	_	_
1.12	49	[4]	δὲ	_	_
1.12	50	[1]	ἐν	_	_
1.12	51	[2]	τῷ	_	_
1.12	52	[1]	μᾶλλόν	_	_
1.12	53	[1]	﻿	_	_
1.12	54	[1]	τε	_	_
1.12	55	[4]	καὶ	_	_
1.12	56	[1]	ἧττον	_	_
1.12	57	[1]	ἀλλήλων	_	_
1.12	58	[1]	διαφέρουσιν	_	_
1.12	59	[4]	.	b	_
1.12	60	[1]	ὅρους	_	_
1.12	61	[3]	οὖν	_	_
1.12	62	[2]	κᾀνταῦθα	_	_
1.12	63	[1]	πειραθῶμεν	_	_
1.12	64	[1]	ἐπιθεῖναι	_	_
1.12	65	[1]	σαφεῖς	_	_
1.12	66	[4]	,	b	_
1.12	67	[1]	οἷς	_	_
1.12	68	[1]	ἅπαν	_	_
1.12	69	[1]	τοὐν	_	_
1.12	70	[1]	μέσῳ	_	_
1.12	71	[1]	διακριθήσεται	_	_
1.12	72	[5]	.	b	_
1.12	73	[2]	τὸ	_	_
1.12	74	[3]	μὲν	_	_
1.12	75	[1]	δὴ	_	_
1.12	76	[1]	κάλλιστα	_	_
1.12	77	[2]	πεπεμμένον	_	_
1.12	78	[2]	ἐν	_	_
1.12	79	[2]	τοῖς	_	_
1.12	80	[1]	ἀκριβῶς	_	_
1.12	81	[1]	ὑγιαίνουσι	_	_
1.12	82	[1]	σκοπεῖσθαι	_	_
1.12	83	[1]	προσήκει	_	_
1.12	84	[6]	.	b	_
1.12	85	[2]	τοιοῦτον	_	_
1.12	86	[1]	δ	_	_
1.12	87	[1]	’	b	_
1.12	88	[1]	ἐστὶν	_	_
1.12	89	[1]	ὑπόπυῤῥόν	_	_
1.12	90	[2]	τε	_	_
1.12	91	[1]	ἅμα	_	_
1.12	92	[5]	καὶ	_	_
1.12	93	[1]	ὑπόξανθον	_	_
1.12	94	[6]	καὶ	_	_
1.12	95	[1]	πλέον	_	_
1.12	96	[1]	γε	_	_
1.12	97	[1]	ὑπόπυῤῥον	_	_
1.12	98	[3]	ἢ	_	_
1.12	99	[2]	ὑπόξανθον	_	_
1.12	100	[7]	.	b	_
1.12	101	[1]	εὐθὺς	_	_
1.12	102	[5]	δὲ	_	_
1.12	103	[1]	τοῦτο	_	_
1.12	104	[7]	καὶ	_	_
1.12	105	[1]	τάχους	_	_
1.12	106	[1]	ἔχει	_	_
1.12	107	[1]	συμμέτρως	_	_
1.12	108	[8]	.	b	_
1.12	109	[3]	τὸ	_	_
1.12	110	[1]	δή	_	_
1.12	111	[1]	τοι	_	_
1.12	112	[1]	λεπτότερον	_	_
1.12	113	[4]	ἢ	_	_
1.12	114	[1]	παχύτερον	_	_
1.12	115	[1]	αὐτοῦ	_	_
1.12	116	[1]	πέψιν	_	_
1.12	117	[1]	ἐνδεῆ	_	_
1.12	118	[1]	σημαίνει	_	_
1.12	119	[9]	.	b	_
1.12	120	[4]	τὸ	_	_
1.12	121	[4]	μὲν	_	_
1.12	122	[1]	γὰρ	_	_
1.12	123	[1]	οὔπω	_	_
1.12	124	[1]	κεχύμωται	_	_
1.12	125	[5]	,	b	_
1.12	126	[5]	τὸ	_	_
1.12	127	[2]	δ	_	_
1.12	128	[2]	’	b	_
1.12	129	[1]	ἔτι	_	_
1.12	130	[1]	τετάρακται	_	_
1.12	131	[10]	.	b	_
1.12	132	[1]	μάθοις	_	_
1.12	133	[3]	δ	_	_
1.12	134	[3]	’	b	_
1.12	135	[1]	ἂν	_	_
1.12	136	[1]	ἐκ	_	_
1.12	137	[3]	τῶν	_	_
1.12	138	[1]	ἀποκρινομένων	_	_
1.12	139	[5]	μὲν	_	_
1.12	140	[1]	λεπτῶν	_	_
1.12	141	[3]	τε	_	_
1.12	142	[8]	καὶ	_	_
1.12	143	[1]	καθαρῶν	_	_
1.12	144	[6]	,	b	_
1.12	145	[1]	μετὰ	_	_
1.12	146	[1]	ταῦτα	_	_
1.12	147	[4]	δ	_	_
1.12	148	[4]	’	b	_
1.12	149	[1]	ἤτοι	_	_
1.12	150	[1]	μενόντων	_	_
1.12	151	[1]	ἀεὶ	_	_
1.12	152	[2]	λεπτῶν	_	_
1.12	153	[5]	ἢ	_	_
1.12	154	[1]	μετ	_	_
1.12	155	[5]	’	b	_
1.12	156	[1]	ὀλίγον	_	_
1.12	157	[1]	ἀναθολουμένων	_	_
1.12	158	[7]	,	b	_
1.12	159	[1]	ὡς	_	_
1.12	160	[1]	ἀμφότερα	_	_
1.12	161	[6]	μὲν	_	_
1.12	162	[1]	εἶναι	_	_
1.12	163	[1]	ἄπεπτα	_	_
1.12	164	[8]	,	b	_
1.12	165	[1]	διαφέρει	_	_
1.12	166	[6]	δὲ	_	_
1.12	167	[3]	τῷ	_	_
1.12	168	[6]	τὸ	_	_
1.12	169	[7]	μὲν	_	_
1.12	170	[1]	οὐκ	_	_
1.12	171	[1]	ἐγχειρεῖσθαί	_	_
1.12	172	[1]	πω	_	_
1.12	173	[1]	πέττεσθαι	_	_
1.12	174	[9]	,	b	_
1.12	175	[7]	τὸ	_	_
1.12	176	[5]	δ	_	_
1.12	177	[6]	’	b	_
1.12	178	[10]	,	b	_
1.12	179	[1]	ὅτι	_	_
1.12	180	[1]	φυσώδη	_	_
1.12	181	[1]	αὐτῷ	_	_
1.12	182	[1]	πνεύματα	_	_
1.12	183	[1]	ἀναμέμικται	_	_
1.12	184	[1]	ταραχή	_	_
1.12	185	[1]	τις	_	_
1.12	186	[11]	,	b	_
1.12	187	[1]	οἷα	_	_
1.12	188	[9]	καὶ	_	_
1.12	189	[3]	τοῖς	_	_
1.12	190	[1]	νέοις	_	_
1.12	191	[1]	οἴνοις	_	_
1.12	192	[4]	τοῖς	_	_
1.12	193	[2]	ἔτι	_	_
1.12	194	[1]	ζέουσι	_	_
1.12	195	[1]	γίγνεται	_	_
1.12	196	[11]	.	b	_
1.12	197	[1]	οὔσης	_	_
1.12	198	[2]	γὰρ	_	_
1.12	199	[1]	τριττῆς	_	_
1.12	200	[1]	διαφορᾶς	_	_
1.12	201	[4]	τῶν	_	_
1.12	202	[2]	οὔρων	_	_
1.12	203	[5]	τῶν	_	_
1.12	204	[1]	θολερῶν	_	_
1.12	205	[12]	,	b	_
1.12	206	[6]	ἢ	_	_
1.12	207	[3]	γὰρ	_	_
1.12	208	[1]	οὐρηθέντα	_	_
1.12	209	[1]	τοιαῦτα	_	_
1.12	210	[1]	καθίσταται	_	_
1.12	211	[2]	μετ	_	_
1.12	212	[7]	’	b	_
1.12	213	[2]	ὀλίγον	_	_
1.12	214	[13]	,	b	_
1.12	215	[7]	ἢ	_	_
1.12	216	[1]	μένει	_	_
1.12	217	[1]	παραπλήσια	_	_
1.12	218	[1]	μέχρι	_	_
1.12	219	[1]	παντὸς	_	_
1.12	220	[14]	,	b	_
1.12	221	[8]	ἢ	_	_
1.12	222	[1]	καθαρὰ	_	_
1.12	223	[8]	μὲν	_	_
1.12	224	[1]	ἐκκρίνεται	_	_
1.12	225	[15]	,	b	_
1.12	226	[2]	μετὰ	_	_
1.12	227	[2]	ταῦτα	_	_
1.12	228	[6]	δ	_	_
1.12	229	[8]	’	b	_
1.12	230	[1]	ἀναθολοῦται	_	_
1.12	231	[12]	.	b	_
1.12	232	[1]	μοχθηρὸν	_	_
1.12	233	[9]	μὲν	_	_
1.12	234	[8]	τὸ	_	_
1.12	235	[1]	τρίτον	_	_
1.12	236	[1]	μέρος	_	_
1.12	237	[6]	τῶν	_	_
1.12	238	[1]	εἰρημένων	_	_
1.12	239	[16]	,	b	_
1.12	240	[1]	ἐπιεικὲς	_	_
1.12	241	[7]	δὲ	_	_
1.12	242	[9]	τὸ	_	_
1.12	243	[1]	πρῶτον	_	_
1.12	244	[17]	,	b	_
1.12	245	[3]	ἐν	_	_
1.12	246	[2]	μέσῳ	_	_
1.12	247	[7]	δ	_	_
1.12	248	[9]	’	b	_
1.12	249	[1]	ἀμφοῖν	_	_
1.12	250	[1]	ἐστι	_	_
1.12	251	[10]	τὸ	_	_
1.12	252	[1]	δεύτερον	_	_
1.12	253	[13]	.	b	_
1.12	254	[11]	τὸ	_	_
1.12	255	[10]	μὲν	_	_
1.12	256	[4]	γὰρ	_	_
1.12	257	[2]	εὐθὺς	_	_
1.12	258	[1]	καθιστάμενον	_	_
1.12	259	[3]	ὀλίγον	_	_
1.12	260	[3]	ἔτι	_	_
1.12	261	[1]	τῆς	_	_
1.12	262	[1]	ἀνωμάλου	_	_
1.12	263	[1]	ταραχῆς	_	_
1.12	264	[1]	ἀπολείπεσθαι	_	_
1.12	265	[1]	δηλοῖ	_	_
1.12	266	[18]	,	b	_
1.12	267	[12]	τὸ	_	_
1.12	268	[8]	δ	_	_
1.12	269	[10]	’	b	_
1.12	270	[2]	ἀεὶ	_	_
1.12	271	[1]	διαμένον	_	_
1.12	272	[1]	ὅμοιον	_	_
1.12	273	[1]	ἀκμάζειν	_	_
1.12	274	[4]	ἔτι	_	_
1.12	275	[1]	τὸν	_	_
1.12	276	[4]	ἐν	_	_
1.12	277	[5]	τοῖς	_	_
1.12	278	[1]	αἵμασι	_	_
1.12	279	[1]	σάλον	_	_
1.12	280	[1]	ἐνδείκνυται	_	_
1.12	281	[19]	,	b	_
1.12	282	[13]	τὸ	_	_
1.12	283	[9]	δ	_	_
1.12	284	[11]	’	b	_
1.12	285	[1]	ἔξω	_	_
1.12	286	[1]	ταραττόμενον	_	_
1.12	287	[1]	ἄρχεσθαι	_	_
1.12	288	[2]	πέττεσθαι	_	_
1.12	289	[1]	μέλλει	_	_
1.12	290	[20]	,	b	_
1.12	291	[1]	ὥστ	_	_
1.12	292	[12]	’	b	_
1.12	293	[1]	εὐλόγως	_	_
1.12	294	[1]	κάκιστον	_	_
1.12	295	[11]	μὲν	_	_
1.12	296	[2]	τοῦτο	_	_
1.12	297	[14]	.	b	_
1.12	298	[10]	καὶ	_	_
1.12	299	[5]	γὰρ	_	_
1.12	300	[11]	καὶ	_	_
1.12	301	[1]	χρόνου	_	_
1.12	302	[1]	παμπόλλου	_	_
1.12	303	[1]	δεῖται	_	_
1.12	304	[21]	,	b	_
1.12	305	[12]	καὶ	_	_
1.12	306	[1]	δυνάμεως	_	_
1.12	307	[1]	ἰσχυρᾶς	_	_
1.12	308	[1]	εἰς	_	_
1.12	309	[1]	τὴν	_	_
1.12	310	[2]	πέψιν	_	_
1.12	311	[15]	.	b	_
1.12	312	[14]	τὸ	_	_
1.12	313	[10]	δ	_	_
1.12	314	[13]	’	b	_
1.12	315	[1]	οὐρούμενον	_	_
1.12	316	[12]	μὲν	_	_
1.12	317	[1]	θολερὸν	_	_
1.12	318	[22]	,	b	_
1.12	319	[3]	εὐθὺς	_	_
1.12	320	[11]	δ	_	_
1.12	321	[14]	’	b	_
1.12	322	[1]	ὑπόστασιν	_	_
1.12	323	[1]	ἔχον	_	_
1.12	324	[1]	χρηστὴν	_	_
1.12	325	[23]	,	b	_
1.12	326	[2]	οὐκ	_	_
1.12	327	[2]	εἰς	_	_
1.12	328	[1]	μακρὰν	_	_
1.12	329	[1]	πεφθήσεσθαι	_	_
1.12	330	[2]	δηλοῖ	_	_
1.12	331	[15]	τὸ	_	_
1.12	332	[1]	νόσημα	_	_
1.12	333	[24]	,	b	_
1.12	334	[13]	καὶ	_	_
1.12	335	[1]	διὰ	_	_
1.12	336	[3]	τοῦτο	_	_
1.12	337	[1]	ἐπιεικέστερον	_	_
1.12	338	[16]	.	b	_
1.12	339	[5]	ἐν	_	_
1.12	340	[4]	τῷ	_	_
1.12	341	[3]	μέσῳ	_	_
1.12	342	[12]	δ	_	_
1.12	343	[15]	’	b	_
1.12	344	[2]	ἀμφοῖν	_	_
1.12	345	[2]	ἐστι	_	_
1.12	346	[16]	τὸ	_	_
1.12	347	[1]	λοιπὸν	_	_
1.12	348	[14]	καὶ	_	_
1.12	349	[2]	τρίτον	_	_
1.12	350	[17]	.	b	_
1.12	351	[1]	ἅτε	_	_
1.12	352	[6]	γὰρ	_	_
1.12	353	[1]	ἀκμαζούσης	_	_
1.12	354	[2]	ταραχῆς	_	_
1.12	355	[1]	ἔκγονον	_	_
1.12	356	[1]	ὑπάρχον	_	_
1.12	357	[25]	,	b	_
1.12	358	[2]	ὅσον	_	_
1.12	359	[1]	ἀπολείπεται	_	_
1.12	360	[1]	κακίᾳ	_	_
1.12	361	[1]	τοῦ	_	_
1.12	362	[1]	μέλλουσαν	_	_
1.12	363	[5]	ἔτι	_	_
1.12	364	[2]	τὴν	_	_
1.12	365	[1]	ταραχὴν	_	_
1.12	366	[1]	ἐνδεικνυμένου	_	_
1.12	367	[26]	,	b	_
1.12	368	[1]	τοσοῦτον	_	_
1.12	369	[1]	πλεονεκτεῖ	_	_
1.12	370	[2]	τοῦ	_	_
1.12	371	[1]	παυομένην	_	_
1.12	372	[1]	ἤδη	_	_
1.12	373	[1]	κεκτημένου	_	_
1.12	374	[18]	.	b	_
1.12	375	[17]	τὸ	_	_
1.12	376	[1]	τοίνυν	_	_
1.12	377	[1]	ἐσχάτως	_	_
1.12	378	[2]	ἄπεπτον	_	_
1.12	379	[1]	ὑπὲρ	_	_
1.12	380	[1]	ἅπαντα	_	_
1.12	381	[1]	ταῦτ	_	_
1.12	382	[16]	’	b	_
1.12	383	[1]	ἐστίν	_	_
1.12	384	[19]	.	b	_
1.12	385	[1]	εἴη	_	_
1.12	386	[13]	δ	_	_
1.12	387	[17]	’	b	_
1.12	388	[2]	ἂν	_	_
1.12	389	[1]	ὑδατῶδες	_	_
1.12	390	[2]	ἀκριβῶς	_	_
1.12	391	[18]	τὸ	_	_
1.12	392	[3]	τοιοῦτον	_	_
1.12	393	[27]	,	b	_
1.12	394	[1]	οὔτ	_	_
1.12	395	[18]	’	b	_
1.12	396	[2]	ἤδη	_	_
1.12	397	[1]	πεττόμενον	_	_
1.12	398	[28]	,	b	_
1.12	399	[2]	ὡς	_	_
1.12	400	[19]	τὸ	_	_
1.12	401	[2]	θολερὸν	_	_
1.12	402	[29]	,	b	_
1.12	403	[1]	οὔτε	_	_
1.12	404	[1]	μέλλον	_	_
1.12	405	[30]	,	b	_
1.12	406	[3]	ὡς	_	_
1.12	407	[20]	τὸ	_	_
1.12	408	[3]	μετ	_	_
1.12	409	[19]	’	b	_
1.12	410	[4]	ὀλίγον	_	_
1.12	411	[1]	ἀναθολούμενον	_	_
1.12	412	[31]	,	b	_
1.12	413	[1]	ἀλλ	_	_
1.12	414	[20]	’	b	_
1.12	415	[1]	οἷον	_	_
1.12	416	[1]	ἀπεγνωσμένης	_	_
1.12	417	[2]	τῆς	_	_
1.12	418	[1]	πέψεως	_	_
1.12	419	[1]	σύμπτωμα	_	_
1.12	420	[20]	.	b	_
1.12	421	[21]	τὸ	_	_
1.12	422	[4]	τοιοῦτον	_	_
1.12	423	[3]	τοῦ	_	_
1.12	424	[1]	φλεβώδους	_	_
1.12	425	[1]	γένους	_	_
1.12	426	[1]	ὑπάρχει	_	_
1.12	427	[1]	πά	_	_
1.12	428	[1]	θος	_	_
1.12	429	[32]	,	b	_
1.12	430	[2]	οἷον	_	_
1.12	431	[3]	ἀκριβῶς	_	_
1.12	432	[1]	ἀπεψία	_	_
1.12	433	[1]	γαστρός	_	_
1.12	434	[21]	.	b	_
1.12	435	[1]	ὅταν	_	_
1.12	436	[8]	δὲ	_	_
1.12	437	[15]	καὶ	_	_
1.12	438	[1]	ταχέως	_	_
1.12	439	[1]	διεξέρχηται	_	_
1.12	440	[4]	τοῦτο	_	_
1.12	441	[33]	,	b	_
1.12	442	[1]	καλεῖται	_	_
1.12	443	[13]	μὲν	_	_
1.12	444	[1]	ὑπό	_	_
1.12	445	[1]	τινων	_	_
1.12	446	[1]	ὕδερος	_	_
1.12	447	[3]	εἰς	_	_
1.12	448	[1]	ἀμίδα	_	_
1.12	449	[22]	τὸ	_	_
1.12	450	[1]	πάθημα	_	_
1.12	451	[34]	,	b	_
1.12	452	[1]	διαβήτην	_	_
1.12	453	[14]	δ	_	_
1.12	454	[21]	’	b	_
1.12	455	[1]	ἔνιοι	_	_
1.12	456	[1]	προσαγορεύουσι	_	_
1.12	457	[1]	ἄλλος	_	_
1.12	458	[1]	δέ	_	_
1.12	459	[2]	τις	_	_
1.12	460	[1]	παλαιὸς	_	_
1.12	461	[1]	ἀνὴρ	_	_
1.12	462	[4]	εἰς	_	_
1.12	463	[1]	οὖρα	_	_
1.12	464	[1]	διάῤῥοιαν	_	_
1.12	465	[1]	ὠνόμαζε	_	_
1.12	466	[22]	.	b	_
1.12	467	[2]	περὶ	_	_
1.12	468	[14]	μὲν	_	_
1.12	469	[2]	δὴ	_	_
1.12	470	[7]	τῶν	_	_
1.12	471	[1]	ὀνομάτων	_	_
1.12	472	[1]	ἑτέρωθι	_	_
1.12	473	[1]	σκοπείσθω	_	_
1.12	474	[2]	·	b	_
1.12	475	[23]	τὸ	_	_
1.12	476	[15]	δ	_	_
1.12	477	[22]	’	b	_
1.12	478	[4]	οὖν	_	_
1.12	479	[2]	πάθημα	_	_
1.12	480	[1]	τοιοῦτόν	_	_
1.12	481	[2]	ἐστιν	_	_
1.12	482	[3]	οἷον	_	_
1.12	483	[6]	ἐν	_	_
1.12	484	[1]	τῇ	_	_
1.12	485	[3]	περὶ	_	_
1.12	486	[1]	γαστέρα	_	_
1.12	487	[1]	λειεντερίᾳ	_	_
1.12	488	[1]	νέκρωσις	_	_
1.12	489	[35]	,	b	_
1.12	490	[4]	ὡς	_	_
1.12	491	[3]	ἂν	_	_
1.12	492	[1]	εἴποι	_	_
1.12	493	[3]	τις	_	_
1.12	494	[36]	,	b	_
1.12	495	[1]	ἀμφοτέρων	_	_
1.12	496	[8]	τῶν	_	_
1.12	497	[1]	δυνάμεων	_	_
1.12	498	[37]	,	b	_
1.12	499	[1]	ἀλλοιωτικῆς	_	_
1.12	500	[4]	τε	_	_
1.12	501	[16]	καὶ	_	_
1.12	502	[1]	καθεκτικῆς	_	_
1.12	503	[2]	ὑπάρχον	_	_
1.12	504	[23]	.	b	_
1.12	505	[1]	ἀλλὰ	_	_
1.12	506	[5]	τοῦτο	_	_
1.12	507	[15]	μὲν	_	_
1.12	508	[1]	ἀπέπτων	_	_
1.12	509	[3]	οὔρων	_	_
1.12	510	[24]	τὸ	_	_
1.12	511	[1]	χείριστον	_	_
1.12	512	[3]	·	b	_
1.12	513	[1]	ἐφεξῆς	_	_
1.12	514	[16]	δ	_	_
1.12	515	[23]	’	b	_
1.12	516	[2]	αὐτῷ	_	_
1.12	517	[25]	τὸ	_	_
1.12	518	[2]	ὑδατῶδες	_	_
1.12	519	[38]	,	b	_
1.12	520	[3]	ὅσον	_	_
1.12	521	[16]	μὲν	_	_
1.12	522	[1]	ἐπὶ	_	_
1.12	523	[5]	τῷ	_	_
1.12	524	[1]	μὴ	_	_
1.12	525	[1]	πεπέφθαι	_	_
1.12	526	[1]	παραπλήσιον	_	_
1.12	527	[24]	.	b	_
1.12	528	[6]	τῷ	_	_
1.12	529	[9]	δὲ	_	_
1.12	530	[1]	μηδὲν	_	_
1.12	531	[1]	ἄλλο	_	_
1.12	532	[1]	συνενδείκνυσθαι	_	_
1.12	533	[1]	κακὸν	_	_
1.12	534	[17]	καὶ	_	_
1.12	535	[2]	ὀλέθριον	_	_
1.12	536	[2]	ἧττον	_	_
1.12	537	[25]	.	b	_
1.12	538	[1]	ἐκεῖνο	_	_
1.12	539	[17]	μὲν	_	_
1.12	540	[7]	γὰρ	_	_
1.12	541	[2]	οὐ	_	_
1.12	542	[3]	τῆς	_	_
1.12	543	[2]	ἀλλοιωτικῆς	_	_
1.12	544	[1]	μόνον	_	_
1.12	545	[2]	δυνάμεως	_	_
1.12	546	[39]	,	b	_
1.12	547	[2]	ἀλλὰ	_	_
1.12	548	[18]	καὶ	_	_
1.12	549	[4]	τῆς	_	_
1.12	550	[2]	καθεκτικῆς	_	_
1.12	551	[1]	ἀῤῥωστίαν	_	_
1.12	552	[1]	ἐσχάτην	_	_
1.12	553	[3]	δηλοῖ	_	_
1.12	554	[40]	,	b	_
1.12	555	[1]	τουτὶ	_	_
1.12	556	[10]	δὲ	_	_
1.12	557	[5]	τῆς	_	_
1.12	558	[1]	ἑτέρας	_	_
1.12	559	[1]	μόνης	_	_
1.12	560	[41]	,	b	_
1.12	561	[6]	τῆς	_	_
1.12	562	[3]	ἀλλοιωτικῆς	_	_
1.12	563	[26]	.	b	_
1.12	564	[1]	ὅσῳ	_	_
1.12	565	[17]	δ	_	_
1.12	566	[24]	’	b	_
1.12	567	[4]	ἂν	_	_
1.12	568	[1]	πλείους	_	_
1.12	569	[1]	οὑτινοσοῦν	_	_
1.12	570	[2]	γένους	_	_
1.12	571	[1]	ὀργάνων	_	_
1.12	572	[1]	ἐνέργειαί	_	_
1.12	573	[5]	τε	_	_
1.12	574	[19]	καὶ	_	_
1.12	575	[1]	δυνάμεις	_	_
1.12	576	[1]	ἐμποδισθῶσιν	_	_
1.12	577	[42]	,	b	_
1.12	578	[9]	ἢ	_	_
1.12	579	[20]	καὶ	_	_
1.12	580	[1]	παντάπασιν	_	_
1.12	581	[1]	ἀπόλωνται	_	_
1.12	582	[43]	,	b	_
1.12	583	[1]	τοσούτῳ	_	_
1.12	584	[1]	χεῖρόν	_	_
1.12	585	[3]	ἐστι	_	_
1.12	586	[26]	τὸ	_	_
1.12	587	[2]	νόσημα	_	_
1.12	588	[27]	.	b	_
1.12	589	[2]	διὰ	_	_
1.12	590	[2]	ταῦτ	_	_
1.12	591	[25]	’	b	_
1.12	592	[1]	ἄρα	_	_
1.12	593	[2]	χείριστον	_	_
1.12	594	[18]	μὲν	_	_
1.12	595	[1]	ἡ	_	_
1.12	596	[5]	εἰς	_	_
1.12	597	[2]	οὖρα	_	_
1.12	598	[1]	διάῤῥοια	_	_
1.12	599	[44]	,	b	_
1.12	600	[1]	διττὴ	_	_
1.12	601	[8]	γὰρ	_	_
1.12	602	[2]	ἡ	_	_
1.12	603	[1]	κακία	_	_
1.12	604	[28]	.	b	_
1.12	605	[2]	μοχθηρὸν	_	_
1.12	606	[18]	δ	_	_
1.12	607	[26]	’	b	_
1.12	608	[1]	ἱκανῶς	_	_
1.12	609	[21]	καὶ	_	_
1.12	610	[27]	τὸ	_	_
1.12	611	[1]	λεπτὸν	_	_
1.12	612	[1]	οὕτως	_	_
1.12	613	[22]	καὶ	_	_
1.12	614	[1]	λευκὸν	_	_
1.12	615	[45]	,	b	_
1.12	616	[1]	οἷόν	_	_
1.12	617	[1]	περ	_	_
1.12	618	[23]	καὶ	_	_
1.12	619	[28]	τὸ	_	_
1.12	620	[1]	ὕδωρ	_	_
1.12	621	[29]	.	b	_
1.12	622	[1]	ἁπλῆ	_	_
1.12	623	[19]	μὲν	_	_
1.12	624	[3]	ἡ	_	_
1.12	625	[1]	διάθεσις	_	_
1.12	626	[46]	,	b	_
1.12	627	[2]	ἀλλ	_	_
1.12	628	[27]	’	b	_
1.12	629	[1]	ἔσχατον	_	_
1.12	630	[1]	ἀῤῥωστίας	_	_
1.12	631	[1]	γνώρισμα	_	_
1.12	632	[30]	.	b	_
1.12	633	[2]	τούτῳ	_	_
1.12	634	[19]	δ	_	_
1.12	635	[28]	’	b	_
1.12	636	[1]	ἐγγύς	_	_
1.12	637	[3]	ἐστιν	_	_
1.12	638	[1]	ἕτερον	_	_
1.12	639	[1]	οὖρον	_	_
1.12	640	[47]	,	b	_
1.12	641	[7]	ἐν	_	_
1.12	642	[1]	πολλαῖς	_	_
1.12	643	[9]	τῶν	_	_
1.12	644	[1]	νόσων	_	_
1.12	645	[1]	φαινόμενον	_	_
1.12	646	[48]	,	b	_
1.12	647	[5]	ὡς	_	_
1.12	648	[1]	οἴνου	_	_
1.12	649	[1]	δοκεῖν	_	_
1.12	650	[2]	ἱκανῶς	_	_
1.12	651	[1]	λευκοῦ	_	_
1.12	652	[24]	καὶ	_	_
1.12	653	[1]	λεπτοῦ	_	_
1.12	654	[1]	μεμιγμένην	_	_
1.12	655	[1]	ἔχειν	_	_
1.12	656	[1]	ἰδέαν	_	_
1.12	657	[31]	.	b	_
1.12	658	[4]	ἡ	_	_
1.12	659	[1]	γένεσις	_	_
1.12	660	[20]	δ	_	_
1.12	661	[29]	’	b	_
1.12	662	[2]	αὐτοῦ	_	_
1.12	663	[2]	ἐκ	_	_
1.12	664	[4]	τοῦ	_	_
1.12	665	[1]	προειρημένου	_	_
1.12	666	[2]	λεπτοῦ	_	_
1.12	667	[25]	καὶ	_	_
1.12	668	[1]	ὑδατώδους	_	_
1.12	669	[1]	οὔρου	_	_
1.12	670	[1]	βραχὺν	_	_
1.12	671	[1]	ἰχῶρα	_	_
1.12	672	[2]	λεπτὸν	_	_
1.12	673	[3]	ἐκ	_	_
1.12	674	[7]	τῆς	_	_
1.12	675	[1]	πυῤῥᾶς	_	_
1.12	676	[1]	χολῆς	_	_
1.12	677	[1]	ὑποδεξαμένου	_	_
1.12	678	[32]	.	b	_
1.12	679	[26]	καὶ	_	_
1.12	680	[9]	γὰρ	_	_
1.12	681	[1]	εἰ	_	_
1.12	682	[1]	κᾀκτὸς	_	_
1.12	683	[6]	εἰς	_	_
1.12	684	[2]	ὕδωρ	_	_
1.12	685	[1]	καθαρὸν	_	_
1.12	686	[1]	ἐμβάλοις	_	_
1.12	687	[1]	ὠχρᾶς	_	_
1.12	688	[5]	ὀλίγον	_	_
1.12	689	[49]	,	b	_
1.12	690	[10]	ἢ	_	_
1.12	691	[1]	αὐτῆς	_	_
1.12	692	[8]	τῆς	_	_
1.12	693	[2]	χολῆς	_	_
1.12	694	[50]	,	b	_
1.12	695	[2]	τοιοῦτόν	_	_
1.12	696	[1]	σοι	_	_
1.12	697	[1]	φανεῖται	_	_
1.12	698	[33]	.	b	_
1.12	699	[2]	τουτὶ	_	_
1.12	700	[20]	μὲν	_	_
1.12	701	[5]	οὖν	_	_
1.12	702	[1]	ἐγγυτάτω	_	_
1.12	703	[5]	τοῦ	_	_
1.12	704	[1]	παντελοῦς	_	_
1.12	705	[1]	ἀπέπτου	_	_
1.12	706	[51]	,	b	_
1.12	707	[29]	τὸ	_	_
1.12	708	[21]	δ	_	_
1.12	709	[30]	’	b	_
1.12	710	[1]	ὕπωχρον	_	_
1.12	711	[2]	ἐφεξῆς	_	_
1.12	712	[3]	τούτῳ	_	_
1.12	713	[34]	.	b	_
1.12	714	[30]	τὸ	_	_
1.12	715	[22]	δ	_	_
1.12	716	[31]	’	b	_
1.12	717	[1]	ὠχρὸν	_	_
1.12	718	[52]	,	b	_
1.12	719	[2]	εἴη	_	_
1.12	720	[21]	μὲν	_	_
1.12	721	[5]	ἂν	_	_
1.12	722	[3]	ἤδη	_	_
1.12	723	[6]	τοῦτο	_	_
1.12	724	[27]	καὶ	_	_
1.12	725	[2]	ὑπόπυῤῥον	_	_
1.12	726	[35]	.	b	_
1.12	727	[2]	εἰ	_	_
1.12	728	[10]	γὰρ	_	_
1.12	729	[7]	εἰς	_	_
1.12	730	[3]	ὕδωρ	_	_
1.12	731	[1]	ἐμβάλλοις	_	_
1.12	732	[53]	,	b	_
1.12	733	[11]	ἢ	_	_
1.12	734	[1]	πυῤῥοῦ	_	_
1.12	735	[1]	χρώματος	_	_
1.12	736	[6]	ὀλίγον	_	_
1.12	737	[54]	,	b	_
1.12	738	[12]	ἢ	_	_
1.12	739	[1]	ὠχροῦ	_	_
1.12	740	[2]	πλέον	_	_
1.12	741	[55]	,	b	_
1.12	742	[1]	ὅμοιόν	_	_
1.12	743	[2]	σοι	_	_
1.12	744	[2]	φανεῖται	_	_
1.12	745	[36]	.	b	_
1.12	746	[1]	πέπτεται	_	_
1.12	747	[23]	δ	_	_
1.12	748	[32]	’	b	_
1.12	749	[4]	ἤδη	_	_
1.12	750	[7]	τοῦτο	_	_
1.12	751	[56]	,	b	_
1.12	752	[9]	τῆς	_	_
1.12	753	[1]	χρόας	_	_
1.12	754	[2]	γε	_	_
1.12	755	[1]	ἕνεκα	_	_
1.12	756	[37]	.	b	_
1.12	757	[1]	χρὴ	_	_
1.12	758	[11]	δὲ	_	_
1.12	759	[1]	αὐτὸ	_	_
1.12	760	[28]	καὶ	_	_
1.12	761	[7]	τῷ	_	_
1.12	762	[1]	πάχει	_	_
1.12	763	[2]	τοσοῦτον	_	_
1.12	764	[1]	ἀποκεχωρηκέναι	_	_
1.12	765	[6]	τοῦ	_	_
1.12	766	[2]	ὑδατώδους	_	_
1.12	767	[57]	,	b	_
1.12	768	[3]	εἰ	_	_
1.12	769	[1]	μέλλοι	_	_
1.12	770	[2]	πεπέφθαι	_	_
1.12	771	[1]	καλῶς	_	_
1.12	772	[58]	,	b	_
1.12	773	[4]	ὅσον	_	_
1.12	774	[29]	καὶ	_	_
1.12	775	[8]	τῷ	_	_
1.12	776	[1]	χρώματι	_	_
1.12	777	[38]	.	b	_
1.12	778	[31]	τὸ	_	_
1.12	779	[24]	δ	_	_
1.12	780	[33]	’	b	_
1.12	781	[2]	ἄριστον	_	_
1.12	782	[1]	ἁπάντων	_	_
1.12	783	[10]	τῶν	_	_
1.12	784	[4]	οὔρων	_	_
1.12	785	[2]	ὑπόπυῤῥόν	_	_
1.12	786	[4]	ἐστιν	_	_
1.12	787	[30]	καὶ	_	_
1.12	788	[3]	ὑπόξανθον	_	_
1.12	789	[59]	,	b	_
1.12	790	[6]	ὡς	_	_
1.12	791	[1]	εἴρηται	_	_
1.12	792	[31]	καὶ	_	_
1.12	793	[1]	πρόσθεν	_	_
1.12	794	[60]	,	b	_
1.12	795	[4]	οἷον	_	_
1.12	796	[4]	εἰ	_	_
1.12	797	[2]	κᾀκτὸς	_	_
1.12	798	[1]	ἐργάσασθαι	_	_
1.12	799	[1]	θελήσοις	_	_
1.12	800	[61]	,	b	_
1.12	801	[1]	αἵματος	_	_
1.12	802	[1]	ὀῤῥῷ	_	_
1.12	803	[32]	καὶ	_	_
1.12	804	[3]	χολῆς	_	_
1.12	805	[2]	πυῤῥᾶς	_	_
1.12	806	[1]	ἐπιθολώσας	_	_
1.12	807	[4]	ὕδωρ	_	_
1.12	808	[39]	.	b	_
1.12	809	[1]	λόγῳ	_	_
1.12	810	[25]	δ	_	_
1.12	811	[34]	’	b	_
1.12	812	[1]	εἰπεῖν	_	_
1.12	813	[3]	οὐκ	_	_
1.12	814	[1]	ἐγχωρεῖ	_	_
1.12	815	[32]	τὸ	_	_
1.12	816	[1]	ποσὸν	_	_
1.12	817	[10]	τῆς	_	_
1.12	818	[1]	μίξεως	_	_
1.12	819	[62]	,	b	_
1.12	820	[3]	ἀλλ	_	_
1.12	821	[35]	’	b	_
1.12	822	[13]	ἢ	_	_
1.12	823	[1]	παρ	_	_
1.12	824	[36]	’	b	_
1.12	825	[1]	ἄλλου	_	_
1.12	826	[2]	χρὴ	_	_
1.12	827	[1]	μαθεῖν	_	_
1.12	828	[63]	,	b	_
1.12	829	[4]	περὶ	_	_
1.12	830	[1]	ἀρίστου	_	_
1.12	831	[2]	οὔρου	_	_
1.12	832	[64]	,	b	_
1.12	833	[14]	ἢ	_	_
1.12	834	[1]	αὐτὸν	_	_
1.12	835	[4]	ἐκ	_	_
1.12	836	[11]	τῆς	_	_
1.12	837	[1]	πείρας	_	_
1.12	838	[1]	διδαχθῆναι	_	_
1.12	839	[7]	τοῦ	_	_
1.12	840	[1]	κατὰ	_	_
1.12	841	[1]	φύσιν	_	_
1.12	842	[3]	οὔρου	_	_
1.12	843	[3]	τὴν	_	_
1.12	844	[2]	ἰδέαν	_	_
1.12	845	[65]	,	b	_
1.12	846	[1]	ἐπ	_	_
1.12	847	[37]	’	b	_
1.12	848	[1]	αὐτῶν	_	_
1.12	849	[11]	τῶν	_	_
1.12	850	[2]	ὑγιαινόντων	_	_
1.12	851	[1]	ἐξετάζοντα	_	_
1.12	852	[40]	.	b	_
1.12	853	[1]	πεττομένου	_	_
1.12	854	[11]	γὰρ	_	_
1.12	855	[6]	ἔτι	_	_
1.12	856	[8]	τοῦ	_	_
1.12	857	[2]	αἵματος	_	_
1.12	858	[66]	,	b	_
1.12	859	[5]	ὅσον	_	_
1.12	860	[6]	ἂν	_	_
1.12	861	[1]	οὐρηθῇ	_	_
1.12	862	[67]	,	b	_
1.12	863	[1]	λείαν	_	_
1.12	864	[33]	καὶ	_	_
1.12	865	[1]	ὁμαλὴν	_	_
1.12	866	[34]	καὶ	_	_
1.12	867	[1]	λευκὴν	_	_
1.12	868	[2]	ὑπόστασιν	_	_
1.12	869	[35]	καὶ	_	_
1.12	870	[1]	πολλὴν	_	_
1.12	871	[1]	ποιεῖται	_	_
1.12	872	[41]	.	b	_
1.12	873	[1]	τελειωθείσης	_	_
1.12	874	[12]	δὲ	_	_
1.12	875	[12]	τῆς	_	_
1.12	876	[2]	πέψεως	_	_
1.12	877	[68]	,	b	_
1.12	878	[1]	ἐπιτείνεται	_	_
1.12	879	[22]	μὲν	_	_
1.12	880	[3]	αὐτῷ	_	_
1.12	881	[1]	τὰ	_	_
1.12	882	[9]	τοῦ	_	_
1.12	883	[2]	χρώματος	_	_
1.12	884	[69]	,	b	_
1.12	885	[1]	ἔλαττον	_	_
1.12	886	[26]	δ	_	_
1.12	887	[38]	’	b	_
1.12	888	[1]	ὑφίσταται	_	_
1.12	889	[70]	,	b	_
1.12	890	[1]	κᾂν	_	_
1.12	891	[5]	εἰ	_	_
1.12	892	[1]	πλείονα	_	_
1.12	893	[1]	χρόνον	_	_
1.12	894	[2]	ἐπὶ	_	_
1.12	895	[1]	τούτοις	_	_
1.12	896	[1]	ἄσιτον	_	_
1.12	897	[1]	φυλάττοις	_	_
1.12	898	[2]	τὸν	_	_
1.12	899	[1]	ἄνθρωπον	_	_
1.12	900	[71]	,	b	_
1.12	901	[1]	ὄψει	_	_
1.12	902	[1]	πυῤῥότερον	_	_
1.12	903	[3]	ἀεὶ	_	_
1.12	904	[36]	καὶ	_	_
1.12	905	[1]	μᾶλλον	_	_
1.12	906	[2]	αὐτὸ	_	_
1.12	907	[1]	γινόμενον	_	_
1.12	908	[42]	.	b	_
1.12	909	[1]	ἐδείκνυτο	_	_
1.12	910	[12]	γὰρ	_	_
1.12	911	[3]	δὴ	_	_
1.12	912	[1]	κᾀν	_	_
1.12	913	[6]	τοῖς	_	_
1.12	914	[12]	τῶν	_	_
1.12	915	[1]	φυσικῶν	_	_
1.12	916	[2]	δυνάμεων	_	_
1.12	917	[1]	ὑπομνήμασι	_	_
1.12	918	[72]	,	b	_
1.12	919	[6]	ὅσον	_	_
1.12	920	[1]	ἀμετρότερον	_	_
1.12	921	[1]	ἐθερμάνθη	_	_
1.12	922	[13]	τῆς	_	_
1.12	923	[1]	τροφῆς	_	_
1.12	924	[37]	καὶ	_	_
1.12	925	[1]	μάλιστα	_	_
1.12	926	[6]	εἰ	_	_
1.12	927	[1]	πῖον	_	_
1.12	928	[3]	εἴη	_	_
1.12	929	[38]	καὶ	_	_
1.12	930	[1]	γλυκὺ	_	_
1.12	931	[73]	,	b	_
1.12	932	[1]	χολὴ	_	_
1.12	933	[1]	πικρὰ	_	_
1.12	934	[2]	γινόμενον	_	_
1.12	935	[43]	.	b	_
1.12	936	[1]	ἐπεὶ	_	_
1.12	937	[13]	δὲ	_	_
1.12	938	[39]	καὶ	_	_
1.12	939	[1]	ξανθὴν	_	_
1.12	940	[1]	ὀνομάζουσι	_	_
1.12	941	[40]	καὶ	_	_
1.12	942	[1]	πυῤῥὰν	_	_
1.12	943	[41]	καὶ	_	_
1.12	944	[1]	ὠχρὰν	_	_
1.12	945	[4]	τὴν	_	_
1.12	946	[1]	τοιαύτην	_	_
1.12	947	[1]	χολὴν	_	_
1.12	948	[74]	,	b	_
1.12	949	[42]	καὶ	_	_
1.12	950	[1]	μεστὰ	_	_
1.12	951	[1]	πάντα	_	_
1.12	952	[1]	ἐστὶ	_	_
1.12	953	[2]	τὰ	_	_
1.12	954	[13]	τῶν	_	_
1.12	955	[1]	ἰατρῶν	_	_
1.12	956	[1]	βιβλία	_	_
1.12	957	[75]	,	b	_
1.12	958	[14]	τῶν	_	_
1.12	959	[23]	μὲν	_	_
1.12	960	[2]	οὕτως	_	_
1.12	961	[76]	,	b	_
1.12	962	[15]	τῶν	_	_
1.12	963	[27]	δ	_	_
1.12	964	[39]	’	b	_
1.12	965	[1]	ἐκείνως	_	_
1.12	966	[1]	καλούντων	_	_
1.12	967	[77]	,	b	_
1.12	968	[1]	τινῶν	_	_
1.12	969	[14]	δὲ	_	_
1.12	970	[43]	καὶ	_	_
1.12	971	[1]	ἀδιαφόρως	_	_
1.12	972	[78]	,	b	_
1.12	973	[1]	ἄμεινον	_	_
1.12	974	[8]	ἐν	_	_
1.12	975	[1]	τῷδε	_	_
1.12	976	[1]	πάλιν	_	_
1.12	977	[1]	ἐπιστῆσαι	_	_
1.12	978	[3]	τὸν	_	_
1.12	979	[1]	λόγον	_	_
1.12	980	[79]	,	b	_
1.12	981	[1]	ἵν	_	_
1.12	982	[40]	’	b	_
1.12	983	[1]	ἕπηταί	_	_
1.12	984	[4]	τις	_	_
1.12	985	[1]	ἀκριβέστερον	_	_
1.12	986	[7]	τοῖς	_	_
1.12	987	[1]	λεγομένοις	_	_
1.12	988	[44]	.	b	_
1.12	989	[2]	ἐγγυτάτω	_	_
1.12	990	[5]	τὴν	_	_
1.12	991	[2]	φύσιν	_	_
1.12	992	[2]	ἐστὶν	_	_
1.12	993	[33]	τὸ	_	_
1.12	994	[1]	πυῤῥὸν	_	_
1.12	995	[1]	χρῶμα	_	_
1.12	996	[9]	τῷ	_	_
1.12	997	[1]	ξανθῷ	_	_
1.12	998	[80]	,	b	_
1.12	999	[2]	﻿	_	_
1.12	1000	[2]	διαφέρει	_	_
1.12	1001	[28]	δ	_	_
1.12	1002	[41]	’	b	_
1.12	1003	[2]	ἀλλήλων	_	_
1.12	1004	[10]	τῷ	_	_
1.12	1005	[34]	τὸ	_	_
1.12	1006	[24]	μὲν	_	_
1.12	1007	[1]	λευκότερον	_	_
1.12	1008	[2]	εἶναι	_	_
1.12	1009	[81]	,	b	_
1.12	1010	[35]	τὸ	_	_
1.12	1011	[15]	δὲ	_	_
1.12	1012	[1]	στιλπνότερον	_	_
1.12	1013	[45]	.	b	_
1.12	1014	[44]	καὶ	_	_
1.12	1015	[13]	γὰρ	_	_
1.12	1016	[6]	οὖν	_	_
1.12	1017	[45]	καὶ	_	_
1.12	1018	[5]	ἡ	_	_
1.12	1019	[2]	πικρὰ	_	_
1.12	1020	[2]	χολὴ	_	_
1.12	1021	[1]	ποτὲ	_	_
1.12	1022	[25]	μὲν	_	_
1.12	1023	[1]	πυῤῥὰ	_	_
1.12	1024	[1]	φαίνεται	_	_
1.12	1025	[2]	μᾶλλον	_	_
1.12	1026	[82]	,	b	_
1.12	1027	[2]	ποτὲ	_	_
1.12	1028	[16]	δὲ	_	_
1.12	1029	[1]	ξανθὴ	_	_
1.12	1030	[83]	,	b	_
1.12	1031	[1]	πολλάκις	_	_
1.12	1032	[29]	δ	_	_
1.12	1033	[42]	’	b	_
1.12	1034	[1]	ἄν	_	_
1.12	1035	[3]	σοι	_	_
1.12	1036	[46]	καὶ	_	_
1.12	1037	[1]	ὠχρὰ	_	_
1.12	1038	[1]	δόξειεν	_	_
1.12	1039	[3]	εἶναι	_	_
1.12	1040	[84]	,	b	_
1.12	1041	[1]	λευκοτέρα	_	_
1.12	1042	[26]	μὲν	_	_
1.12	1043	[47]	καὶ	_	_
1.12	1044	[1]	θολωδεστέρα	_	_
1.12	1045	[1]	γινομένη	_	_
1.12	1046	[85]	,	b	_
1.12	1047	[1]	πυῤῥά	_	_
1.12	1048	[4]	·	b	_
1.12	1049	[1]	στίλβουσα	_	_
1.12	1050	[17]	δὲ	_	_
1.12	1051	[48]	καὶ	_	_
1.12	1052	[1]	καθαρωτέρα	_	_
1.12	1053	[86]	,	b	_
1.12	1054	[1]	ξανθή	_	_
1.12	1055	[46]	.	b	_
1.12	1056	[36]	τὸ	_	_
1.12	1057	[14]	γὰρ	_	_
1.12	1058	[5]	οἷον	_	_
1.12	1059	[1]	πυρῶδες	_	_
1.12	1060	[1]	ἐλλάμπον	_	_
1.12	1061	[1]	αὐτῇ	_	_
1.12	1062	[1]	ξανθότερον	_	_
1.12	1063	[1]	ἀπεργάζεται	_	_
1.12	1064	[47]	.	b	_
1.12	1065	[7]	ὅσον	_	_
1.12	1066	[30]	δ	_	_
1.12	1067	[43]	’	b	_
1.12	1068	[2]	ἐστὶ	_	_
1.12	1069	[37]	τὸ	_	_
1.12	1070	[2]	πυῤῥὸν	_	_
1.12	1071	[10]	τοῦ	_	_
1.12	1072	[1]	ξανθοῦ	_	_
1.12	1073	[2]	λευκότερον	_	_
1.12	1074	[87]	,	b	_
1.12	1075	[3]	τοσοῦτον	_	_
1.12	1076	[1]	ἐκείνου	_	_
1.12	1077	[38]	τὸ	_	_
1.12	1078	[1]	ὠχρόν	_	_
1.12	1079	[48]	.	b	_
1.12	1080	[8]	ὅσον	_	_
1.12	1081	[31]	δ	_	_
1.12	1082	[44]	’	b	_
1.12	1083	[1]	αὖ	_	_
1.12	1084	[2]	πάλιν	_	_
1.12	1085	[3]	ἧττον	_	_
1.12	1086	[1]	λευκόν	_	_
1.12	1087	[5]	ἐστιν	_	_
1.12	1088	[39]	τὸ	_	_
1.12	1089	[1]	ξανθὸν	_	_
1.12	1090	[11]	τοῦ	_	_
1.12	1091	[2]	πυῤῥοῦ	_	_
1.12	1092	[88]	,	b	_
1.12	1093	[4]	τοσοῦτον	_	_
1.12	1094	[12]	τοῦ	_	_
1.12	1095	[2]	ξανθοῦ	_	_
1.12	1096	[40]	τὸ	_	_
1.12	1097	[1]	ἐρυθρόν	_	_
1.12	1098	[49]	.	b	_
1.12	1099	[1]	ὅθεν	_	_
1.12	1100	[49]	καὶ	_	_
1.12	1101	[6]	ἡ	_	_
1.12	1102	[13]	τοῦ	_	_
1.12	1103	[3]	αἵματος	_	_
1.12	1104	[1]	χρόα	_	_
1.12	1105	[3]	ποτὲ	_	_
1.12	1106	[27]	μὲν	_	_
1.12	1107	[1]	ξανθοτέρα	_	_
1.12	1108	[89]	,	b	_
1.12	1109	[4]	ποτὲ	_	_
1.12	1110	[32]	δ	_	_
1.12	1111	[45]	’	b	_
1.12	1112	[1]	ἐρυθροτέρα	_	_
1.12	1113	[2]	φαίνεται	_	_
1.12	1114	[50]	.	b	_
1.12	1115	[1]	διὸ	_	_
1.12	1116	[50]	καὶ	_	_
1.12	1117	[8]	τοῦτο	_	_
1.12	1118	[5]	ποτὲ	_	_
1.12	1119	[28]	μὲν	_	_
1.12	1120	[1]	ἐρυθρὸν	_	_
1.12	1121	[2]	ὀνομάζουσι	_	_
1.12	1122	[90]	,	b	_
1.12	1123	[6]	ποτὲ	_	_
1.12	1124	[18]	δὲ	_	_
1.12	1125	[1]	ξανθόν	_	_
1.12	1126	[51]	.	b	_
1.12	1127	[1]	οὐδέποτε	_	_
1.12	1128	[1]	μέντοι	_	_
1.12	1129	[41]	τὸ	_	_
1.12	1130	[1]	ξανθότατον	_	_
1.12	1131	[1]	αἷμα	_	_
1.12	1132	[6]	τὴν	_	_
1.12	1133	[1]	αὐτὴν	_	_
1.12	1134	[2]	ἔχει	_	_
1.12	1135	[1]	χρόαν	_	_
1.12	1136	[2]	τῇ	_	_
1.12	1137	[1]	ξανθοτάτῃ	_	_
1.12	1138	[1]	χολῇ	_	_
1.12	1139	[91]	,	b	_
1.12	1140	[4]	ἀλλ	_	_
1.12	1141	[46]	’	b	_
1.12	1142	[1]	ἔστιν	_	_
1.12	1143	[1]	ἐκείνη	_	_
1.12	1144	[29]	μὲν	_	_
1.12	1145	[2]	ξανθοτέρα	_	_
1.12	1146	[92]	,	b	_
1.12	1147	[42]	τὸ	_	_
1.12	1148	[19]	δὲ	_	_
1.12	1149	[2]	αἷμα	_	_
1.12	1150	[1]	πάντως	_	_
1.12	1151	[1]	ἐρυθρότερον	_	_
1.12	1152	[52]	.	b	_
1.12	1153	[43]	τὸ	_	_
1.12	1154	[15]	γὰρ	_	_
1.12	1155	[4]	ἀκριβῶς	_	_
1.12	1156	[2]	ξανθὸν	_	_
1.12	1157	[3]	αἷμα	_	_
1.12	1158	[1]	μέσον	_	_
1.12	1159	[1]	ἀκριβοῦς	_	_
1.12	1160	[4]	αἵματος	_	_
1.12	1161	[51]	καὶ	_	_
1.12	1162	[4]	χολῆς	_	_
1.12	1163	[6]	ἐστιν	_	_
1.12	1164	[3]	ἐπὶ	_	_
1.12	1165	[16]	τῶν	_	_
1.12	1166	[2]	κατὰ	_	_
1.12	1167	[3]	φύσιν	_	_
1.12	1168	[1]	ἐχόντων	_	_
1.12	1169	[93]	,	b	_
1.12	1170	[1]	ὥστε	_	_
1.12	1171	[1]	ἑκατέρου	_	_
1.12	1172	[4]	αὐτῷ	_	_
1.12	1173	[17]	τῶν	_	_
1.12	1174	[1]	χυμῶν	_	_
1.12	1175	[1]	προσιόντος	_	_
1.12	1176	[1]	μηδέποτε	_	_
1.12	1177	[30]	μὲν	_	_
1.12	1178	[5]	ἀκριβῶς	_	_
1.12	1179	[1]	γίνεσθαι	_	_
1.12	1180	[3]	ξανθὸν	_	_
1.12	1181	[94]	,	b	_
1.12	1182	[1]	ἑαυτοῦ	_	_
1.12	1183	[2]	μέντοι	_	_
1.12	1184	[2]	ξανθότερον	_	_
1.12	1185	[53]	.	b	_
1.12	1186	[1]	αὕτη	_	_
1.12	1187	[31]	μὲν	_	_
1.12	1188	[7]	οὖν	_	_
1.12	1189	[7]	ἡ	_	_
1.12	1190	[1]	αἰτία	_	_
1.12	1191	[14]	τοῦ	_	_
1.12	1192	[1]	συγκεχύσθαι	_	_
1.12	1193	[1]	τὰς	_	_
1.12	1194	[1]	προσηγορίας	_	_
1.12	1195	[54]	.	b	_
1.12	1196	[9]	ὅσον	_	_
1.12	1197	[33]	δ	_	_
1.12	1198	[47]	’	b	_
1.12	1199	[8]	εἰς	_	_
1.12	1200	[7]	τὴν	_	_
1.12	1201	[1]	χρείαν	_	_
1.12	1202	[3]	διαφέρει	_	_
1.12	1203	[95]	,	b	_
1.12	1204	[1]	ῥᾷστον	_	_
1.12	1205	[1]	ἐξευρεῖν	_	_
1.12	1206	[96]	,	b	_
1.12	1207	[2]	ὅτι	_	_
1.12	1208	[18]	τῶν	_	_
1.12	1209	[3]	κατὰ	_	_
1.12	1210	[4]	φύσιν	_	_
1.12	1211	[5]	οὔρων	_	_
1.12	1212	[1]	ὅρος	_	_
1.12	1213	[1]	ὁ	_	_
1.12	1214	[14]	τῆς	_	_
1.12	1215	[2]	ἀκριβοῦς	_	_
1.12	1216	[15]	τοῦ	_	_
1.12	1217	[5]	αἵματος	_	_
1.12	1218	[3]	πέψεως	_	_
1.12	1219	[1]	πρῶτος	_	_
1.12	1220	[1]	καιρός	_	_
1.12	1221	[7]	ἐστιν	_	_
1.12	1222	[9]	ἐν	_	_
1.12	1223	[8]	τοῖς	_	_
1.12	1224	[1]	ὑγιαίνουσιν	_	_
1.12	1225	[1]	ἄριστα	_	_
1.12	1226	[1]	σώμασι	_	_
1.12	1227	[55]	.	b	_
1.12	1228	[2]	ὁ	_	_
1.12	1229	[4]	δὴ	_	_
1.12	1230	[9]	τοῦτο	_	_
1.12	1231	[1]	θεασάμενος	_	_
1.12	1232	[97]	,	b	_
1.12	1233	[1]	εἶθ	_	_
1.12	1234	[48]	’	b	_
1.12	1235	[6]	οἷον	_	_
1.12	1236	[1]	κανόνα	_	_
1.12	1237	[1]	τινὰ	_	_
1.12	1238	[19]	τῶν	_	_
1.12	1239	[1]	ἄλλων	_	_
1.12	1240	[6]	οὔρων	_	_
1.12	1241	[1]	ἑαυτῷ	_	_
1.12	1242	[1]	ποιησάμενος	_	_
1.12	1243	[98]	,	b	_
1.12	1244	[1]	ἐξευρήσει	_	_
1.12	1245	[1]	ῥᾳδίως	_	_
1.12	1246	[2]	τὰς	_	_
1.12	1247	[1]	ἀλλοιούσας	_	_
1.12	1248	[3]	αὐτὸ	_	_
1.12	1249	[1]	διαθέσεις	_	_
1.12	1250	[56]	.	b	_
1.12	1251	[7]	εἰ	_	_
1.12	1252	[32]	μὲν	_	_
1.12	1253	[16]	γὰρ	_	_
1.12	1254	[8]	τὴν	_	_
1.12	1255	[2]	χρόαν	_	_
1.12	1256	[6]	ἀκριβῶς	_	_
1.12	1257	[1]	ἐπιφυλάττει	_	_
1.12	1258	[99]	,	b	_
1.12	1259	[1]	ὑπόστασίν	_	_
1.12	1260	[6]	τε	_	_
1.12	1261	[52]	καὶ	_	_
1.12	1262	[2]	λευκὴν	_	_
1.12	1263	[53]	καὶ	_	_
1.12	1264	[2]	λείαν	_	_
1.12	1265	[54]	καὶ	_	_
1.12	1266	[2]	ὁμαλὴν	_	_
1.12	1267	[55]	καὶ	_	_
1.12	1268	[2]	πολλὴν	_	_
1.12	1269	[2]	ποιεῖται	_	_
1.12	1270	[100]	,	b	_
1.12	1271	[4]	πέψεως	_	_
1.12	1272	[33]	μὲν	_	_
1.12	1273	[7]	ἂν	_	_
1.12	1274	[4]	εἴη	_	_
1.12	1275	[3]	γε	_	_
1.12	1276	[56]	καὶ	_	_
1.12	1277	[3]	οὕτως	_	_
1.12	1278	[3]	ἀκριβοῦς	_	_
1.12	1279	[2]	γνώρισμα	_	_
1.12	1280	[57]	.	b	_
1.12	1281	[1]	πλέονα	_	_
1.12	1282	[20]	δὲ	_	_
1.12	1283	[4]	τὸν	_	_
1.12	1284	[1]	ὠμὸν	_	_
1.12	1285	[1]	ὀνομαζόμενον	_	_
1.12	1286	[1]	χυμὸν	_	_
1.12	1287	[1]	ἐκκαθαίρεσθαι	_	_
1.12	1288	[4]	δηλοῖ	_	_
1.12	1289	[58]	.	b	_
1.12	1290	[3]	διὰ	_	_
1.12	1291	[10]	τοῦτο	_	_
1.12	1292	[57]	καὶ	_	_
1.12	1293	[9]	τοῖς	_	_
1.12	1294	[1]	παιδίοις	_	_
1.12	1295	[1]	σχεδὸν	_	_
1.12	1296	[1]	ἅπασι	_	_
1.12	1297	[58]	καὶ	_	_
1.12	1298	[20]	τῶν	_	_
1.12	1299	[1]	τελείων	_	_
1.12	1300	[10]	τοῖς	_	_
1.12	1301	[1]	ἀργῶς	_	_
1.12	1302	[1]	διαιτωμένοις	_	_
1.12	1303	[101]	,	b	_
1.12	1304	[15]	ἢ	_	_
1.12	1305	[1]	ἄλλως	_	_
1.12	1306	[1]	ἐμπιπλαμένοις	_	_
1.12	1307	[1]	ἱκανὴν	_	_
1.12	1308	[3]	ὑπόστασιν	_	_
1.12	1309	[1]	ἴσχει	_	_
1.12	1310	[3]	τὰ	_	_
1.12	1311	[3]	οὖρα	_	_
1.12	1312	[59]	.	b	_
1.12	1313	[1]	πλεῖον	_	_
1.12	1314	[17]	γὰρ	_	_
1.12	1315	[10]	ἐν	_	_
1.12	1316	[2]	τούτοις	_	_
1.12	1317	[2]	ἅπασι	_	_
1.12	1318	[44]	τὸ	_	_
1.12	1319	[1]	ἀκατέργαστόν	_	_
1.12	1320	[7]	τε	_	_
1.12	1321	[59]	καὶ	_	_
1.12	1322	[2]	ὠμὸν	_	_
1.12	1323	[102]	,	b	_
1.12	1324	[11]	τοῖς	_	_
1.12	1325	[34]	μὲν	_	_
1.12	1326	[4]	διὰ	_	_
1.12	1327	[9]	τὴν	_	_
1.12	1328	[1]	ἀργίαν	_	_
1.12	1329	[103]	,	b	_
1.12	1330	[12]	τοῖς	_	_
1.12	1331	[21]	δὲ	_	_
1.12	1332	[5]	διὰ	_	_
1.12	1333	[10]	τὴν	_	_
1.12	1334	[1]	πλησμονὴν	_	_
1.12	1335	[104]	,	b	_
1.12	1336	[13]	τοῖς	_	_
1.12	1337	[2]	παιδίοις	_	_
1.12	1338	[22]	δὲ	_	_
1.12	1339	[60]	καὶ	_	_
1.12	1340	[6]	διὰ	_	_
1.12	1341	[11]	τὴν	_	_
1.12	1342	[2]	πλησμονὴν	_	_
1.12	1343	[105]	,	b	_
1.12	1344	[1]	ἀδδηφάγοι	_	_
1.12	1345	[18]	γὰρ	_	_
1.12	1346	[3]	μᾶλλον	_	_
1.12	1347	[106]	,	b	_
1.12	1348	[3]	ἀλλὰ	_	_
1.12	1349	[61]	καὶ	_	_
1.12	1350	[1]	διότι	_	_
1.12	1351	[1]	μία	_	_
1.12	1352	[15]	τῆς	_	_
1.12	1353	[1]	γαστρὸς	_	_
1.12	1354	[1]	ἐνέργεια	_	_
1.12	1355	[1]	δυοῖν	_	_
1.12	1356	[1]	ἑτέραις	_	_
1.12	1357	[1]	ἐνεργείαις	_	_
1.12	1358	[3]	ἱκανῶς	_	_
1.12	1359	[1]	ἐξαρκεῖν	_	_
1.12	1360	[1]	ἀδύνατος	_	_
1.12	1361	[107]	,	b	_
1.12	1362	[1]	αὐξήσει	_	_
1.12	1363	[8]	τε	_	_
1.12	1364	[2]	ἅμα	_	_
1.12	1365	[62]	καὶ	_	_
1.12	1366	[1]	θρέψει	_	_
1.12	1367	[60]	.	b	_
1.12	1368	[1]	πρὶν	_	_
1.12	1369	[8]	οὖν	_	_
1.12	1370	[7]	ἀκριβῶς	_	_
1.12	1371	[11]	ἐν	_	_
1.12	1372	[2]	αὐτῇ	_	_
1.12	1373	[1]	πεφθῆναι	_	_
1.12	1374	[12]	τὴν	_	_
1.12	1375	[1]	τροφὴν	_	_
1.12	1376	[108]	,	b	_
1.12	1377	[1]	ἕλκει	_	_
1.12	1378	[45]	τὸ	_	_
1.12	1379	[1]	σῶμα	_	_
1.12	1380	[61]	.	b	_
1.12	1381	[1]	κᾀντεῦθεν	_	_
1.12	1382	[1]	πλεῖστον	_	_
1.12	1383	[5]	τὸν	_	_
1.12	1384	[3]	ὠμὸν	_	_
1.12	1385	[1]	ἀθροίζει	_	_
1.12	1386	[1]	χυμόν	_	_
1.12	1387	[62]	.	b	_
1.12	1388	[7]	διὰ	_	_
1.12	1389	[11]	τοῦτο	_	_
1.12	1390	[63]	καὶ	_	_
1.12	1391	[14]	τοῖς	_	_
1.12	1392	[1]	ἐξ	_	_
1.12	1393	[1]	ἀργίας	_	_
1.12	1394	[9]	τε	_	_
1.12	1395	[64]	καὶ	_	_
1.12	1396	[1]	πλησμονῆς	_	_
1.12	1397	[1]	πυρέττουσιν	_	_
1.12	1398	[109]	,	b	_
1.12	1399	[1]	ἢν	_	_
1.12	1400	[1]	σώζεσθαι	_	_
1.12	1401	[1]	μέλλουσι	_	_
1.12	1402	[110]	,	b	_
1.12	1403	[2]	ἐξ	_	_
1.12	1404	[1]	ἀνάγκης	_	_
1.12	1405	[2]	ὑφίσταται	_	_
1.12	1406	[2]	πλεῖστον	_	_
1.12	1407	[63]	.	b	_
1.12	1408	[1]	ἔμπαλιν	_	_
1.12	1409	[23]	δὲ	_	_
1.12	1410	[15]	τοῖς	_	_
1.12	1411	[3]	ἐξ	_	_
1.12	1412	[1]	ἐνδείας	_	_
1.12	1413	[65]	καὶ	_	_
1.12	1414	[1]	πόνου	_	_
1.12	1415	[2]	πυῤῥὰ	_	_
1.12	1416	[35]	μὲν	_	_
1.12	1417	[66]	καὶ	_	_
1.12	1418	[1]	χολώδη	_	_
1.12	1419	[4]	τὰ	_	_
1.12	1420	[4]	οὖρα	_	_
1.12	1421	[111]	,	b	_
1.12	1422	[1]	λύεται	_	_
1.12	1423	[19]	γὰρ	_	_
1.12	1424	[8]	ἡ	_	_
1.12	1425	[1]	νοῦσος	_	_
1.12	1426	[67]	καὶ	_	_
1.12	1427	[2]	πρὶν	_	_
1.12	1428	[1]	ὑποστῆναι	_	_
1.12	1429	[2]	πολλάκις	_	_
1.12	1430	[64]	.	b	_
1.12	1431	[1]	ἀρκεῖ	_	_
1.12	1432	[20]	γὰρ	_	_
1.12	1433	[4]	ἐπὶ	_	_
1.12	1434	[1]	τούτων	_	_
1.12	1435	[68]	καὶ	_	_
1.12	1436	[1]	νεφέλη	_	_
1.12	1437	[69]	καὶ	_	_
1.12	1438	[1]	ἐναιώρημα	_	_
1.12	1439	[1]	χρηστόν	_	_
1.12	1440	[65]	.	b	_
1.12	1441	[5]	τοιοῦτον	_	_
1.12	1442	[34]	δ	_	_
1.12	1443	[49]	’	b	_
1.12	1444	[3]	ἐστὶ	_	_
1.12	1445	[46]	τὸ	_	_
1.12	1446	[2]	λευκὸν	_	_
1.12	1447	[70]	καὶ	_	_
1.12	1448	[1]	λεῖον	_	_
1.12	1449	[71]	καὶ	_	_
1.12	1450	[1]	ὁμαλόν	_	_
1.12	1451	[66]	.	b	_
1.12	1452	[72]	καὶ	_	_
1.12	1453	[21]	γὰρ	_	_
1.12	1454	[9]	οὖν	_	_
1.12	1455	[2]	αὐτῶν	_	_
1.12	1456	[21]	τῶν	_	_
1.12	1457	[3]	ὑγιαινόντων	_	_
1.12	1458	[16]	τοῖς	_	_
1.12	1459	[1]	πονοῦσι	_	_
1.12	1460	[3]	πλέον	_	_
1.12	1461	[73]	καὶ	_	_
1.12	1462	[4]	ἧττον	_	_
1.12	1463	[1]	προσφερομένοις	_	_
1.12	1464	[1]	σιτία	_	_
1.12	1465	[1]	χολωδέστερα	_	_
1.12	1466	[5]	τὰ	_	_
1.12	1467	[5]	οὖρα	_	_
1.12	1468	[67]	.	b	_
1.12	1469	[1]	διόπερ	_	_
1.12	1470	[1]	οὐδὲ	_	_
1.12	1471	[2]	ἁπλῶς	_	_
1.12	1472	[3]	ὁ	_	_
1.12	1473	[1]	Ἱπποκράτης	_	_
1.12	1474	[1]	ἔψεξε	_	_
1.12	1475	[47]	τὸ	_	_
1.12	1476	[3]	πυῤῥὸν	_	_
1.12	1477	[112]	,	b	_
1.12	1478	[5]	ἀλλ	_	_
1.12	1479	[50]	’	b	_
1.12	1480	[2]	ὅταν	_	_
1.12	1481	[3]	ἅμα	_	_
1.12	1482	[11]	τῷ	_	_
1.12	1483	[6]	τοιοῦτον	_	_
1.12	1484	[4]	εἶναι	_	_
1.12	1485	[74]	καὶ	_	_
1.12	1486	[3]	λεπτὸν	_	_
1.12	1487	[1]	ὑπάρχῃ	_	_
1.12	1488	[68]	.	b	_
1.12	1489	[1]	λέγει	_	_
1.12	1490	[1]	γ	_	_
1.12	1491	[51]	’	b	_
1.12	1492	[10]	οὖν	_	_
1.12	1493	[1]	ᾧδε	_	_
1.12	1494	[5]	·	b	_
1.12	1495	[1]	ἔστ	_	_
1.12	1496	[52]	’	b	_
1.12	1497	[8]	ἂν	_	_
1.12	1498	[24]	δὲ	_	_
1.12	1499	[4]	πυῤῥὸν	_	_
1.12	1500	[5]	εἴη	_	_
1.12	1501	[48]	τὸ	_	_
1.12	1502	[2]	οὖρον	_	_
1.12	1503	[75]	καὶ	_	_
1.12	1504	[4]	λεπτὸν	_	_
1.12	1505	[113]	,	b	_
1.12	1506	[3]	ἄπεπτον	_	_
1.12	1507	[2]	σημαίνει	_	_
1.12	1508	[49]	τὸ	_	_
1.12	1509	[3]	νόσημα	_	_
1.12	1510	[5]	εἶναι	_	_
1.12	1511	[69]	.	b	_
1.12	1512	[1]	δῆλον	_	_
1.12	1513	[25]	δὲ	_	_
1.12	1514	[76]	καὶ	_	_
1.12	1515	[7]	ὡς	_	_
1.12	1516	[2]	οὐδὲ	_	_
1.12	1517	[1]	ὑφίσταταί	_	_
1.12	1518	[1]	τι	_	_
1.12	1519	[17]	τοῖς	_	_
1.12	1520	[1]	τοιούτοις	_	_
1.12	1521	[1]	οὔροις	_	_
1.12	1522	[70]	.	b	_
1.12	1523	[3]	οὐ	_	_
1.12	1524	[22]	γὰρ	_	_
1.12	1525	[2]	ἐγχωρεῖ	_	_
1.12	1526	[50]	τὸ	_	_
1.12	1527	[5]	λεπτὸν	_	_
1.12	1528	[4]	ἱκανῶς	_	_
1.12	1529	[114]	,	b	_
1.12	1530	[3]	οὐδὲ	_	_
1.12	1531	[8]	εἰ	_	_
1.12	1532	[1]	πάμπολυν	_	_
1.12	1533	[2]	χρόνον	_	_
1.12	1534	[1]	ἀτρεμοῦν	_	_
1.12	1535	[1]	ἀποκέοιτο	_	_
1.12	1536	[115]	,	b	_
1.12	1537	[1]	λαβεῖν	_	_
1.12	1538	[1]	τινα	_	_
1.12	1539	[1]	διάκρισιν	_	_
1.12	1540	[116]	,	b	_
1.12	1541	[2]	ὥστε	_	_
1.12	1542	[51]	τὸ	_	_
1.12	1543	[36]	μὲν	_	_
1.12	1544	[1]	ἐμφερόμενον	_	_
1.12	1545	[5]	αὐτῷ	_	_
1.12	1546	[2]	παχύτερον	_	_
1.12	1547	[2]	ὑποστῆναι	_	_
1.12	1548	[117]	,	b	_
1.12	1549	[52]	τὸ	_	_
1.12	1550	[2]	λεπτότερον	_	_
1.12	1551	[26]	δὲ	_	_
1.12	1552	[1]	ἐπιπολάσαι	_	_
1.12	1553	[71]	.	b	_
1.12	1554	[1]	μόνου	_	_
1.12	1555	[23]	γὰρ	_	_
1.12	1556	[16]	τοῦ	_	_
1.12	1557	[1]	παχύτητά	_	_
1.12	1558	[2]	τινα	_	_
1.12	1559	[2]	κεκτημένου	_	_
1.12	1560	[53]	τὸ	_	_
1.12	1561	[7]	τοιοῦτον	_	_
1.12	1562	[3]	πάθημα	_	_
1.12	1563	[72]	.	b	_
1.12	1564	[4]	οὐ	_	_
1.12	1565	[1]	μὴν	_	_
1.12	1566	[4]	οὐδὲ	_	_
1.12	1567	[9]	εἰ	_	_
1.12	1568	[2]	συμμέτρως	_	_
1.12	1569	[6]	εἴη	_	_
1.12	1570	[1]	παχὺ	_	_
1.12	1571	[118]	,	b	_
1.12	1572	[1]	καί	_	_
1.12	1573	[3]	τινα	_	_
1.12	1574	[1]	βραχεῖαν	_	_
1.12	1575	[4]	ὑπόστασιν	_	_
1.12	1576	[2]	ἔχον	_	_
1.12	1577	[119]	,	b	_
1.12	1578	[12]	τοῦτο	_	_
1.12	1579	[1]	πέπεπται	_	_
1.12	1580	[73]	.	b	_
1.12	1581	[10]	εἰ	_	_
1.12	1582	[24]	γὰρ	_	_
1.12	1583	[2]	ἤτοι	_	_
1.12	1584	[1]	κριμνώδεις	_	_
1.12	1585	[16]	ἢ	_	_
1.12	1586	[1]	πεταλώδεις	_	_
1.12	1587	[120]	,	b	_
1.12	1588	[17]	ἢ	_	_
1.12	1589	[1]	πιτυρώδεις	_	_
1.12	1590	[18]	ἢ	_	_
1.12	1591	[1]	μελαίνας	_	_
1.12	1592	[19]	ἢ	_	_
1.12	1593	[1]	χλωρὰς	_	_
1.12	1594	[20]	ἢ	_	_
1.12	1595	[1]	πελιδνὰς	_	_
1.12	1596	[21]	ἢ	_	_
1.12	1597	[1]	δυσώδεις	_	_
1.12	1598	[1]	ὑποστάσεις	_	_
1.12	1599	[1]	ἔχοι	_	_
1.12	1600	[121]	,	b	_
1.12	1601	[2]	πρὸς	_	_
1.12	1602	[12]	τῷ	_	_
1.12	1603	[77]	καὶ	_	_
1.12	1604	[1]	πᾶν	_	_
1.12	1605	[54]	τὸ	_	_
1.12	1606	[8]	τοιοῦτον	_	_
1.12	1607	[4]	ἄπεπτον	_	_
1.12	1608	[6]	εἶναι	_	_
1.12	1609	[78]	καὶ	_	_
1.12	1610	[2]	ἄλλως	_	_
1.12	1611	[3]	ὀλέθριον	_	_
1.12	1612	[2]	ὑπάρχει	_	_
1.12	1613	[74]	.	b	_
1.12	1614	[1]	αἱ	_	_
1.12	1615	[37]	μὲν	_	_
1.12	1616	[25]	γὰρ	_	_
1.12	1617	[2]	κριμνώδεις	_	_
1.12	1618	[2]	δυοῖν	_	_
1.12	1619	[1]	εἰσι	_	_
1.12	1620	[1]	διαθέσεων	_	_
1.12	1621	[1]	γνωρίσματα	_	_
1.12	1622	[122]	,	b	_
1.12	1623	[1]	συντήξεως	_	_
1.12	1624	[1]	ἁδρομεροῦς	_	_
1.12	1625	[79]	καὶ	_	_
1.12	1626	[1]	θερμασίας	_	_
1.12	1627	[1]	καυσώδους	_	_
1.12	1628	[123]	,	b	_
1.12	1629	[1]	ἐκφρυγούσης	_	_
1.12	1630	[55]	τὸ	_	_
1.12	1631	[4]	αἷμα	_	_
1.12	1632	[75]	.	b	_
1.12	1633	[2]	αἱ	_	_
1.12	1634	[27]	δὲ	_	_
1.12	1635	[2]	πεταλώδεις	_	_
1.12	1636	[3]	αὐτῶν	_	_
1.12	1637	[22]	τῶν	_	_
1.12	1638	[1]	ἀγγείων	_	_
1.12	1639	[1]	εἰσὶ	_	_
1.12	1640	[124]	,	b	_
1.12	1641	[6]	τὰ	_	_
1.12	1642	[1]	ἐπιπολῆς	_	_
1.12	1643	[1]	μόρια	_	_
1.12	1644	[125]	,	b	_
1.12	1645	[2]	πάντως	_	_
1.12	1646	[1]	δήπου	_	_
1.12	1647	[1]	ἀναλυομένων	_	_
1.12	1648	[10]	τε	_	_
1.12	1649	[80]	καὶ	_	_
1.12	1650	[1]	συντηκομένων	_	_
1.12	1651	[126]	,	b	_
1.12	1652	[1]	ὡσαύτως	_	_
1.12	1653	[28]	δὲ	_	_
1.12	1654	[81]	καὶ	_	_
1.12	1655	[3]	αἱ	_	_
1.12	1656	[2]	πιτυρώδεις	_	_
1.12	1657	[127]	,	b	_
1.12	1658	[1]	πλὴν	_	_
1.12	1659	[10]	ὅσον	_	_
1.12	1660	[1]	ἁδρόταται	_	_
1.12	1661	[38]	μὲν	_	_
1.12	1662	[1]	αὗται	_	_
1.12	1663	[82]	καὶ	_	_
1.12	1664	[1]	σμικρόταται	_	_
1.12	1665	[76]	.	b	_
1.12	1666	[1]	πλατύτεραι	_	_
1.12	1667	[29]	δὲ	_	_
1.12	1668	[83]	καὶ	_	_
1.12	1669	[1]	λεπτότεραι	_	_
1.12	1670	[2]	τούτων	_	_
1.12	1671	[4]	αἱ	_	_
1.12	1672	[3]	πεταλώδεις	_	_
1.12	1673	[128]	,	b	_
1.12	1674	[1]	μέλαιναι	_	_
1.12	1675	[35]	δ	_	_
1.12	1676	[53]	’	b	_
1.12	1677	[2]	ὑποστάσεις	_	_
1.12	1678	[22]	ἢ	_	_
1.12	1679	[1]	θερμασίαν	_	_
1.12	1680	[1]	ἄκρατον	_	_
1.12	1681	[84]	καὶ	_	_
1.12	1682	[1]	πυρώδη	_	_
1.12	1683	[1]	σημαίνουσιν	_	_
1.12	1684	[129]	,	b	_
1.12	1685	[23]	ἢ	_	_
1.12	1686	[1]	νέκρωσιν	_	_
1.12	1687	[5]	ἐκ	_	_
1.12	1688	[1]	καταψύξεως	_	_
1.12	1689	[2]	ἰσχυρᾶς	_	_
1.12	1690	[77]	.	b	_
1.12	1691	[1]	οὕτω	_	_
1.12	1692	[26]	γὰρ	_	_
1.12	1693	[5]	δὴ	_	_
1.12	1694	[3]	φαίνεται	_	_
1.12	1695	[85]	καὶ	_	_
1.12	1696	[1]	τἀκτὸς	_	_
1.12	1697	[1]	ἡμῶν	_	_
1.12	1698	[2]	μόρια	_	_
1.12	1699	[1]	μελαινόμενα	_	_
1.12	1700	[130]	,	b	_
1.12	1701	[7]	τὰ	_	_
1.12	1702	[39]	μὲν	_	_
1.12	1703	[1]	ὑπερθερμανθέντα	_	_
1.12	1704	[131]	,	b	_
1.12	1705	[1]	καθάπερ	_	_
1.12	1706	[18]	τοῖς	_	_
1.12	1707	[1]	εἱληθεροῦσι	_	_
1.12	1708	[132]	,	b	_
1.12	1709	[8]	τὰ	_	_
1.12	1710	[36]	δ	_	_
1.12	1711	[54]	’	b	_
1.12	1712	[2]	ἐσχάτως	_	_
1.12	1713	[1]	ψυχθέντα	_	_
1.12	1714	[133]	,	b	_
1.12	1715	[86]	καὶ	_	_
1.12	1716	[7]	οἷον	_	_
1.12	1717	[1]	νεκρωθέντα	_	_
1.12	1718	[134]	,	b	_
1.12	1719	[2]	καθάπερ	_	_
1.12	1720	[19]	τοῖς	_	_
1.12	1721	[11]	τε	_	_
1.12	1722	[1]	πρεσβυτέροις	_	_
1.12	1723	[87]	καὶ	_	_
1.12	1724	[20]	τοῖς	_	_
1.12	1725	[1]	ἄλλοις	_	_
1.12	1726	[1]	ὁπωσοῦν	_	_
1.12	1727	[1]	ἰσχυρῶς	_	_
1.12	1728	[1]	ψυχθεῖσι	_	_
1.12	1729	[78]	.	b	_
1.12	1730	[88]	καὶ	_	_
1.12	1731	[27]	γὰρ	_	_
1.12	1732	[11]	οὖν	_	_
1.12	1733	[89]	καὶ	_	_
1.12	1734	[4]	αὐτῶν	_	_
1.12	1735	[1]	ὅλων	_	_
1.12	1736	[23]	τῶν	_	_
1.12	1737	[7]	οὔρων	_	_
1.12	1738	[9]	ἡ	_	_
1.12	1739	[1]	μέλαινα	_	_
1.12	1740	[2]	χρόα	_	_
1.12	1741	[135]	,	b	_
1.12	1742	[90]	καὶ	_	_
1.12	1743	[1]	προσέτι	_	_
1.12	1744	[24]	τῶν	_	_
1.12	1745	[1]	ἐναιωρουμένων	_	_
1.12	1746	[1]	αὐτοῖς	_	_
1.12	1747	[136]	,	b	_
1.12	1748	[24]	ἢ	_	_
1.12	1749	[1]	ἐποχουμένων	_	_
1.12	1750	[1]	νεφελῶν	_	_
1.12	1751	[137]	,	b	_
1.12	1752	[9]	εἰς	_	_
1.12	1753	[3]	τὰς	_	_
1.12	1754	[1]	αὐτὰς	_	_
1.12	1755	[1]	αἰτίας	_	_
1.12	1756	[1]	ἀνάγεται	_	_
1.12	1757	[138]	,	b	_
1.12	1758	[2]	θερμασίαν	_	_
1.12	1759	[139]	,	b	_
1.12	1760	[25]	ἢ	_	_
1.12	1761	[2]	νέκρωσιν	_	_
1.12	1762	[6]	ἐκ	_	_
1.12	1763	[2]	καταψύξεως	_	_
1.12	1764	[3]	ἰσχυρᾶς	_	_
1.12	1765	[79]	.	b	_
1.12	1766	[2]	κάκιστον	_	_
1.12	1767	[40]	μὲν	_	_
1.12	1768	[6]	δὴ	_	_
1.12	1769	[1]	σύμπαν	_	_
1.12	1770	[56]	τὸ	_	_
1.12	1771	[3]	οὖρον	_	_
1.12	1772	[1]	μελανθὲν	_	_
1.12	1773	[140]	,	b	_
1.12	1774	[3]	ὥστε	_	_
1.12	1775	[1]	οὐδένα	_	_
1.12	1776	[1]	οἶδα	_	_
1.12	1777	[1]	σωθέντα	_	_
1.12	1778	[25]	τῶν	_	_
1.12	1779	[9]	τοιοῦτον	_	_
1.12	1780	[1]	οὐρησάντων	_	_
1.12	1781	[141]	,	b	_
1.12	1782	[5]	ἧττον	_	_
1.12	1783	[37]	δ	_	_
1.12	1784	[55]	’	b	_
1.12	1785	[4]	ὀλέθριον	_	_
1.12	1786	[10]	ἡ	_	_
1.12	1787	[1]	ὑπόστασις	_	_
1.12	1788	[3]	αὐτοῦ	_	_
1.12	1789	[1]	μόνη	_	_
1.12	1790	[1]	μελανθεῖσα	_	_
1.12	1791	[80]	.	b	_
1.12	1792	[1]	ταύτης	_	_
1.12	1793	[38]	δ	_	_
1.12	1794	[56]	’	b	_
1.12	1795	[3]	ἐστὶν	_	_
1.12	1796	[6]	ἧττον	_	_
1.12	1797	[2]	ἐναιώρημα	_	_
1.12	1798	[1]	μέλαν	_	_
1.12	1799	[142]	,	b	_
1.12	1800	[7]	ἔτι	_	_
1.12	1801	[39]	δ	_	_
1.12	1802	[57]	’	b	_
1.12	1803	[7]	ἧττον	_	_
1.12	1804	[11]	ἡ	_	_
1.12	1805	[2]	νεφέλη	_	_
1.12	1806	[81]	.	b	_
1.12	1807	[57]	τὸ	_	_
1.12	1808	[40]	δ	_	_
1.12	1809	[58]	’	b	_
1.12	1810	[2]	αὖ	_	_
1.12	1811	[1]	χλωρὸν	_	_
1.12	1812	[2]	χρῶμα	_	_
1.12	1813	[4]	κατὰ	_	_
1.12	1814	[13]	τὴν	_	_
1.12	1815	[5]	ἐπὶ	_	_
1.12	1816	[58]	τὸ	_	_
1.12	1817	[2]	μέλαν	_	_
1.12	1818	[1]	ὁδὸν	_	_
1.12	1819	[1]	γίνεται	_	_
1.12	1820	[143]	,	b	_
1.12	1821	[91]	καὶ	_	_
1.12	1822	[2]	ἔστιν	_	_
1.12	1823	[2]	ὥσπερ	_	_
1.12	1824	[8]	οἷον	_	_
1.12	1825	[1]	προοίμιον	_	_
1.12	1826	[17]	τοῦ	_	_
1.12	1827	[1]	μέλανος	_	_
1.12	1828	[82]	.	b	_
1.12	1829	[11]	εἰ	_	_
1.12	1830	[28]	γὰρ	_	_
1.12	1831	[1]	κακόηθες	_	_
1.12	1832	[7]	εἴη	_	_
1.12	1833	[59]	τὸ	_	_
1.12	1834	[4]	νόσημα	_	_
1.12	1835	[144]	,	b	_
1.12	1836	[92]	καὶ	_	_
1.12	1837	[21]	τοῖς	_	_
1.12	1838	[1]	ἐμέτοις	_	_
1.12	1839	[93]	καὶ	_	_
1.12	1840	[22]	τοῖς	_	_
1.12	1841	[1]	διαχωρήμασι	_	_
1.12	1842	[94]	καὶ	_	_
1.12	1843	[23]	τοῖς	_	_
1.12	1844	[2]	οὔροις	_	_
1.12	1845	[24]	τοῖς	_	_
1.12	1846	[1]	χλωροῖς	_	_
1.12	1847	[145]	,	b	_
1.12	1848	[3]	ἐφεξῆς	_	_
1.12	1849	[1]	ἐπιφαίνεται	_	_
1.12	1850	[9]	τὰ	_	_
1.12	1851	[1]	μέλανα	_	_
1.12	1852	[83]	.	b	_
1.12	1853	[1]	πελιδνὸν	_	_
1.12	1854	[30]	δὲ	_	_
1.12	1855	[3]	χρῶμα	_	_
1.12	1856	[2]	μόνης	_	_
1.12	1857	[1]	ψύξεως	_	_
1.12	1858	[2]	ἔκγονον	_	_
1.12	1859	[146]	,	b	_
1.12	1860	[12]	ἡ	_	_
1.12	1861	[41]	δ	_	_
1.12	1862	[59]	’	b	_
1.12	1863	[3]	αὖ	_	_
1.12	1864	[1]	δυσώδης	_	_
1.12	1865	[1]	ὀσμὴ	_	_
1.12	1866	[1]	σήψεως	_	_
1.12	1867	[1]	ἴδιον	_	_
1.12	1868	[84]	.	b	_
1.12	1869	[12]	εἰ	_	_
1.12	1870	[42]	δ	_	_
1.12	1871	[60]	’	b	_
1.12	1872	[9]	οἷον	_	_
1.12	1873	[1]	ἔλαιον	_	_
1.12	1874	[1]	οὐροῖτο	_	_
1.12	1875	[147]	,	b	_
1.12	1876	[2]	συντήξεως	_	_
1.12	1877	[3]	γνώρισμα	_	_
1.12	1878	[85]	.	b	_
1.12	1879	[10]	τὰ	_	_
1.12	1880	[41]	μὲν	_	_
1.12	1881	[7]	δὴ	_	_
1.12	1882	[2]	τοιαῦτα	_	_
1.12	1883	[26]	τῶν	_	_
1.12	1884	[8]	οὔρων	_	_
1.12	1885	[1]	μοχθηρά	_	_
1.12	1886	[6]	·	b	_
1.12	1887	[11]	τὰ	_	_
1.12	1888	[43]	δ	_	_
1.12	1889	[61]	’	b	_
1.12	1890	[1]	εὔχροά	_	_
1.12	1891	[12]	τε	_	_
1.12	1892	[4]	ἅμα	_	_
1.12	1893	[95]	καὶ	_	_
1.12	1894	[3]	ἤτοι	_	_
1.12	1895	[4]	τὰς	_	_
1.12	1896	[3]	ὑποστάσεις	_	_
1.12	1897	[3]	﻿	_	_
1.12	1898	[1]	λευκὰς	_	_
1.12	1899	[96]	καὶ	_	_
1.12	1900	[1]	λείας	_	_
1.12	1901	[97]	καὶ	_	_
1.12	1902	[1]	ὁμαλὰς	_	_
1.12	1903	[148]	,	b	_
1.12	1904	[26]	ἢ	_	_
1.12	1905	[1]	νεφέλας	_	_
1.12	1906	[1]	τινὰς	_	_
1.12	1907	[1]	ὁμοίως	_	_
1.12	1908	[149]	,	b	_
1.12	1909	[27]	ἢ	_	_
1.12	1910	[1]	ἐναιωρήματα	_	_
1.12	1911	[1]	ποιούμενα	_	_
1.12	1912	[150]	,	b	_
1.12	1913	[1]	πάντων	_	_
1.12	1914	[9]	οὔρων	_	_
1.12	1915	[4]	ἐστὶ	_	_
1.12	1916	[12]	τὰ	_	_
1.12	1917	[1]	χρηστότατα	_	_
1.12	1918	[151]	,	b	_
1.12	1919	[2]	μάλιστα	_	_
1.12	1920	[42]	μὲν	_	_
1.12	1921	[1]	ὧν	_	_
1.12	1922	[13]	ἡ	_	_
1.12	1923	[2]	ὑπόστασις	_	_
1.12	1924	[8]	εἴη	_	_
1.12	1925	[1]	τοιαύτη	_	_
1.12	1926	[152]	,	b	_
1.12	1927	[1]	δεύτερα	_	_
1.12	1928	[31]	δὲ	_	_
1.12	1929	[2]	ὧν	_	_
1.12	1930	[2]	ἐναιωρήματα	_	_
1.12	1931	[153]	,	b	_
1.12	1932	[1]	τρίτα	_	_
1.12	1933	[32]	δὲ	_	_
1.12	1934	[3]	ὧν	_	_
1.12	1935	[5]	αἱ	_	_
1.12	1936	[1]	νεφέλαι	_	_
1.12	1937	[86]	.	b	_
1.12	1938	[3]	ταῦτα	_	_
1.12	1939	[43]	μὲν	_	_
1.12	1940	[12]	οὖν	_	_
1.12	1941	[13]	τὰ	_	_
1.12	1942	[16]	τῆς	_	_
1.12	1943	[1]	πέψεώς	_	_
1.12	1944	[4]	ἐστι	_	_
1.12	1945	[2]	γνωρίσματα	_	_
1.12	1946	[154]	,	b	_
1.12	1947	[14]	τὰ	_	_
1.12	1948	[44]	δ	_	_
1.12	1949	[62]	’	b	_
1.12	1950	[1]	ἄλλα	_	_
1.12	1951	[1]	σύμπαντα	_	_
1.12	1952	[15]	τὰ	_	_
1.12	1953	[44]	μὲν	_	_
1.12	1954	[1]	ἀπεψίας	_	_
1.12	1955	[155]	,	b	_
1.12	1956	[16]	τὰ	_	_
1.12	1957	[45]	δ	_	_
1.12	1958	[63]	’	b	_
1.12	1959	[1]	ὀλέθρου	_	_
1.12	1960	[87]	.	b	_
1.12	1961	[60]	τὸ	_	_
1.12	1962	[45]	μὲν	_	_
1.12	1963	[29]	γὰρ	_	_
1.12	1964	[3]	λευκὸν	_	_
1.12	1965	[98]	καὶ	_	_
1.12	1966	[61]	τὸ	_	_
1.12	1967	[6]	λεπτὸν	_	_
1.12	1968	[99]	καὶ	_	_
1.12	1969	[62]	τὸ	_	_
1.12	1970	[3]	θολερὸν	_	_
1.12	1971	[2]	ἀπεψίας	_	_
1.12	1972	[156]	,	b	_
1.12	1973	[63]	τὸ	_	_
1.12	1974	[46]	δ	_	_
1.12	1975	[64]	’	b	_
1.12	1976	[4]	αὖ	_	_
1.12	1977	[1]	κριμνῶδες	_	_
1.12	1978	[100]	καὶ	_	_
1.12	1979	[64]	τὸ	_	_
1.12	1980	[1]	πεταλῶδες	_	_
1.12	1981	[101]	καὶ	_	_
1.12	1982	[65]	τὸ	_	_
1.12	1983	[1]	πιτυρῶδες	_	_
1.12	1984	[102]	καὶ	_	_
1.12	1985	[66]	τὸ	_	_
1.12	1986	[3]	μέλαν	_	_
1.12	1987	[103]	καὶ	_	_
1.12	1988	[67]	τὸ	_	_
1.12	1989	[2]	χλωρὸν	_	_
1.12	1990	[104]	καὶ	_	_
1.12	1991	[68]	τὸ	_	_
1.12	1992	[2]	πελιδνὸν	_	_
1.12	1993	[105]	καὶ	_	_
1.12	1994	[69]	τὸ	_	_
1.12	1995	[1]	ἐλαιῶδες	_	_
1.12	1996	[106]	καὶ	_	_
1.12	1997	[70]	τὸ	_	_
1.12	1998	[1]	δυσῶδες	_	_
1.12	1999	[2]	ὀλέθρου	_	_
1.12	2000	[157]	,	b	_
1.12	2001	[71]	τὸ	_	_
1.12	2002	[47]	δ	_	_
1.12	2003	[65]	’	b	_
1.12	2004	[3]	ὑπόπυῤῥόν	_	_
1.12	2005	[13]	τε	_	_
1.12	2006	[107]	καὶ	_	_
1.12	2007	[4]	ὑπόξανθον	_	_
1.12	2008	[8]	ἔτι	_	_
1.12	2009	[108]	καὶ	_	_
1.12	2010	[7]	λεπτὸν	_	_
1.12	2011	[158]	,	b	_
1.12	2012	[1]	ᾗ	_	_
1.12	2013	[46]	μὲν	_	_
1.12	2014	[8]	λεπτὸν	_	_
1.12	2015	[159]	,	b	_
1.12	2016	[5]	ἄπεπτον	_	_
1.12	2017	[160]	,	b	_
1.12	2018	[2]	ᾗ	_	_
1.12	2019	[33]	δὲ	_	_
1.12	2020	[3]	τῇ	_	_
1.12	2021	[1]	χρόᾳ	_	_
1.12	2022	[10]	τοιοῦτον	_	_
1.12	2023	[161]	,	b	_
1.12	2024	[5]	ἤδη	_	_
1.12	2025	[2]	πέπεπται	_	_
1.12	2026	[88]	.	b	_
1.12	2027	[2]	μέσον	_	_
1.12	2028	[48]	δ	_	_
1.12	2029	[66]	’	b	_
1.12	2030	[5]	ἐστὶ	_	_
1.12	2031	[27]	τῶν	_	_
1.12	2032	[8]	ἀκριβῶς	_	_
1.12	2033	[2]	ἀπέπτων	_	_
1.12	2034	[14]	τε	_	_
1.12	2035	[109]	καὶ	_	_
1.12	2036	[1]	πεπεμμένων	_	_
1.12	2037	[162]	,	b	_
1.12	2038	[3]	ὥσπερ	_	_
1.12	2039	[8]	δὴ	_	_
1.12	2040	[110]	καὶ	_	_
1.12	2041	[2]	οἷς	_	_
1.12	2042	[1]	λευκὰ	_	_
1.12	2043	[47]	μὲν	_	_
1.12	2044	[3]	ἐναιωρήματα	_	_
1.12	2045	[111]	καὶ	_	_
1.12	2046	[1]	λεῖα	_	_
1.12	2047	[163]	,	b	_
1.12	2048	[1]	διεσπασμένα	_	_
1.12	2049	[34]	δὲ	_	_
1.12	2050	[112]	καὶ	_	_
1.12	2051	[2]	μὴ	_	_
1.12	2052	[1]	συνεχῆ	_	_
1.12	2053	[89]	.	b	_
1.12	2054	[13]	τοῦτο	_	_
1.12	2055	[48]	μὲν	_	_
1.12	2056	[1]	δεῖ	_	_
1.12	2057	[2]	κᾀν	_	_
1.12	2058	[1]	ταῖς	_	_
1.12	2059	[1]	ὑποστάσεσι	_	_
1.12	2060	[1]	θεωρεῖν	_	_
1.12	2061	[164]	,	b	_
1.12	2062	[13]	εἰ	_	_
1.12	2063	[3]	μὴ	_	_
1.12	2064	[1]	λευκαὶ	_	_
1.12	2065	[113]	καὶ	_	_
1.12	2066	[1]	λεῖαι	_	_
1.12	2067	[2]	μόνον	_	_
1.12	2068	[165]	,	b	_
1.12	2069	[4]	ἀλλὰ	_	_
1.12	2070	[114]	καὶ	_	_
1.12	2071	[14]	εἰ	_	_
1.12	2072	[1]	παντοίως	_	_
1.12	2073	[1]	ὁμαλαὶ	_	_
1.12	2074	[166]	,	b	_
1.12	2075	[13]	τῷ	_	_
1.12	2076	[15]	τε	_	_
1.12	2077	[4]	μὴ	_	_
1.12	2078	[1]	διεσπάσθαι	_	_
1.12	2079	[1]	κατά	_	_
1.12	2080	[2]	τι	_	_
1.12	2081	[115]	καὶ	_	_
1.12	2082	[14]	τῷ	_	_
1.12	2083	[8]	διὰ	_	_
1.12	2084	[2]	παντὸς	_	_
1.12	2085	[2]	γίνεσθαι	_	_
1.12	2086	[18]	τοῦ	_	_
1.12	2087	[2]	χρόνου	_	_
1.12	2088	[1]	τοιαῦται	_	_
1.12	2089	[90]	.	b	_
1.12	2090	[15]	εἰ	_	_
1.12	2091	[30]	γὰρ	_	_
1.12	2092	[1]	ἐναλλὰξ	_	_
1.12	2093	[2]	οὐροῖτο	_	_
1.12	2094	[2]	καθαρὰ	_	_
1.12	2095	[25]	τοῖς	_	_
1.12	2096	[1]	ὑφισταμένοις	_	_
1.12	2097	[167]	,	b	_
1.12	2098	[1]	ἡμιπέπτου	_	_
1.12	2099	[1]	νοσήματος	_	_
1.12	2100	[3]	γνωρίσματα	_	_
1.12	2101	[91]	.	b	_
1.12	2102	[1]	περί	_	_
1.12	2103	[16]	τε	_	_
1.12	2104	[13]	οὖν	_	_
1.12	2105	[3]	τούτων	_	_
1.12	2106	[2]	ἁπάντων	_	_
1.12	2107	[4]	ὁ	_	_
1.12	2108	[1]	θαυμάσιος	_	_
1.12	2109	[2]	Ἱπποκράτης	_	_
1.12	2110	[2]	πρῶτος	_	_
1.12	2111	[4]	ὧν	_	_
1.12	2112	[1]	ἴσμεν	_	_
1.12	2113	[1]	ἀπεφήνατο	_	_
1.12	2114	[2]	κάλλιστα	_	_
1.12	2115	[168]	,	b	_
1.12	2116	[116]	καὶ	_	_
1.12	2117	[8]	ὡς	_	_
1.12	2118	[26]	τοῖς	_	_
1.12	2119	[49]	μὲν	_	_
1.12	2120	[1]	ἀνδράσι	_	_
1.12	2121	[117]	καὶ	_	_
1.12	2122	[2]	ταῖς	_	_
1.12	2123	[1]	γυναιξὶ	_	_
1.12	2124	[17]	τὰ	_	_
1.12	2125	[2]	μέλανα	_	_
1.12	2126	[28]	τῶν	_	_
1.12	2127	[10]	οὔρων	_	_
1.12	2128	[9]	εἴη	_	_
1.12	2129	[1]	κάκιστα	_	_
1.12	2130	[169]	,	b	_
1.12	2131	[27]	τοῖς	_	_
1.12	2132	[49]	δ	_	_
1.12	2133	[67]	’	b	_
1.12	2134	[5]	αὖ	_	_
1.12	2135	[3]	παιδίοις	_	_
1.12	2136	[18]	τὰ	_	_
1.12	2137	[1]	ὑδατώδεα	_	_
1.12	2138	[92]	.	b	_
1.12	2139	[28]	τοῖς	_	_
1.12	2140	[50]	μὲν	_	_
1.12	2141	[31]	γὰρ	_	_
1.12	2142	[4]	παιδίοις	_	_
1.12	2143	[1]	συνηθέστερα	_	_
1.12	2144	[19]	τὰ	_	_
1.12	2145	[1]	παχύτερα	_	_
1.12	2146	[170]	,	b	_
1.12	2147	[29]	τοῖς	_	_
1.12	2148	[50]	δ	_	_
1.12	2149	[68]	’	b	_
1.12	2150	[6]	αὖ	_	_
1.12	2151	[1]	τελείοις	_	_
1.12	2152	[20]	τὰ	_	_
1.12	2153	[1]	πυῤῥότερα	_	_
1.12	2154	[93]	.	b	_
1.12	2155	[72]	τὸ	_	_
1.12	2156	[51]	δ	_	_
1.12	2157	[69]	’	b	_
1.12	2158	[1]	ἐναντίον	_	_
1.12	2159	[4]	ἀεὶ	_	_
1.12	2160	[30]	τοῖς	_	_
1.12	2161	[1]	οἰκείοις	_	_
1.12	2162	[5]	ὀλέθριον	_	_
1.12	2163	[94]	.	b	_
1.12	2164	[5]	ἀλλὰ	_	_
1.12	2165	[118]	καὶ	_	_
1.12	2166	[5]	περὶ	_	_
1.12	2167	[29]	τῶν	_	_
1.12	2168	[1]	ὑπερύθρων	_	_
1.12	2169	[11]	οὔρων	_	_
1.12	2170	[171]	,	b	_
1.12	2171	[4]	εὐθὺς	_	_
1.12	2172	[35]	δὲ	_	_
1.12	2173	[119]	καὶ	_	_
1.12	2174	[14]	τὴν	_	_
1.12	2175	[5]	ὑπόστασιν	_	_
1.12	2176	[1]	ὑπέρυθρόν	_	_
1.12	2177	[17]	τε	_	_
1.12	2178	[120]	καὶ	_	_
1.12	2179	[3]	λείαν	_	_
1.12	2180	[2]	ἐχόντων	_	_
1.12	2181	[172]	,	b	_
1.12	2182	[1]	ὀρθῶς	_	_
1.12	2183	[1]	εἶπεν	_	_
1.12	2184	[9]	ὡς	_	_
1.12	2185	[1]	σωτήρια	_	_
1.12	2186	[51]	μὲν	_	_
1.12	2187	[5]	ἱκανῶς	_	_
1.12	2188	[5]	ἐστι	_	_
1.12	2189	[173]	,	b	_
1.12	2190	[1]	χρονιώτερα	_	_
1.12	2191	[36]	δὲ	_	_
1.12	2192	[30]	τῶν	_	_
1.12	2193	[1]	ἀρτίως	_	_
1.12	2194	[1]	ὀνομασθέντων	_	_
1.12	2195	[1]	ἡμιπέπτων	_	_
1.12	2196	[95]	.	b	_
1.12	2197	[6]	αἵματος	_	_
1.12	2198	[32]	γὰρ	_	_
1.12	2199	[1]	ὀῤῥὸς	_	_
1.12	2200	[1]	ἐπιχρώζει	_	_
1.12	2201	[21]	τὰ	_	_
1.12	2202	[3]	τοιαῦτα	_	_
1.12	2203	[96]	.	b	_
1.12	2204	[3]	χρὴ	_	_
1.12	2205	[37]	δὲ	_	_
1.12	2206	[5]	οὐ	_	_
1.12	2207	[14]	τοῦτο	_	_
1.12	2208	[3]	μόνον	_	_
1.12	2209	[174]	,	b	_
1.12	2210	[6]	ἀλλὰ	_	_
1.12	2211	[121]	καὶ	_	_
1.12	2212	[17]	τῆς	_	_
1.12	2213	[3]	πυῤῥᾶς	_	_
1.12	2214	[3]	τι	_	_
1.12	2215	[1]	μεμίχθαι	_	_
1.12	2216	[5]	χολῆς	_	_
1.12	2217	[97]	.	b	_
1.12	2218	[16]	εἰ	_	_
1.12	2219	[52]	δ	_	_
1.12	2220	[70]	’	b	_
1.12	2221	[4]	οὕτως	_	_
1.12	2222	[6]	ἐστὶ	_	_
1.12	2223	[122]	καὶ	_	_
1.12	2224	[73]	τὸ	_	_
1.12	2225	[5]	κατὰ	_	_
1.12	2226	[5]	φύσιν	_	_
1.12	2227	[1]	ἀσθενὲς	_	_
1.12	2228	[1]	θερμὸν	_	_
1.12	2229	[175]	,	b	_
1.12	2230	[10]	ὡς	_	_
1.12	2231	[1]	μήτε	_	_
1.12	2232	[15]	τὴν	_	_
1.12	2233	[2]	ξανθὴν	_	_
1.12	2234	[2]	χολὴν	_	_
1.12	2235	[1]	γεννᾷν	_	_
1.12	2236	[6]	ἤδη	_	_
1.12	2237	[176]	,	b	_
1.12	2238	[1]	μήθ	_	_
1.12	2239	[71]	’	b	_
1.12	2240	[5]	αἷμα	_	_
1.12	2241	[2]	πεττόμενον	_	_
1.12	2242	[9]	ἀκριβῶς	_	_
1.12	2243	[177]	,	b	_
1.12	2244	[6]	ἀλλ	_	_
1.12	2245	[72]	’	b	_
1.12	2246	[1]	ἔτ	_	_
1.12	2247	[73]	’	b	_
1.12	2248	[1]	ὀῤῥῶδές	_	_
1.12	2249	[18]	τε	_	_
1.12	2250	[123]	καὶ	_	_
1.12	2251	[1]	ὑγρὸν	_	_
1.12	2252	[178]	,	b	_
1.12	2253	[3]	ὅτι	_	_
1.12	2254	[52]	μὲν	_	_
1.12	2255	[10]	εἰς	_	_
1.12	2256	[3]	πέψιν	_	_
1.12	2257	[4]	αὐτοῦ	_	_
1.12	2258	[3]	χρόνου	_	_
1.12	2259	[2]	δεῖ	_	_
1.12	2260	[1]	πρόδηλον	_	_
1.12	2261	[179]	,	b	_
1.12	2262	[4]	ὅτι	_	_
1.12	2263	[53]	δ	_	_
1.12	2264	[74]	’	b	_
1.12	2265	[1]	ἀκίνδυνος	_	_
1.12	2266	[14]	ἡ	_	_
1.12	2267	[2]	διάθεσις	_	_
1.12	2268	[15]	ἡ	_	_
1.12	2269	[18]	τῆς	_	_
1.12	2270	[1]	ὕλης	_	_
1.12	2271	[2]	ἐνδείκνυται	_	_
1.12	2272	[1]	φύσις	_	_
1.12	2273	[180]	,	b	_
1.12	2274	[2]	οὔτε	_	_
1.12	2275	[1]	λεπτὴ	_	_
1.12	2276	[124]	καὶ	_	_
1.12	2277	[1]	ὑδατώδης	_	_
1.12	2278	[181]	,	b	_
1.12	2279	[3]	οὔτε	_	_
1.12	2280	[2]	μὴν	_	_
1.12	2281	[1]	παχεῖα	_	_
1.12	2282	[1]	τελέως	_	_
1.12	2283	[182]	,	b	_
1.12	2284	[7]	ἀλλ	_	_
1.12	2285	[75]	’	b	_
1.12	2286	[4]	οὔτε	_	_
1.12	2287	[1]	δριμεῖά	_	_
1.12	2288	[5]	τις	_	_
1.12	2289	[183]	,	b	_
1.12	2290	[28]	ἢ	_	_
1.12	2291	[1]	σεσηπυῖα	_	_
1.12	2292	[184]	,	b	_
1.12	2293	[1]	χρηστὴ	_	_
1.12	2294	[54]	δ	_	_
1.12	2295	[76]	’	b	_
1.12	2296	[1]	οὖσα	_	_
1.12	2297	[185]	,	b	_
1.12	2298	[125]	καὶ	_	_
1.12	2299	[19]	τῆς	_	_
1.12	2300	[19]	τοῦ	_	_
1.12	2301	[7]	αἵματος	_	_
1.12	2302	[1]	ἰδέας	_	_
1.12	2303	[2]	ἐγγύς	_	_
1.12	2304	[98]	.	b	_
1.13	1	[1]	Ἀλλ	_	_
1.13	2	[1]	’	b	_
1.13	3	[1]	ἐπεὶ	_	_
1.13	4	[1]	καὶ	_	_
1.13	5	[1]	περὶ	_	_
1.13	6	[1]	τῶν	_	_
1.13	7	[1]	οὔρων	_	_
1.13	8	[1]	ὅσον	_	_
1.13	9	[1]	εἰς	_	_
1.13	10	[1]	τὰ	_	_
1.13	11	[1]	παρόντα	_	_
1.13	12	[1]	χρήσιμον	_	_
1.13	13	[1]	εἴρηται	_	_
1.13	14	[1]	πᾶν	_	_
1.13	15	[1]	,	b	_
1.13	16	[1]	ἐφεξῆς	_	_
1.13	17	[1]	ἂν	_	_
1.13	18	[1]	εἴη	_	_
1.13	19	[1]	λέγειν	_	_
1.13	20	[1]	ὅπερ	_	_
1.13	21	[1]	ὑπεσχόμεθα	_	_
1.13	22	[1]	πρόγνωσιν	_	_
1.13	23	[1]	ἀκμῆς	_	_
1.13	24	[2]	,	b	_
1.13	25	[2]	καὶ	_	_
1.13	26	[2]	τῶν	_	_
1.13	27	[1]	ἄλλων	_	_
1.13	28	[1]	τῆς	_	_
1.13	29	[1]	νόσου	_	_
1.13	30	[1]	καιρῶν	_	_
1.13	31	[1]	.	b	_
1.13	32	[1]	εἰ	_	_
1.13	33	[1]	μὲν	_	_
1.13	34	[1]	δὴ	_	_
1.13	35	[1]	τοιοῦτόν	_	_
1.13	36	[1]	τι	_	_
1.13	37	[1]	σημεῖον	_	_
1.13	38	[1]	ἓν	_	_
1.13	39	[3]	,	b	_
1.13	40	[1]	ἢ	_	_
1.13	41	[3]	καὶ	_	_
1.13	42	[1]	πλειόνων	_	_
1.13	43	[1]	σημείων	_	_
1.13	44	[1]	ἄθροισμα	_	_
1.13	45	[1]	εἴχομεν	_	_
1.13	46	[3]	τῶν	_	_
1.13	47	[1]	μελλόντων	_	_
1.13	48	[1]	ἔσεσθαι	_	_
1.13	49	[1]	βεβαίως	_	_
1.13	50	[1]	δηλωτικὸν	_	_
1.13	51	[4]	,	b	_
1.13	52	[1]	οὔτ	_	_
1.13	53	[2]	’	b	_
1.13	54	[2]	ἂν	_	_
1.13	55	[1]	αὐτὸς	_	_
1.13	56	[1]	ὁ	_	_
1.13	57	[1]	Ἱπποκράτης	_	_
1.13	58	[1]	εἴρηκε	_	_
1.13	59	[1]	μακρὰν	_	_
1.13	60	[1]	τὴν	_	_
1.13	61	[1]	τέχνην	_	_
1.13	62	[5]	,	b	_
1.13	63	[1]	οὔτε	_	_
1.13	64	[3]	ἂν	_	_
1.13	65	[1]	οἱ	_	_
1.13	66	[1]	νῦν	_	_
1.13	67	[1]	ἐθαύμαζον	_	_
1.13	68	[6]	,	b	_
1.13	69	[2]	εἰ	_	_
1.13	70	[1]	δυνατόν	_	_
1.13	71	[1]	ἐστιν	_	_
1.13	72	[2]	εἰς	_	_
1.13	73	[2]	πρόγνωσιν	_	_
1.13	74	[1]	ἰατρικὴν	_	_
1.13	75	[2]	τὰ	_	_
1.13	76	[1]	τοιαῦτα	_	_
1.13	77	[1]	πάνθ	_	_
1.13	78	[3]	’	b	_
1.13	79	[1]	ἥκειν	_	_
1.13	80	[2]	.	b	_
1.13	81	[2]	ἐπεὶ	_	_
1.13	82	[1]	δ	_	_
1.13	83	[4]	’	b	_
1.13	84	[2]	οὔτε	_	_
1.13	85	[2]	σημεῖον	_	_
1.13	86	[1]	οὐδὲν	_	_
1.13	87	[1]	οὕτω	_	_
1.13	88	[1]	πιστὸν	_	_
1.13	89	[1]	ὡς	_	_
1.13	90	[1]	ἀκριβῶς	_	_
1.13	91	[1]	ἐνδείξασθαι	_	_
1.13	92	[1]	τὸν	_	_
1.13	93	[1]	μέλλοντα	_	_
1.13	94	[1]	χρόνον	_	_
1.13	95	[1]	ἑκάστου	_	_
1.13	96	[4]	τῶν	_	_
1.13	97	[2]	καιρῶν	_	_
1.13	98	[7]	,	b	_
1.13	99	[1]	ἀλλ	_	_
1.13	100	[5]	’	b	_
1.13	101	[1]	οὐδὲ	_	_
1.13	102	[1]	κατὰ	_	_
1.13	103	[1]	συνδρομάς	_	_
1.13	104	[1]	τινας	_	_
1.13	105	[1]	ἀλλήλοις	_	_
1.13	106	[1]	ἐπιπλεκόμενα	_	_
1.13	107	[3]	τὰ	_	_
1.13	108	[1]	σημεῖα	_	_
1.13	109	[1]	τῇ	_	_
1.13	110	[1]	πείρᾳ	_	_
1.13	111	[1]	μόνῃ	_	_
1.13	112	[1]	κριθῆναι	_	_
1.13	113	[1]	δύνανται	_	_
1.13	114	[8]	,	b	_
1.13	115	[1]	πάμπολλαι	_	_
1.13	116	[1]	γὰρ	_	_
1.13	117	[4]	ἂν	_	_
1.13	118	[1]	οὕτως	_	_
1.13	119	[1]	αἱ	_	_
1.13	120	[1]	συνδρομαὶ	_	_
1.13	121	[1]	γενήσονται	_	_
1.13	122	[1]	τὸ	_	_
1.13	123	[1]	πλῆθος	_	_
1.13	124	[2]	ὡς	_	_
1.13	125	[1]	μήτε	_	_
1.13	126	[1]	ἀριθμῆσαί	_	_
1.13	127	[1]	τινα	_	_
1.13	128	[1]	αὐτὰς	_	_
1.13	129	[9]	,	b	_
1.13	130	[2]	μήτε	_	_
1.13	131	[1]	τηρῆσαι	_	_
1.13	132	[10]	,	b	_
1.13	133	[3]	μήτε	_	_
1.13	134	[1]	μνημονεῦσαι	_	_
1.13	135	[1]	δύνασθαι	_	_
1.13	136	[11]	,	b	_
1.13	137	[1]	διὰ	_	_
1.13	138	[1]	τοῦτο	_	_
1.13	139	[1]	ἀναγκαῖον	_	_
1.13	140	[2]	ἑκάστου	_	_
1.13	141	[1]	σημείου	_	_
1.13	142	[2]	τὴν	_	_
1.13	143	[1]	φύσιν	_	_
1.13	144	[2]	ἀκριβῶς	_	_
1.13	145	[1]	ἐπισκέπτεσθαι	_	_
1.13	146	[1]	τῷ	_	_
1.13	147	[1]	μέλλοντι	_	_
1.13	148	[1]	προγνώσεσθαι	_	_
1.13	149	[3]	ἀκριβῶς	_	_
1.13	150	[12]	,	b	_
1.13	151	[1]	ἵν	_	_
1.13	152	[6]	’	b	_
1.13	153	[1]	ἐκ	_	_
1.13	154	[2]	τῆς	_	_
1.13	155	[1]	δυνάμεως	_	_
1.13	156	[3]	ἑκάστου	_	_
1.13	157	[3]	τὴν	_	_
1.13	158	[3]	πρόγνωσιν	_	_
1.13	159	[1]	ᾖ	_	_
1.13	160	[1]	ποιούμενος	_	_
1.13	161	[3]	.	b	_
1.13	162	[1]	οὐ	_	_
1.13	163	[2]	γὰρ	_	_
1.13	164	[2]	δὴ	_	_
1.13	165	[4]	τὰ	_	_
1.13	166	[1]	γε	_	_
1.13	167	[1]	πλείω	_	_
1.13	168	[1]	πάντως	_	_
1.13	169	[1]	ἰσχυρότερα	_	_
1.13	170	[5]	τῶν	_	_
1.13	171	[1]	ἐλαττόνων	_	_
1.13	172	[13]	,	b	_
1.13	173	[2]	ἓν	_	_
1.13	174	[3]	γὰρ	_	_
1.13	175	[1]	ἐνίοτε	_	_
1.13	176	[3]	σημεῖον	_	_
1.13	177	[1]	ἰσχυρὸν	_	_
1.13	178	[1]	πιστότερον	_	_
1.13	179	[1]	γίνεται	_	_
1.13	180	[1]	πολλῶν	_	_
1.13	181	[1]	ἀσθενῶν	_	_
1.13	182	[4]	.	b	_
1.13	183	[1]	ταῦτ	_	_
1.13	184	[7]	’	b	_
1.13	185	[1]	ἄρα	_	_
1.13	186	[4]	καὶ	_	_
1.13	187	[2]	ὁ	_	_
1.13	188	[1]	θαυμάσιος	_	_
1.13	189	[2]	Ἱπποκράτης	_	_
1.13	190	[1]	ἔλεγεν	_	_
1.13	191	[1]	ἐν	_	_
1.13	192	[2]	τῷ	_	_
1.13	193	[1]	προγνωστικῷ	_	_
1.13	194	[1]	·	b	_
1.13	195	[5]	τὰ	_	_
1.13	196	[2]	σημεῖα	_	_
1.13	197	[1]	δεῖν	_	_
1.13	198	[1]	ἐκμανθάνοντα	_	_
1.13	199	[1]	πάντα	_	_
1.13	200	[1]	κρίνειν	_	_
1.13	201	[1]	ἐκλογιζόμενον	_	_
1.13	202	[1]	τὰς	_	_
1.13	203	[1]	δυνάμεις	_	_
1.13	204	[1]	αὐτῶν	_	_
1.13	205	[1]	πρὸς	_	_
1.13	206	[1]	ἀλλήλας	_	_
1.13	207	[2]	·	b	_
1.13	208	[1]	ὥστ	_	_
1.13	209	[8]	’	b	_
1.13	210	[1]	εὐλόγως	_	_
1.13	211	[5]	καὶ	_	_
1.13	212	[4]	τὴν	_	_
1.13	213	[1]	διδασκαλίαν	_	_
1.13	214	[2]	αὐτῶν	_	_
1.13	215	[1]	ἐποίησε	_	_
1.13	216	[2]	κατὰ	_	_
1.13	217	[2]	τὰς	_	_
1.13	218	[2]	δυνάμεις	_	_
1.13	219	[14]	,	b	_
1.13	220	[1]	οὐχ	_	_
1.13	221	[1]	ἁπλῶς	_	_
1.13	222	[2]	ἐφεξῆς	_	_
1.13	223	[1]	ἀγαθὰ	_	_
1.13	224	[3]	σημεῖα	_	_
1.13	225	[1]	καταλέξας	_	_
1.13	226	[15]	,	b	_
1.13	227	[1]	εἶτ	_	_
1.13	228	[9]	’	b	_
1.13	229	[1]	αὖθις	_	_
1.13	230	[6]	τὰ	_	_
1.13	231	[1]	κακὰ	_	_
1.13	232	[16]	,	b	_
1.13	233	[1]	προσεπισημηνάμενος	_	_
1.13	234	[2]	δ	_	_
1.13	235	[10]	’	b	_
1.13	236	[2]	ἐν	_	_
1.13	237	[1]	τοῖς	_	_
1.13	238	[1]	ὀνόμασιν	_	_
1.13	239	[4]	ἑκάστου	_	_
1.13	240	[5]	τὴν	_	_
1.13	241	[2]	φύσιν	_	_
1.13	242	[17]	,	b	_
1.13	243	[1]	ὀλέθριόν	_	_
1.13	244	[1]	τε	_	_
1.13	245	[6]	καὶ	_	_
1.13	246	[1]	δεινὸν	_	_
1.13	247	[1]	ὀνομάζων	_	_
1.13	248	[7]	καὶ	_	_
1.13	249	[1]	δεινότερον	_	_
1.13	250	[8]	καὶ	_	_
1.13	251	[1]	δεινότατον	_	_
1.13	252	[9]	καὶ	_	_
1.13	253	[1]	ἧττον	_	_
1.13	254	[2]	δεινὸν	_	_
1.13	255	[18]	,	b	_
1.13	256	[2]	ἢ	_	_
1.13	257	[1]	μᾶλλον	_	_
1.13	258	[3]	δεινὸν	_	_
1.13	259	[19]	,	b	_
1.13	260	[2]	οὕτω	_	_
1.13	261	[1]	δὲ	_	_
1.13	262	[10]	καὶ	_	_
1.13	263	[1]	πονηρὸν	_	_
1.13	264	[11]	καὶ	_	_
1.13	265	[1]	πονηρότερον	_	_
1.13	266	[12]	καὶ	_	_
1.13	267	[1]	πονηρότατον	_	_
1.13	268	[13]	καὶ	_	_
1.13	269	[1]	θανατῶδές	_	_
1.13	270	[2]	γε	_	_
1.13	271	[1]	νὴ	_	_
1.13	272	[1]	Δία	_	_
1.13	273	[14]	καὶ	_	_
1.13	274	[1]	κακὸν	_	_
1.13	275	[2]	ἁπλῶς	_	_
1.13	276	[5]	.	b	_
1.13	277	[2]	ἐνίοτε	_	_
1.13	278	[2]	δὲ	_	_
1.13	279	[15]	καὶ	_	_
1.13	280	[2]	τὸ	_	_
1.13	281	[1]	κάρτα	_	_
1.13	282	[1]	προσγράφει	_	_
1.13	283	[1]	καθ	_	_
1.13	284	[11]	’	b	_
1.13	285	[1]	ἑκατέρων	_	_
1.13	286	[6]	τῶν	_	_
1.13	287	[2]	σημείων	_	_
1.13	288	[7]	τὰ	_	_
1.13	289	[1]	γένη	_	_
1.13	290	[20]	,	b	_
1.13	291	[1]	τά	_	_
1.13	292	[2]	τε	_	_
1.13	293	[2]	νῦν	_	_
1.13	294	[1]	εἰρημένα	_	_
1.13	295	[8]	τὰ	_	_
1.13	296	[1]	μοχθηρὰ	_	_
1.13	297	[16]	καὶ	_	_
1.13	298	[9]	τὰ	_	_
1.13	299	[1]	χρηστόν	_	_
1.13	300	[2]	τι	_	_
1.13	301	[1]	δηλοῦντα	_	_
1.13	302	[6]	.	b	_
1.13	303	[17]	καὶ	_	_
1.13	304	[4]	γὰρ	_	_
1.13	305	[1]	οὖν	_	_
1.13	306	[18]	καὶ	_	_
1.13	307	[1]	κατ	_	_
1.13	308	[12]	’	b	_
1.13	309	[1]	ἐκεῖνα	_	_
1.13	310	[3]	τὸ	_	_
1.13	311	[2]	μὲν	_	_
1.13	312	[1]	ἄριστον	_	_
1.13	313	[1]	λέγει	_	_
1.13	314	[21]	,	b	_
1.13	315	[4]	τὸ	_	_
1.13	316	[3]	δὲ	_	_
1.13	317	[1]	ἀγαθὸν	_	_
1.13	318	[3]	ἁπλῶς	_	_
1.13	319	[22]	,	b	_
1.13	320	[5]	τὸ	_	_
1.13	321	[4]	δὲ	_	_
1.13	322	[1]	μᾶλλόν	_	_
1.13	323	[3]	τε	_	_
1.13	324	[19]	καὶ	_	_
1.13	325	[2]	ἧττον	_	_
1.13	326	[7]	.	b	_
1.13	327	[1]	τοιοῦτον	_	_
1.13	328	[1]	δέ	_	_
1.13	329	[3]	τι	_	_
1.13	330	[20]	καὶ	_	_
1.13	331	[6]	τὸ	_	_
1.13	332	[2]	κάρτα	_	_
1.13	333	[23]	,	b	_
1.13	334	[1]	μεγάλην	_	_
1.13	335	[1]	ἔχειν	_	_
1.13	336	[1]	δύναμιν	_	_
1.13	337	[3]	εἰς	_	_
1.13	338	[1]	σωτηρίαν	_	_
1.13	339	[1]	φησίν	_	_
1.13	340	[8]	.	b	_
1.13	341	[3]	ἐνίοτε	_	_
1.13	342	[3]	δ	_	_
1.13	343	[13]	’	b	_
1.13	344	[2]	οὐδὲν	_	_
1.13	345	[1]	τούτων	_	_
1.13	346	[1]	προσθεὶς	_	_
1.13	347	[24]	,	b	_
1.13	348	[1]	ὅτι	_	_
1.13	349	[1]	χρόνου	_	_
1.13	350	[4]	σημεῖον	_	_
1.13	351	[1]	ἔσται	_	_
1.13	352	[25]	,	b	_
1.13	353	[21]	καὶ	_	_
1.13	354	[1]	μακρᾶς	_	_
1.13	355	[1]	λύσεως	_	_
1.13	356	[1]	ἐμνημόνευσεν	_	_
1.13	357	[26]	,	b	_
1.13	358	[1]	ἡμῖν	_	_
1.13	359	[27]	,	b	_
1.13	360	[3]	ὡς	_	_
1.13	361	[1]	οἶμαι	_	_
1.13	362	[28]	,	b	_
1.13	363	[1]	καταλιπὼν	_	_
1.13	364	[1]	λογίζεσθαι	_	_
1.13	365	[2]	περὶ	_	_
1.13	366	[7]	τῶν	_	_
1.13	367	[1]	τοιούτων	_	_
1.13	368	[1]	ἁπάντων	_	_
1.13	369	[29]	,	b	_
1.13	370	[4]	ὡς	_	_
1.13	371	[3]	οὔτε	_	_
1.13	372	[1]	πονηρὰ	_	_
1.13	373	[7]	τὸ	_	_
1.13	374	[1]	σύμπαν	_	_
1.13	375	[2]	οὔτ	_	_
1.13	376	[14]	’	b	_
1.13	377	[1]	ἀκίνδυνα	_	_
1.13	378	[1]	τελέως	_	_
1.13	379	[1]	ἐστὶν	_	_
1.13	380	[30]	,	b	_
1.13	381	[1]	ἀλλὰ	_	_
1.13	382	[1]	σὺν	_	_
1.13	383	[3]	μὲν	_	_
1.13	384	[1]	ἰσχυρᾷ	_	_
1.13	385	[2]	τῇ	_	_
1.13	386	[1]	δυνάμει	_	_
1.13	387	[1]	σωτήρια	_	_
1.13	388	[31]	,	b	_
1.13	389	[2]	σὺν	_	_
1.13	390	[1]	ἀσθενεῖ	_	_
1.13	391	[5]	δὲ	_	_
1.13	392	[1]	κινδυνώδη	_	_
1.13	393	[9]	.	b	_
1.13	394	[1]	ταῦτα	_	_
1.13	395	[1]	οὐκ	_	_
1.13	396	[1]	ἀναγνῶναι	_	_
1.13	397	[1]	χρὴ	_	_
1.13	398	[1]	μόνον	_	_
1.13	399	[2]	ἐκ	_	_
1.13	400	[8]	τῶν	_	_
1.13	401	[1]	Ἱπποκράτους	_	_
1.13	402	[1]	συγγραμμάτων	_	_
1.13	403	[32]	,	b	_
1.13	404	[2]	ἀλλὰ	_	_
1.13	405	[22]	καὶ	_	_
1.13	406	[2]	μνημονεῦσαι	_	_
1.13	407	[23]	καὶ	_	_
1.13	408	[1]	παραφυλάξαι	_	_
1.13	409	[1]	πολλάκις	_	_
1.13	410	[1]	ἐπὶ	_	_
1.13	411	[9]	τῶν	_	_
1.13	412	[1]	ἀσθενούντων	_	_
1.13	413	[33]	,	b	_
1.13	414	[2]	ἵν	_	_
1.13	415	[15]	’	b	_
1.13	416	[3]	ἐκ	_	_
1.13	417	[1]	τοῦ	_	_
1.13	418	[1]	συνεχῶς	_	_
1.13	419	[1]	ἑωρακέναι	_	_
1.13	420	[6]	τὴν	_	_
1.13	421	[1]	ἀκριβῆ	_	_
1.13	422	[3]	τῆς	_	_
1.13	423	[2]	δυνάμεως	_	_
1.13	424	[3]	αὐτῶν	_	_
1.13	425	[1]	ἔχωμεν	_	_
1.13	426	[1]	διάγνωσιν	_	_
1.13	427	[3]	·	b	_
1.13	428	[1]	ἀναπεμπάζεσθαι	_	_
1.13	429	[6]	δὲ	_	_
1.13	430	[2]	πρὸς	_	_
1.13	431	[1]	ἑαυτοὺς	_	_
1.13	432	[1]	ἀεὶ	_	_
1.13	433	[24]	καὶ	_	_
1.13	434	[1]	σκοπεῖν	_	_
1.13	435	[1]	τίνα	_	_
1.13	436	[4]	μὲν	_	_
1.13	437	[1]	ἄριστα	_	_
1.13	438	[4]	σημεῖα	_	_
1.13	439	[34]	,	b	_
1.13	440	[2]	τίνα	_	_
1.13	441	[2]	δέ	_	_
1.13	442	[1]	χείριστα	_	_
1.13	443	[35]	,	b	_
1.13	444	[3]	τίνα	_	_
1.13	445	[4]	δ	_	_
1.13	446	[16]	’	b	_
1.13	447	[3]	ἐν	_	_
1.13	448	[3]	τῷ	_	_
1.13	449	[1]	μεταξὺ	_	_
1.13	450	[2]	τούτων	_	_
1.13	451	[2]	ἐστὶν	_	_
1.13	452	[1]	οἷον	_	_
1.13	453	[1]	βαθμούς	_	_
1.13	454	[2]	τινας	_	_
1.13	455	[1]	ἔχοντα	_	_
1.13	456	[36]	,	b	_
1.13	457	[10]	τὰ	_	_
1.13	458	[5]	μὲν	_	_
1.13	459	[1]	ἐγγὺς	_	_
1.13	460	[2]	τοῖς	_	_
1.13	461	[1]	ἀρίστοις	_	_
1.13	462	[37]	,	b	_
1.13	463	[11]	τὰ	_	_
1.13	464	[5]	δ	_	_
1.13	465	[17]	’	b	_
1.13	466	[2]	ἐγγὺς	_	_
1.13	467	[3]	τοῖς	_	_
1.13	468	[1]	χειρίστοις	_	_
1.13	469	[38]	,	b	_
1.13	470	[25]	καὶ	_	_
1.13	471	[4]	τίνα	_	_
1.13	472	[6]	μὲν	_	_
1.13	473	[3]	ἧττον	_	_
1.13	474	[39]	,	b	_
1.13	475	[5]	τίνα	_	_
1.13	476	[7]	δὲ	_	_
1.13	477	[2]	μᾶλλον	_	_
1.13	478	[40]	,	b	_
1.13	479	[2]	ἐπὶ	_	_
1.13	480	[2]	τοῦ	_	_
1.13	481	[1]	ἐναλλὰξ	_	_
1.13	482	[1]	εὑρῆσθαι	_	_
1.13	483	[41]	,	b	_
1.13	484	[3]	ἐγγὺς	_	_
1.13	485	[26]	καὶ	_	_
1.13	486	[1]	πόῤῥω	_	_
1.13	487	[3]	τούτων	_	_
1.13	488	[1]	ἐστὶ	_	_
1.13	489	[42]	,	b	_
1.13	490	[6]	τίνα	_	_
1.13	491	[6]	δ	_	_
1.13	492	[18]	’	b	_
1.13	493	[4]	ἀκριβῶς	_	_
1.13	494	[1]	μέσα	_	_
1.13	495	[1]	θετέον	_	_
1.13	496	[3]	ἐστὶν	_	_
1.13	497	[1]	ἀγαθῶν	_	_
1.13	498	[4]	τε	_	_
1.13	499	[27]	καὶ	_	_
1.13	500	[1]	κακῶν	_	_
1.13	501	[3]	σημείων	_	_
1.13	502	[4]	·	b	_
1.13	503	[1]	ἔπειτ	_	_
1.13	504	[19]	’	b	_
1.13	505	[3]	ἐφεξῆς	_	_
1.13	506	[1]	σκοπεῖσθαι	_	_
1.13	507	[7]	τίνα	_	_
1.13	508	[7]	μὲν	_	_
1.13	509	[2]	ἀεὶ	_	_
1.13	510	[2]	κακὰ	_	_
1.13	511	[43]	,	b	_
1.13	512	[8]	τίνα	_	_
1.13	513	[8]	δὲ	_	_
1.13	514	[2]	διὰ	_	_
1.13	515	[1]	παντὸς	_	_
1.13	516	[2]	ἀγαθὰ	_	_
1.13	517	[44]	,	b	_
1.13	518	[9]	τίνα	_	_
1.13	519	[9]	δὲ	_	_
1.13	520	[4]	τοῖς	_	_
1.13	521	[1]	καιροῖς	_	_
1.13	522	[1]	ὑπαλλάττεται	_	_
1.13	523	[1]	ὅλης	_	_
1.13	524	[4]	τῆς	_	_
1.13	525	[2]	νόσου	_	_
1.13	526	[45]	,	b	_
1.13	527	[1]	ποτὲ	_	_
1.13	528	[8]	μὲν	_	_
1.13	529	[3]	ἀγαθὰ	_	_
1.13	530	[46]	,	b	_
1.13	531	[2]	ποτὲ	_	_
1.13	532	[10]	δὲ	_	_
1.13	533	[3]	κακὰ	_	_
1.13	534	[1]	﻿	_	_
1.13	535	[2]	τοιαῦτα	_	_
1.13	536	[1]	γινόμενα	_	_
1.13	537	[47]	,	b	_
1.13	538	[28]	καὶ	_	_
1.13	539	[3]	ποτὲ	_	_
1.13	540	[9]	μὲν	_	_
1.13	541	[1]	ἄπιστα	_	_
1.13	542	[48]	,	b	_
1.13	543	[4]	ποτὲ	_	_
1.13	544	[11]	δὲ	_	_
1.13	545	[1]	πιστά	_	_
1.13	546	[10]	.	b	_
1.13	547	[29]	καὶ	_	_
1.13	548	[5]	γὰρ	_	_
1.13	549	[2]	οὖν	_	_
1.13	550	[30]	καὶ	_	_
1.13	551	[2]	τοῦτο	_	_
1.13	552	[3]	πρὸς	_	_
1.13	553	[2]	Ἱπποκράτους	_	_
1.13	554	[2]	εἴρηται	_	_
1.13	555	[1]	θαυμαστῶς	_	_
1.13	556	[49]	,	b	_
1.13	557	[2]	ὅτι	_	_
1.13	558	[5]	τοῖς	_	_
1.13	559	[1]	μὴ	_	_
1.13	560	[3]	κατὰ	_	_
1.13	561	[1]	λόγον	_	_
1.13	562	[1]	κουφίζουσιν	_	_
1.13	563	[2]	οὐ	_	_
1.13	564	[1]	δεῖ	_	_
1.13	565	[1]	πιστεύειν	_	_
1.13	566	[50]	,	b	_
1.13	567	[2]	οὐδὲ	_	_
1.13	568	[1]	φοβεῖ	_	_
1.13	569	[1]	σθαι	_	_
1.13	570	[1]	λίην	_	_
1.13	571	[12]	τὰ	_	_
1.13	572	[2]	μοχθηρὰ	_	_
1.13	573	[2]	γινόμενα	_	_
1.13	574	[1]	παραλόγως	_	_
1.13	575	[11]	.	b	_
1.13	576	[2]	ὅπερ	_	_
1.13	577	[3]	εἰ	_	_
1.13	578	[2]	μὴ	_	_
1.13	579	[1]	γινώσκει	_	_
1.13	580	[1]	τις	_	_
1.13	581	[51]	,	b	_
1.13	582	[1]	οὐδ	_	_
1.13	583	[20]	’	b	_
1.13	584	[1]	οἷός	_	_
1.13	585	[1]	τ	_	_
1.13	586	[21]	’	b	_
1.13	587	[2]	ἔσται	_	_
1.13	588	[1]	προγνῶναι	_	_
1.13	589	[1]	σαφῶς	_	_
1.13	590	[12]	.	b	_
1.13	591	[2]	ἀλλ	_	_
1.13	592	[22]	’	b	_
1.13	593	[4]	ἐνίοτε	_	_
1.13	594	[10]	μὲν	_	_
1.13	595	[1]	ἐνεστηκυίας	_	_
1.13	596	[1]	ἤδη	_	_
1.13	597	[5]	τῆς	_	_
1.13	598	[1]	κρίσεως	_	_
1.13	599	[3]	οὐδὲν	_	_
1.13	600	[5]	ἂν	_	_
1.13	601	[1]	ἰδιώτου	_	_
1.13	602	[1]	φαίνοιτο	_	_
1.13	603	[1]	διαφέρων	_	_
1.13	604	[52]	,	b	_
1.13	605	[3]	ἀλλὰ	_	_
1.13	606	[1]	ταράττοιτό	_	_
1.13	607	[5]	τε	_	_
1.13	608	[1]	ἅμα	_	_
1.13	609	[31]	καὶ	_	_
1.13	610	[1]	φοβοῖτο	_	_
1.13	611	[3]	περὶ	_	_
1.13	612	[3]	τοῦ	_	_
1.13	613	[1]	μέλλοντος	_	_
1.13	614	[53]	,	b	_
1.13	615	[5]	ἐνίοτε	_	_
1.13	616	[7]	δ	_	_
1.13	617	[23]	’	b	_
1.13	618	[6]	ἂν	_	_
1.13	619	[1]	οἰηθεὶς	_	_
1.13	620	[1]	ἀπηλλάχθαι	_	_
1.13	621	[6]	τῆς	_	_
1.13	622	[3]	νόσου	_	_
1.13	623	[2]	τὸν	_	_
1.13	624	[1]	κάμνοντα	_	_
1.13	625	[54]	,	b	_
1.13	626	[1]	κᾄπειτα	_	_
1.13	627	[1]	συγχωρήσας	_	_
1.13	628	[1]	ἀδεῶς	_	_
1.13	629	[1]	διαιτᾶσθαι	_	_
1.13	630	[55]	,	b	_
1.13	631	[1]	μέγα	_	_
1.13	632	[4]	τι	_	_
1.13	633	[2]	κακὸν	_	_
1.13	634	[1]	ἐξειργάσατο	_	_
1.13	635	[13]	.	b	_
1.13	636	[1]	διαπαντὸς	_	_
1.13	637	[8]	δ	_	_
1.13	638	[24]	’	b	_
1.13	639	[7]	ἂν	_	_
1.13	640	[1]	κακῶς	_	_
1.13	641	[1]	διαιτῴη	_	_
1.13	642	[56]	,	b	_
1.13	643	[3]	μὴ	_	_
1.13	644	[1]	προγινώσκων	_	_
1.13	645	[7]	τὴν	_	_
1.13	646	[1]	ἐσομένην	_	_
1.13	647	[1]	ἀκμήν	_	_
1.13	648	[14]	.	b	_
1.13	649	[4]	εἰ	_	_
1.13	650	[4]	μὴ	_	_
1.13	651	[6]	γὰρ	_	_
1.13	652	[4]	πρὸς	_	_
1.13	653	[1]	ταύτην	_	_
1.13	654	[1]	ἀποβλέπων	_	_
1.13	655	[2]	τις	_	_
1.13	656	[1]	εὐθὺς	_	_
1.13	657	[1]	ἐξ	_	_
1.13	658	[1]	ἀρχῆς	_	_
1.13	659	[1]	καταστήσει	_	_
1.13	660	[3]	τὸν	_	_
1.13	661	[7]	τῆς	_	_
1.13	662	[1]	διαίτης	_	_
1.13	663	[1]	τρόπον	_	_
1.13	664	[57]	,	b	_
1.13	665	[2]	οὐκ	_	_
1.13	666	[1]	ἔστιν	_	_
1.13	667	[1]	ὅπως	_	_
1.13	668	[3]	οὐ	_	_
1.13	669	[2]	μέγα	_	_
1.13	670	[5]	τι	_	_
1.13	671	[3]	κακὸν	_	_
1.13	672	[1]	ἐξεργάσεται	_	_
1.13	673	[4]	τὸν	_	_
1.13	674	[2]	κάμνοντα	_	_
1.13	675	[15]	.	b	_
1.14	1	[1]	Ταῦτ	_	_
1.14	2	[1]	’	b	_
1.14	3	[1]	οὖν	_	_
1.14	4	[1]	ἤδη	_	_
1.14	5	[1]	λέγωμεν	_	_
1.14	6	[1]	ἡμεῖς	_	_
1.14	7	[1]	,	b	_
1.14	8	[1]	ὡς	_	_
1.14	9	[1]	προὐθέμεθα	_	_
1.14	10	[2]	,	b	_
1.14	11	[1]	διαλεγόμενοι	_	_
1.14	12	[1]	κατὰ	_	_
1.14	13	[1]	γένος	_	_
1.14	14	[1]	ἕκαστον	_	_
1.14	15	[1]	.	b	_
1.14	16	[1]	καὶ	_	_
1.14	17	[1]	πρῶτόν	_	_
1.14	18	[1]	γε	_	_
1.14	19	[1]	τῶν	_	_
1.14	20	[1]	σημείων	_	_
1.14	21	[1]	ἁπάντων	_	_
1.14	22	[3]	,	b	_
1.14	23	[2]	ὡς	_	_
1.14	24	[1]	ἔστι	_	_
1.14	25	[1]	τριττή	_	_
1.14	26	[1]	τις	_	_
1.14	27	[1]	διαφορὰ	_	_
1.14	28	[4]	,	b	_
1.14	29	[1]	διέλθωμεν	_	_
1.14	30	[5]	,	b	_
1.14	31	[1]	ἔπειτα	_	_
1.14	32	[1]	δ	_	_
1.14	33	[2]	’	b	_
1.14	34	[1]	ἑκάστου	_	_
1.14	35	[1]	τὰς	_	_
1.14	36	[1]	δυνάμεις	_	_
1.14	37	[1]	·	b	_
1.14	38	[1]	εἶθ	_	_
1.14	39	[3]	’	b	_
1.14	40	[3]	ὡς	_	_
1.14	41	[1]	ἄν	_	_
1.14	42	[2]	τις	_	_
1.14	43	[1]	μάλιστα	_	_
1.14	44	[1]	προγινώσκοι	_	_
1.14	45	[1]	τοὺς	_	_
1.14	46	[1]	καιροὺς	_	_
1.14	47	[2]	τῶν	_	_
1.14	48	[1]	νοσημάτων	_	_
1.14	49	[2]	.	b	_
1.14	50	[1]	ἡ	_	_
1.14	51	[1]	μὲν	_	_
1.14	52	[1]	δὴ	_	_
1.14	53	[1]	τριττὴ	_	_
1.14	54	[1]	φύσις	_	_
1.14	55	[2]	ἁπάντων	_	_
1.14	56	[3]	τῶν	_	_
1.14	57	[2]	σημείων	_	_
1.14	58	[1]	ὁποία	_	_
1.14	59	[1]	τίς	_	_
1.14	60	[1]	ἐστιν	_	_
1.14	61	[6]	,	b	_
1.14	62	[1]	εἴρηται	_	_
1.14	63	[2]	μὲν	_	_
1.14	64	[2]	καὶ	_	_
1.14	65	[1]	πρόσθεν	_	_
1.14	66	[7]	,	b	_
1.14	67	[1]	ἀλλ	_	_
1.14	68	[4]	’	b	_
1.14	69	[1]	οὐδὲν	_	_
1.14	70	[1]	χεῖρον	_	_
1.14	71	[1]	ἀναμνῆσαι	_	_
1.14	72	[3]	καὶ	_	_
1.14	73	[1]	νῦν	_	_
1.14	74	[8]	,	b	_
1.14	75	[4]	ὡς	_	_
1.14	76	[1]	τὰ	_	_
1.14	77	[3]	μὲν	_	_
1.14	78	[1]	πέψεώς	_	_
1.14	79	[1]	τε	_	_
1.14	80	[4]	καὶ	_	_
1.14	81	[1]	ἀπεψίας	_	_
1.14	82	[1]	ἐστὶ	_	_
1.14	83	[9]	,	b	_
1.14	84	[2]	τὰ	_	_
1.14	85	[2]	δ	_	_
1.14	86	[5]	’	b	_
1.14	87	[1]	ὀλέθρου	_	_
1.14	88	[5]	καὶ	_	_
1.14	89	[1]	σωτηρίας	_	_
1.14	90	[1]	ἐνδεικτικά	_	_
1.14	91	[3]	.	b	_
1.14	92	[1]	ταυτὶ	_	_
1.14	93	[4]	μὲν	_	_
1.14	94	[2]	οὖν	_	_
1.14	95	[3]	τὰ	_	_
1.14	96	[1]	δύο	_	_
1.14	97	[1]	γένη	_	_
1.14	98	[2]	·	b	_
1.14	99	[1]	τρίτον	_	_
1.14	100	[3]	δ	_	_
1.14	101	[6]	’	b	_
1.14	102	[1]	ἐπὶ	_	_
1.14	103	[1]	τούτοις	_	_
1.14	104	[1]	ἄλλο	_	_
1.14	105	[2]	γένος	_	_
1.14	106	[1]	ἀνακειμένων	_	_
1.14	107	[1]	ταῖς	_	_
1.14	108	[1]	κρίσεσι	_	_
1.14	109	[4]	τῶν	_	_
1.14	110	[3]	σημείων	_	_
1.14	111	[4]	.	b	_
1.14	112	[2]	ἀπεψίας	_	_
1.14	113	[5]	μὲν	_	_
1.14	114	[3]	οὖν	_	_
1.14	115	[6]	καὶ	_	_
1.14	116	[1]	πέψεως	_	_
1.14	117	[1]	γνωρίσματα	_	_
1.14	118	[1]	διαχωρήματά	_	_
1.14	119	[2]	τε	_	_
1.14	120	[7]	καὶ	_	_
1.14	121	[1]	πτύσματα	_	_
1.14	122	[8]	καὶ	_	_
1.14	123	[1]	οὖρα	_	_
1.14	124	[1]	τίθεσθαι	_	_
1.14	125	[1]	χρή	_	_
1.14	126	[3]	·	b	_
1.14	127	[4]	τὰ	_	_
1.14	128	[4]	δ	_	_
1.14	129	[7]	’	b	_
1.14	130	[2]	ὀλέθρου	_	_
1.14	131	[9]	καὶ	_	_
1.14	132	[2]	σωτηρίας	_	_
1.14	133	[1]	ἐνδεικτικὰ	_	_
1.14	134	[1]	σημεῖα	_	_
1.14	135	[1]	τά	_	_
1.14	136	[3]	τε	_	_
1.14	137	[1]	σὺν	_	_
1.14	138	[1]	αὐτοῖς	_	_
1.14	139	[2]	ἐστιν	_	_
1.14	140	[1]	ἐκκρινόμενα	_	_
1.14	141	[10]	καὶ	_	_
1.14	142	[5]	τὰ	_	_
1.14	143	[1]	καθ	_	_
1.14	144	[8]	’	b	_
1.14	145	[1]	ὅλον	_	_
1.14	146	[1]	τὸ	_	_
1.14	147	[1]	σῶμα	_	_
1.14	148	[1]	φαινόμενα	_	_
1.14	149	[4]	·	b	_
1.14	150	[1]	περὶ	_	_
1.14	151	[1]	ὧν	_	_
1.14	152	[2]	ἐπὶ	_	_
1.14	153	[1]	πλεῖστον	_	_
1.14	154	[1]	ἐν	_	_
1.14	155	[1]	τῷ	_	_
1.14	156	[1]	προγνωστικῷ	_	_
1.14	157	[1]	διῆλθεν	_	_
1.14	158	[1]	ὁ	_	_
1.14	159	[1]	Ἱπποκράτης	_	_
1.14	160	[5]	.	b	_
1.14	161	[1]	εἴς	_	_
1.14	162	[2]	γε	_	_
1.14	163	[1]	μὴν	_	_
1.14	164	[2]	τὰς	_	_
1.14	165	[1]	κρίσεις	_	_
1.14	166	[1]	συνεισφέρει	_	_
1.14	167	[6]	μὲν	_	_
1.14	168	[1]	τινὰ	_	_
1.14	169	[11]	καὶ	_	_
1.14	170	[1]	τούτων	_	_
1.14	171	[10]	,	b	_
1.14	172	[1]	οὐ	_	_
1.14	173	[2]	μὴν	_	_
1.14	174	[2]	ἀλλ	_	_
1.14	175	[9]	’	b	_
1.14	176	[1]	ἴδιόν	_	_
1.14	177	[1]	τι	_	_
1.14	178	[3]	γένος	_	_
1.14	179	[1]	αὐτῶν	_	_
1.14	180	[3]	ἐστιν	_	_
1.14	181	[1]	ἐξαίρετον	_	_
1.14	182	[11]	,	b	_
1.14	183	[1]	ὃ	_	_
1.14	184	[1]	μικρὸν	_	_
1.14	185	[1]	ὕστερον	_	_
1.14	186	[1]	ἅπαν	_	_
1.14	187	[1]	εἰρήσεται	_	_
1.14	188	[6]	.	b	_
1.14	189	[6]	τὰ	_	_
1.14	190	[7]	μὲν	_	_
1.14	191	[2]	δὴ	_	_
1.14	192	[1]	τῆς	_	_
1.14	193	[3]	ἀπεψίας	_	_
1.14	194	[4]	τε	_	_
1.14	195	[12]	καὶ	_	_
1.14	196	[2]	πέψεως	_	_
1.14	197	[2]	σημεῖα	_	_
1.14	198	[1]	βεβαίαν	_	_
1.14	199	[1]	ἀεὶ	_	_
1.14	200	[1]	τὴν	_	_
1.14	201	[1]	οἰκείαν	_	_
1.14	202	[1]	ἔχει	_	_
1.14	203	[1]	δύναμιν	_	_
1.14	204	[12]	,	b	_
1.14	205	[2]	ἄν	_	_
1.14	206	[1]	τ	_	_
1.14	207	[10]	’	b	_
1.14	208	[1]	εὐθὺς	_	_
1.14	209	[2]	ἐν	_	_
1.14	210	[1]	τῇ	_	_
1.14	211	[1]	πρώτῃ	_	_
1.14	212	[5]	τῶν	_	_
1.14	213	[1]	ἡμερῶν	_	_
1.14	214	[3]	ἄν	_	_
1.14	215	[5]	τε	_	_
1.14	216	[13]	καὶ	_	_
1.14	217	[2]	κατὰ	_	_
1.14	218	[3]	τὰς	_	_
1.14	219	[1]	μετ	_	_
1.14	220	[11]	’	b	_
1.14	221	[1]	αὐτὴν	_	_
1.14	222	[1]	ἐπιφαίνηται	_	_
1.14	223	[7]	.	b	_
1.14	224	[7]	τὰ	_	_
1.14	225	[1]	μέντοι	_	_
1.14	226	[1]	τοῦ	_	_
1.14	227	[1]	τρόπου	_	_
1.14	228	[6]	τῶν	_	_
1.14	229	[2]	νοσημάτων	_	_
1.14	230	[1]	τριχῶς	_	_
1.14	231	[1]	διῄρηται	_	_
1.14	232	[5]	·	b	_
1.14	233	[8]	τὰ	_	_
1.14	234	[8]	μὲν	_	_
1.14	235	[13]	,	b	_
1.14	236	[5]	ὡς	_	_
1.14	237	[14]	καὶ	_	_
1.14	238	[2]	πρόσθεν	_	_
1.14	239	[1]	ἐλέγετο	_	_
1.14	240	[14]	,	b	_
1.14	241	[1]	τοῖς	_	_
1.14	242	[1]	οὔροις	_	_
1.14	243	[6]	τε	_	_
1.14	244	[15]	καὶ	_	_
1.14	245	[1]	διαχωρήμασι	_	_
1.14	246	[16]	καὶ	_	_
1.14	247	[1]	πτυέλοις	_	_
1.14	248	[1]	ἐμφαινόμενα	_	_
1.14	249	[15]	,	b	_
1.14	250	[9]	τὰ	_	_
1.14	251	[1]	δὲ	_	_
1.14	252	[3]	ἐν	_	_
1.14	253	[2]	ταῖς	_	_
1.14	254	[1]	διαθέσεσιν	_	_
1.14	255	[1]	ὅλου	_	_
1.14	256	[2]	τοῦ	_	_
1.14	257	[1]	σώματος	_	_
1.14	258	[1]	εὑρισκόμενα	_	_
1.14	259	[16]	,	b	_
1.14	260	[10]	τὰ	_	_
1.14	261	[5]	δ	_	_
1.14	262	[12]	’	b	_
1.14	263	[4]	ἐν	_	_
1.14	264	[3]	ταῖς	_	_
1.14	265	[1]	φυσικαῖς	_	_
1.14	266	[7]	τε	_	_
1.14	267	[17]	καὶ	_	_
1.14	268	[1]	ψυχικαῖς	_	_
1.14	269	[1]	ἐνεργείαις	_	_
1.14	270	[2]	ἐμφαινόμενα	_	_
1.14	271	[8]	.	b	_
1.14	272	[1]	ταῦτα	_	_
1.14	273	[6]	δ	_	_
1.14	274	[13]	’	b	_
1.14	275	[1]	οὐκ	_	_
1.14	276	[1]	ἔτι	_	_
1.14	277	[1]	σύμπαντα	_	_
1.14	278	[1]	πιστὰ	_	_
1.14	279	[3]	κατὰ	_	_
1.14	280	[1]	πάντας	_	_
1.14	281	[7]	τῶν	_	_
1.14	282	[3]	νοσημάτων	_	_
1.14	283	[2]	τοὺς	_	_
1.14	284	[1]	καιρούς	_	_
1.14	285	[9]	.	b	_
1.14	286	[3]	ἀλλ	_	_
1.14	287	[14]	’	b	_
1.14	288	[1]	ἐφεξῆς	_	_
1.14	289	[1]	αὐτὰ	_	_
1.14	290	[1]	διαιρήσομεν	_	_
1.14	291	[10]	.	b	_
1.14	292	[11]	τὰ	_	_
1.14	293	[2]	δὲ	_	_
1.14	294	[3]	δὴ	_	_
1.14	295	[1]	κρίσιμα	_	_
1.14	296	[1]	συμπτώματα	_	_
1.14	297	[17]	,	b	_
1.14	298	[1]	διττὴ	_	_
1.14	299	[9]	μὲν	_	_
1.14	300	[18]	καὶ	_	_
1.14	301	[2]	ἡ	_	_
1.14	302	[2]	τούτων	_	_
1.14	303	[2]	φύσις	_	_
1.14	304	[18]	,	b	_
1.14	305	[1]	ἢ	_	_
1.14	306	[6]	ὡς	_	_
1.14	307	[1]	αἰτίων	_	_
1.14	308	[8]	τε	_	_
1.14	309	[1]	ἅμα	_	_
1.14	310	[19]	καὶ	_	_
1.14	311	[7]	ὡς	_	_
1.14	312	[4]	σημείων	_	_
1.14	313	[19]	,	b	_
1.14	314	[2]	ἢ	_	_
1.14	315	[8]	ὡς	_	_
1.14	316	[5]	σημείων	_	_
1.14	317	[1]	μόνον	_	_
1.14	318	[11]	.	b	_
1.14	319	[1]	ἄπιστός	_	_
1.14	320	[9]	τε	_	_
1.14	321	[1]	πᾶσα	_	_
1.14	322	[20]	καὶ	_	_
1.14	323	[1]	τἀναντία	_	_
1.14	324	[1]	σημαίνουσί	_	_
1.14	325	[10]	τε	_	_
1.14	326	[21]	καὶ	_	_
1.14	327	[1]	δρῶσι	_	_
1.14	328	[20]	,	b	_
1.14	329	[4]	κατὰ	_	_
1.14	330	[3]	τοὺς	_	_
1.14	331	[1]	διαφέροντας	_	_
1.14	332	[2]	καιροὺς	_	_
1.14	333	[8]	τῶν	_	_
1.14	334	[4]	νοσημάτων	_	_
1.14	335	[12]	.	b	_
1.14	336	[5]	ἐν	_	_
1.14	337	[2]	τούτοις	_	_
1.14	338	[3]	δὲ	_	_
1.14	339	[4]	δὴ	_	_
1.14	340	[22]	καὶ	_	_
1.14	341	[2]	τὸ	_	_
1.14	342	[1]	σύμπαν	_	_
1.14	343	[1]	ἐστὶν	_	_
1.14	344	[1]	ἀγώνισμα	_	_
1.14	345	[2]	τῆς	_	_
1.14	346	[1]	προγνώσεως	_	_
1.14	347	[13]	.	b	_
1.14	348	[6]	ἐν	_	_
1.14	349	[1]	ἄλλῳ	_	_
1.14	350	[10]	μὲν	_	_
1.14	351	[1]	γὰρ	_	_
1.14	352	[1]	καιρῷ	_	_
1.14	353	[23]	καὶ	_	_
1.14	354	[1]	κατ	_	_
1.14	355	[15]	’	b	_
1.14	356	[1]	ἄλλην	_	_
1.14	357	[1]	διάθεσίν	_	_
1.14	358	[1]	ἐστι	_	_
1.14	359	[2]	κρίσιμα	_	_
1.14	360	[21]	,	b	_
1.14	361	[2]	κατ	_	_
1.14	362	[16]	’	b	_
1.14	363	[2]	ἄλλην	_	_
1.14	364	[1]	δέ	_	_
1.14	365	[1]	τινα	_	_
1.14	366	[1]	διάθεσιν	_	_
1.14	367	[22]	,	b	_
1.14	368	[3]	ἢ	_	_
1.14	369	[1]	καιρὸν	_	_
1.14	370	[3]	τῆς	_	_
1.14	371	[1]	νόσου	_	_
1.14	372	[23]	,	b	_
1.14	373	[2]	συμπτώματα	_	_
1.14	374	[11]	μὲν	_	_
1.14	375	[24]	,	b	_
1.14	376	[4]	ἢ	_	_
1.14	377	[3]	σημεῖα	_	_
1.14	378	[1]	γίνεται	_	_
1.14	379	[1]	μοχθηρὰ	_	_
1.14	380	[25]	,	b	_
1.14	381	[3]	κρίσιμα	_	_
1.14	382	[4]	δὲ	_	_
1.14	383	[1]	οὐδ	_	_
1.14	384	[17]	’	b	_
1.14	385	[1]	ὅλως	_	_
1.14	386	[1]	ἐστίν	_	_
1.14	387	[14]	.	b	_
1.14	388	[2]	εἴρηται	_	_
1.14	389	[5]	δὲ	_	_
1.14	390	[2]	περὶ	_	_
1.14	391	[3]	τούτων	_	_
1.14	392	[24]	καὶ	_	_
1.14	393	[1]	πρὸς	_	_
1.14	394	[1]	Ἱπποκράτους	_	_
1.14	395	[1]	πολλάκις	_	_
1.14	396	[15]	.	b	_
1.14	397	[4]	ἀλλ	_	_
1.14	398	[18]	’	b	_
1.14	399	[1]	ἀρκεῖ	_	_
1.14	400	[1]	κατά	_	_
1.14	401	[3]	γε	_	_
1.14	402	[3]	τὸ	_	_
1.14	403	[1]	παρὸν	_	_
1.14	404	[1]	ὑπομνῆσαι	_	_
1.14	405	[1]	διὰ	_	_
1.14	406	[1]	μιᾶς	_	_
1.14	407	[1]	ῥήσεως	_	_
1.14	408	[1]	ἐκ	_	_
1.14	409	[3]	τοῦ	_	_
1.14	410	[1]	δευτέρου	_	_
1.14	411	[9]	τῶν	_	_
1.14	412	[1]	ἐπιδημιῶν	_	_
1.14	413	[6]	·	b	_
1.14	414	[12]	τὰ	_	_
1.14	415	[4]	κρίσιμα	_	_
1.14	416	[1]	μὴ	_	_
1.14	417	[1]	κρίνοντα	_	_
1.14	418	[13]	τὰ	_	_
1.14	419	[12]	μὲν	_	_
1.14	420	[1]	θανατώδεα	_	_
1.14	421	[26]	,	b	_
1.14	422	[14]	τὰ	_	_
1.14	423	[6]	δὲ	_	_
1.14	424	[1]	δύσκριτα	_	_
1.14	425	[16]	.	b	_
1.14	426	[1]	τουτὶ	_	_
1.14	427	[7]	δ	_	_
1.14	428	[19]	’	b	_
1.14	429	[2]	οὐκ	_	_
1.14	430	[2]	ἔτι	_	_
1.14	431	[2]	τοῖς	_	_
1.14	432	[4]	τῆς	_	_
1.14	433	[2]	πέψεώς	_	_
1.14	434	[11]	τε	_	_
1.14	435	[25]	καὶ	_	_
1.14	436	[4]	ἀπεψίας	_	_
1.14	437	[1]	ὑπάρχει	_	_
1.14	438	[1]	σημείοις	_	_
1.14	439	[27]	,	b	_
1.14	440	[1]	ἀλλὰ	_	_
1.14	441	[2]	διὰ	_	_
1.14	442	[1]	παντὸς	_	_
1.14	443	[2]	ἕκαστον	_	_
1.14	444	[2]	αὐτῶν	_	_
1.14	445	[1]	ἕν	_	_
1.14	446	[2]	τι	_	_
1.14	447	[1]	σημαίνει	_	_
1.14	448	[26]	καὶ	_	_
1.14	449	[1]	ταὐτὸν	_	_
1.14	450	[2]	ἀεὶ	_	_
1.14	451	[28]	,	b	_
1.14	452	[4]	τὸ	_	_
1.14	453	[13]	μὲν	_	_
1.14	454	[1]	εὔχρουν	_	_
1.14	455	[1]	εἰ	_	_
1.14	456	[1]	τύχῃ	_	_
1.14	457	[27]	καὶ	_	_
1.14	458	[1]	λευκὴν	_	_
1.14	459	[28]	καὶ	_	_
1.14	460	[1]	λείαν	_	_
1.14	461	[29]	καὶ	_	_
1.14	462	[1]	ὁμαλὴν	_	_
1.14	463	[1]	ὑπόστασιν	_	_
1.14	464	[1]	ἔχον	_	_
1.14	465	[1]	οὖρον	_	_
1.14	466	[3]	πέψεως	_	_
1.14	467	[1]	σημεῖον	_	_
1.14	468	[29]	,	b	_
1.14	469	[5]	τὸ	_	_
1.14	470	[7]	δὲ	_	_
1.14	471	[1]	λεπτόν	_	_
1.14	472	[12]	τε	_	_
1.14	473	[2]	ἅμα	_	_
1.14	474	[30]	καὶ	_	_
1.14	475	[1]	μηδεμίαν	_	_
1.14	476	[2]	ὑπόστασιν	_	_
1.14	477	[2]	ἔχον	_	_
1.14	478	[3]	ἀεὶ	_	_
1.14	479	[2]	σημεῖον	_	_
1.14	480	[5]	ἀπεψίας	_	_
1.14	481	[17]	.	b	_
1.14	482	[31]	καὶ	_	_
1.14	483	[6]	τὸ	_	_
1.14	484	[14]	μὲν	_	_
1.14	485	[5]	τῆς	_	_
1.14	486	[4]	πέψεως	_	_
1.14	487	[1]	ἀγαθὸν	_	_
1.14	488	[4]	ἀεὶ	_	_
1.14	489	[30]	,	b	_
1.14	490	[7]	τὸ	_	_
1.14	491	[8]	δὲ	_	_
1.14	492	[6]	τῆς	_	_
1.14	493	[6]	ἀπεψίας	_	_
1.14	494	[3]	οὐκ	_	_
1.14	495	[1]	ἀγαθόν	_	_
1.14	496	[4]	ἐστιν	_	_
1.14	497	[31]	,	b	_
1.14	498	[1]	εἴ	_	_
1.14	499	[3]	τι	_	_
1.14	500	[1]	μεμνήμεθα	_	_
1.14	501	[10]	τῶν	_	_
1.14	502	[1]	ἔμπροσθεν	_	_
1.14	503	[1]	εἰρημένων	_	_
1.14	504	[18]	.	b	_
1.14	505	[2]	εἰ	_	_
1.14	506	[2]	μέντοι	_	_
1.14	507	[1]	κεφαλαλγίαν	_	_
1.14	508	[32]	,	b	_
1.14	509	[5]	ἢ	_	_
1.14	510	[1]	παραφροσύνην	_	_
1.14	511	[33]	,	b	_
1.14	512	[6]	ἢ	_	_
1.14	513	[1]	σκοτοδινίαν	_	_
1.14	514	[34]	,	b	_
1.14	515	[7]	ἢ	_	_
1.14	516	[1]	δύσπνοιαν	_	_
1.14	517	[35]	,	b	_
1.14	518	[8]	ἢ	_	_
1.14	519	[1]	ἄλυν	_	_
1.14	520	[36]	,	b	_
1.14	521	[9]	ἢ	_	_
1.14	522	[1]	κῶμα	_	_
1.14	523	[1]	θεάσῃ	_	_
1.14	524	[37]	,	b	_
1.14	525	[1]	βέβαιον	_	_
1.14	526	[2]	οὐδὲν	_	_
1.14	527	[3]	ἐπὶ	_	_
1.14	528	[3]	τούτοις	_	_
1.14	529	[1]	οὔτ	_	_
1.14	530	[20]	’	b	_
1.14	531	[2]	ἀγαθὸν	_	_
1.14	532	[1]	οὔτε	_	_
1.14	533	[1]	κακὸν	_	_
1.14	534	[1]	ἔχεις	_	_
1.14	535	[1]	προγνῶναι	_	_
1.14	536	[19]	.	b	_
1.14	537	[5]	κατὰ	_	_
1.14	538	[9]	δὲ	_	_
1.14	539	[1]	τὸν	_	_
1.14	540	[1]	αὐτὸν	_	_
1.14	541	[1]	λόγον	_	_
1.14	542	[2]	οὐδ	_	_
1.14	543	[21]	’	b	_
1.14	544	[1]	ἱδρῶτας	_	_
1.14	545	[38]	,	b	_
1.14	546	[10]	ἢ	_	_
1.14	547	[1]	ἐμέτους	_	_
1.14	548	[39]	,	b	_
1.14	549	[11]	ἢ	_	_
1.14	550	[1]	κοιλίας	_	_
1.14	551	[40]	,	b	_
1.14	552	[12]	ἢ	_	_
1.14	553	[1]	οὔρων	_	_
1.14	554	[1]	ἔκκρισιν	_	_
1.14	555	[1]	πολλὴν	_	_
1.14	556	[41]	,	b	_
1.14	557	[13]	ἢ	_	_
1.14	558	[1]	αἱμοῤῥαγίαν	_	_
1.14	559	[2]	ἐκ	_	_
1.14	560	[1]	ῥινῶν	_	_
1.14	561	[42]	,	b	_
1.14	562	[14]	ἢ	_	_
1.14	563	[1]	ὑστερῶν	_	_
1.14	564	[43]	,	b	_
1.14	565	[15]	ἢ	_	_
1.14	566	[1]	αἱμοῤῥοΐδων	_	_
1.14	567	[44]	,	b	_
1.14	568	[16]	ἢ	_	_
1.14	569	[1]	παρωτίδας	_	_
1.14	570	[45]	,	b	_
1.14	571	[17]	ἢ	_	_
1.14	572	[1]	τἄλλα	_	_
1.14	573	[1]	ἀποσκήμματα	_	_
1.14	574	[20]	.	b	_
1.14	575	[2]	σύμπαντα	_	_
1.14	576	[2]	γὰρ	_	_
1.14	577	[2]	ταῦτα	_	_
1.14	578	[32]	καὶ	_	_
1.14	579	[5]	κρίσιμα	_	_
1.14	580	[33]	καὶ	_	_
1.14	581	[2]	οὐ	_	_
1.14	582	[6]	κρίσιμα	_	_
1.14	583	[1]	γίγνεται	_	_
1.14	584	[46]	,	b	_
1.14	585	[6]	κατὰ	_	_
1.14	586	[1]	διττὸν	_	_
1.14	587	[1]	τρόπον	_	_
1.14	588	[47]	,	b	_
1.14	589	[18]	ἢ	_	_
1.14	590	[2]	τῷ	_	_
1.14	591	[1]	μηδ	_	_
1.14	592	[22]	’	b	_
1.14	593	[2]	ὅλως	_	_
1.14	594	[1]	ποιῆσαι	_	_
1.14	595	[1]	κρίσιν	_	_
1.14	596	[19]	ἢ	_	_
1.14	597	[3]	τῷ	_	_
1.14	598	[1]	κακῶς	_	_
1.14	599	[1]	ἐργάσασθαι	_	_
1.14	600	[21]	.	b	_
1.14	601	[1]	τραχήλου	_	_
1.14	602	[15]	μὲν	_	_
1.14	603	[3]	γὰρ	_	_
1.14	604	[1]	πόνος	_	_
1.14	605	[34]	καὶ	_	_
1.14	606	[1]	κροτάφων	_	_
1.14	607	[1]	βάρος	_	_
1.14	608	[35]	καὶ	_	_
1.14	609	[1]	μαρμαρυγαὶ	_	_
1.14	610	[36]	καὶ	_	_
1.14	611	[1]	σκοτόδινοι	_	_
1.14	612	[37]	καὶ	_	_
1.14	613	[1]	κεφαλαλγίαι	_	_
1.14	614	[38]	καὶ	_	_
1.14	615	[1]	δάκρυον	_	_
1.14	616	[1]	παραῤῥέον	_	_
1.14	617	[1]	ἀκούσιον	_	_
1.14	618	[48]	,	b	_
1.14	619	[1]	ἐξέρυθρόν	_	_
1.14	620	[13]	τε	_	_
1.14	621	[8]	τὸ	_	_
1.14	622	[1]	πρόσωπον	_	_
1.14	623	[3]	ἅμα	_	_
1.14	624	[3]	τοῖς	_	_
1.14	625	[1]	ὀφθαλμοῖς	_	_
1.14	626	[49]	,	b	_
1.14	627	[20]	ἢ	_	_
1.14	628	[9]	τὸ	_	_
1.14	629	[1]	κάτω	_	_
1.14	630	[1]	χεῖλος	_	_
1.14	631	[1]	σειόμενον	_	_
1.14	632	[50]	,	b	_
1.14	633	[21]	ἢ	_	_
1.14	634	[1]	ἀγρυπνία	_	_
1.14	635	[3]	τις	_	_
1.14	636	[51]	,	b	_
1.14	637	[22]	ἢ	_	_
1.14	638	[2]	κῶμα	_	_
1.14	639	[52]	,	b	_
1.14	640	[4]	σημεῖα	_	_
1.14	641	[2]	μόνον	_	_
1.14	642	[2]	ἐστὶν	_	_
1.14	643	[1]	ἐνίοτε	_	_
1.14	644	[7]	κρίσιμα	_	_
1.14	645	[53]	,	b	_
1.14	646	[1]	καθάπερ	_	_
1.14	647	[39]	καὶ	_	_
1.14	648	[1]	ἆσθμα	_	_
1.14	649	[40]	καὶ	_	_
1.14	650	[1]	ἄλυς	_	_
1.14	651	[4]	τις	_	_
1.14	652	[54]	,	b	_
1.14	653	[23]	ἢ	_	_
1.14	654	[1]	δύσπνοια	_	_
1.14	655	[41]	καὶ	_	_
1.14	656	[1]	ὑποχόνδριον	_	_
1.14	657	[1]	ἀνασπώμενον	_	_
1.14	658	[55]	,	b	_
1.14	659	[1]	ἄση	_	_
1.14	660	[1]	τέ	_	_
1.14	661	[5]	τις	_	_
1.14	662	[56]	,	b	_
1.14	663	[24]	ἢ	_	_
1.14	664	[1]	ναυτία	_	_
1.14	665	[1]	ἱκανὴ	_	_
1.14	666	[42]	καὶ	_	_
1.14	667	[1]	καῦμα	_	_
1.14	668	[43]	καὶ	_	_
1.14	669	[1]	δίψος	_	_
1.14	670	[1]	σφοδρὸν	_	_
1.14	671	[57]	,	b	_
1.14	672	[1]	καρδιαλγία	_	_
1.14	673	[58]	,	b	_
1.14	674	[44]	καὶ	_	_
1.14	675	[10]	τὸ	_	_
1.14	676	[1]	φέρειν	_	_
1.14	677	[2]	μὴ	_	_
1.14	678	[1]	δύνασθαι	_	_
1.14	679	[2]	τὴν	_	_
1.14	680	[1]	κατάκλισιν	_	_
1.14	681	[59]	,	b	_
1.14	682	[45]	καὶ	_	_
1.14	683	[11]	τὸ	_	_
1.14	684	[1]	παραπαίειν	_	_
1.14	685	[46]	καὶ	_	_
1.14	686	[1]	βοᾷν	_	_
1.14	687	[22]	.	b	_
1.14	688	[2]	γίνεται	_	_
1.14	689	[4]	οὖν	_	_
1.14	690	[2]	ἤδη	_	_
1.14	691	[47]	καὶ	_	_
1.14	692	[3]	ταῦτα	_	_
1.14	693	[2]	πολλάκις	_	_
1.14	694	[1]	ὑπογυίου	_	_
1.14	695	[1]	κρίσεως	_	_
1.14	696	[5]	σημεῖα	_	_
1.14	697	[7]	·	b	_
1.14	698	[12]	τὸ	_	_
1.14	699	[8]	δ	_	_
1.14	700	[23]	’	b	_
1.14	701	[1]	ἕτερον	_	_
1.14	702	[4]	γένος	_	_
1.14	703	[1]	οὐχ	_	_
1.14	704	[9]	ὡς	_	_
1.14	705	[6]	σημείων	_	_
1.14	706	[2]	ἐστὶ	_	_
1.14	707	[3]	μόνον	_	_
1.14	708	[1]	κρισίμων	_	_
1.14	709	[60]	,	b	_
1.14	710	[2]	ἀλλὰ	_	_
1.14	711	[48]	καὶ	_	_
1.14	712	[10]	ὡς	_	_
1.14	713	[2]	αἰτίων	_	_
1.14	714	[23]	.	b	_
1.14	715	[2]	ἔστι	_	_
1.14	716	[9]	δ	_	_
1.14	717	[24]	’	b	_
1.14	718	[1]	ἔμετοί	_	_
1.14	719	[14]	τε	_	_
1.14	720	[49]	καὶ	_	_
1.14	721	[1]	διαχωρήσεις	_	_
1.14	722	[1]	γαστρὸς	_	_
1.14	723	[50]	καὶ	_	_
1.14	724	[2]	οὔρων	_	_
1.14	725	[1]	πλῆθος	_	_
1.14	726	[51]	καὶ	_	_
1.14	727	[1]	ἱδρῶτες	_	_
1.14	728	[61]	,	b	_
1.14	729	[1]	αἱμοῤῥαγίαι	_	_
1.14	730	[15]	τε	_	_
1.14	731	[52]	καὶ	_	_
1.14	732	[1]	παρωτίδες	_	_
1.14	733	[53]	καὶ	_	_
1.14	734	[2]	ἀποσκήμματα	_	_
1.14	735	[24]	.	b	_
1.14	736	[1]	συμβαίνει	_	_
1.14	737	[10]	δὲ	_	_
1.14	738	[1]	μήτ	_	_
1.14	739	[25]	’	b	_
1.14	740	[4]	ἐπὶ	_	_
1.14	741	[4]	τοῖς	_	_
1.14	742	[1]	πρώτοις	_	_
1.14	743	[1]	συμπτώμασι	_	_
1.14	744	[62]	,	b	_
1.14	745	[1]	ἃ	_	_
1.14	746	[5]	δὴ	_	_
1.14	747	[54]	καὶ	_	_
1.14	748	[6]	σημεῖα	_	_
1.14	749	[4]	μόνον	_	_
1.14	750	[3]	ἐστὶ	_	_
1.14	751	[2]	κρίσεως	_	_
1.14	752	[63]	,	b	_
1.14	753	[2]	μήτ	_	_
1.14	754	[26]	’	b	_
1.14	755	[5]	ἐπὶ	_	_
1.14	756	[5]	τοῖς	_	_
1.14	757	[1]	δευτέροις	_	_
1.14	758	[64]	,	b	_
1.14	759	[2]	ἃ	_	_
1.14	760	[6]	δὴ	_	_
1.14	761	[55]	καὶ	_	_
1.14	762	[3]	τὴν	_	_
1.14	763	[11]	τῶν	_	_
1.14	764	[7]	σημείων	_	_
1.14	765	[2]	ἔχει	_	_
1.14	766	[2]	δύναμιν	_	_
1.14	767	[65]	,	b	_
1.14	768	[56]	καὶ	_	_
1.14	769	[4]	τὴν	_	_
1.14	770	[12]	τῶν	_	_
1.14	771	[3]	αἰτίων	_	_
1.14	772	[4]	γε	_	_
1.14	773	[1]	ἐξ	_	_
1.14	774	[1]	ἀνάγκης	_	_
1.14	775	[1]	γίνεσθαι	_	_
1.14	776	[2]	κρίσιν	_	_
1.14	777	[25]	.	b	_
1.14	778	[2]	ἕτερον	_	_
1.14	779	[11]	δὲ	_	_
1.14	780	[5]	γένος	_	_
1.14	781	[4]	ἐστὶ	_	_
1.14	782	[8]	σημείων	_	_
1.14	783	[16]	τε	_	_
1.14	784	[4]	ἅμα	_	_
1.14	785	[57]	καὶ	_	_
1.14	786	[1]	συμπτωμάτων	_	_
1.14	787	[66]	,	b	_
1.14	788	[2]	οὔτε	_	_
1.14	789	[1]	κρίσιμον	_	_
1.14	790	[1]	ὀνομαζόμενον	_	_
1.14	791	[67]	,	b	_
1.14	792	[2]	ὃ	_	_
1.14	793	[1]	μήτε	_	_
1.14	794	[1]	δηλοῖ	_	_
1.14	795	[2]	μήτε	_	_
1.14	796	[1]	ποιεῖ	_	_
1.14	797	[3]	κρίσιν	_	_
1.14	798	[68]	,	b	_
1.14	799	[1]	οὔθ	_	_
1.14	800	[27]	’	b	_
1.14	801	[1]	ὁμοίως	_	_
1.14	802	[1]	﻿	_	_
1.14	803	[1]	πιστὸν	_	_
1.14	804	[2]	ὅλον	_	_
1.14	805	[69]	,	b	_
1.14	806	[1]	ὥστε	_	_
1.14	807	[7]	κατὰ	_	_
1.14	808	[4]	τὰς	_	_
1.14	809	[1]	πέψεις	_	_
1.14	810	[70]	,	b	_
1.14	811	[2]	οὔτ	_	_
1.14	812	[28]	’	b	_
1.14	813	[1]	ἄπιστον	_	_
1.14	814	[1]	τελέως	_	_
1.14	815	[2]	ἅπαν	_	_
1.14	816	[71]	,	b	_
1.14	817	[5]	ἀλλ	_	_
1.14	818	[29]	’	b	_
1.14	819	[1]	ἔστιν	_	_
1.14	820	[1]	εὑρεῖν	_	_
1.14	821	[7]	ἐν	_	_
1.14	822	[2]	αὐτοῖς	_	_
1.14	823	[1]	ἔνια	_	_
1.14	824	[16]	μὲν	_	_
1.14	825	[1]	ἀγαθὰ	_	_
1.14	826	[3]	διὰ	_	_
1.14	827	[2]	παντὸς	_	_
1.14	828	[72]	,	b	_
1.14	829	[2]	ἔνια	_	_
1.14	830	[12]	δὲ	_	_
1.14	831	[1]	φαῦλα	_	_
1.14	832	[26]	.	b	_
1.14	833	[13]	τὸ	_	_
1.14	834	[10]	δ	_	_
1.14	835	[30]	’	b	_
1.14	836	[5]	οὖν	_	_
1.14	837	[11]	ὡς	_	_
1.14	838	[14]	τὸ	_	_
1.14	839	[1]	πολὺ	_	_
1.14	840	[1]	τοιαῦτ	_	_
1.14	841	[31]	’	b	_
1.14	842	[1]	εἶναι	_	_
1.14	843	[1]	πάντ	_	_
1.14	844	[32]	’	b	_
1.14	845	[3]	ἔχει	_	_
1.14	846	[27]	.	b	_
1.14	847	[15]	τὸ	_	_
1.14	848	[17]	μὲν	_	_
1.14	849	[6]	οὖν	_	_
1.14	850	[1]	ἐῤῥῶσθαί	_	_
1.14	851	[17]	τε	_	_
1.14	852	[5]	τὴν	_	_
1.14	853	[1]	διάνοιαν	_	_
1.14	854	[58]	καὶ	_	_
1.14	855	[1]	εὖ	_	_
1.14	856	[1]	ἔχειν	_	_
1.14	857	[2]	πρὸς	_	_
1.14	858	[5]	τὰς	_	_
1.14	859	[1]	προσφορὰς	_	_
1.14	860	[2]	ἀγαθόν	_	_
1.14	861	[28]	.	b	_
1.14	862	[3]	ἀγαθὸν	_	_
1.14	863	[13]	δὲ	_	_
1.14	864	[59]	καὶ	_	_
1.14	865	[3]	ἡ	_	_
1.14	866	[1]	εὔπνοια	_	_
1.14	867	[60]	καὶ	_	_
1.14	868	[4]	ἡ	_	_
1.14	869	[1]	εὐσφυξία	_	_
1.14	870	[61]	καὶ	_	_
1.14	871	[5]	ἡ	_	_
1.14	872	[1]	εὐφορία	_	_
1.14	873	[62]	καὶ	_	_
1.14	874	[16]	τὸ	_	_
1.14	875	[6]	τοῖς	_	_
1.14	876	[1]	ὑγιαίνουσιν	_	_
1.14	877	[1]	ὁμοιότατον	_	_
1.14	878	[2]	πρόσωπον	_	_
1.14	879	[73]	,	b	_
1.14	880	[1]	εὐσχήμων	_	_
1.14	881	[18]	τε	_	_
1.14	882	[1]	κατάκλισις	_	_
1.14	883	[74]	,	b	_
1.14	884	[1]	ὁμαλότης	_	_
1.14	885	[19]	τε	_	_
1.14	886	[4]	τοῦ	_	_
1.14	887	[2]	σώματος	_	_
1.14	888	[1]	σύμπαντος	_	_
1.14	889	[75]	,	b	_
1.14	890	[1]	ὅσα	_	_
1.14	891	[20]	τε	_	_
1.14	892	[1]	ἄλλα	_	_
1.14	893	[8]	κατὰ	_	_
1.14	894	[17]	τὸ	_	_
1.14	895	[1]	προγνωστικὸν	_	_
1.14	896	[1]	ὑφ	_	_
1.14	897	[33]	’	b	_
1.14	898	[2]	Ἱπποκράτους	_	_
1.14	899	[3]	εἴρηται	_	_
1.14	900	[8]	·	b	_
1.14	901	[1]	κακὰ	_	_
1.14	902	[14]	δὲ	_	_
1.14	903	[2]	τἀναντία	_	_
1.14	904	[1]	τούτου	_	_
1.14	905	[76]	,	b	_
1.14	906	[1]	τουτέστι	_	_
1.14	907	[1]	δυσφορία	_	_
1.14	908	[77]	,	b	_
1.14	909	[1]	κακοσφυξία	_	_
1.14	910	[78]	,	b	_
1.14	911	[2]	δύσπνοια	_	_
1.14	912	[79]	,	b	_
1.14	913	[63]	καὶ	_	_
1.14	914	[1]	μάλισθ	_	_
1.14	915	[34]	’	b	_
1.14	916	[6]	ἡ	_	_
1.14	917	[1]	ψυχροῦ	_	_
1.14	918	[5]	τοῦ	_	_
1.14	919	[1]	πνεύματος	_	_
1.14	920	[1]	ἐπνεομένου	_	_
1.14	921	[1]	γινομένη	_	_
1.14	922	[9]	·	b	_
1.14	923	[64]	καὶ	_	_
1.14	924	[15]	τὰ	_	_
1.14	925	[2]	ἄλλα	_	_
1.14	926	[2]	ὅσα	_	_
1.14	927	[9]	κατὰ	_	_
1.14	928	[18]	τὸ	_	_
1.14	929	[2]	προγνωστικὸν	_	_
1.14	930	[2]	ὑφ	_	_
1.14	931	[35]	’	b	_
1.14	932	[3]	Ἱπποκράτους	_	_
1.14	933	[4]	εἴρηται	_	_
1.14	934	[80]	,	b	_
1.14	935	[1]	διορίζοντος	_	_
1.14	936	[1]	σαφῶς	_	_
1.14	937	[2]	ἑκάστου	_	_
1.14	938	[1]	σημείου	_	_
1.14	939	[6]	τὴν	_	_
1.14	940	[3]	δύναμιν	_	_
1.14	941	[29]	.	b	_
1.14	942	[3]	ὅσα	_	_
1.14	943	[18]	μὲν	_	_
1.14	944	[4]	γὰρ	_	_
1.14	945	[1]	ἁπλῶς	_	_
1.14	946	[2]	ἀγαθὰ	_	_
1.14	947	[65]	καὶ	_	_
1.14	948	[1]	δεινὰ	_	_
1.14	949	[1]	καλεῖ	_	_
1.14	950	[81]	,	b	_
1.14	951	[1]	πλειστάκις	_	_
1.14	952	[5]	ἐστὶ	_	_
1.14	953	[1]	τοιαῦτα	_	_
1.14	954	[30]	.	b	_
1.15	1	[1]	Τὰ	_	_
1.15	2	[1]	δ	_	_
1.15	3	[1]	’	b	_
1.15	4	[1]	ἄριστά	_	_
1.15	5	[1]	τε	_	_
1.15	6	[1]	καὶ	_	_
1.15	7	[1]	χείριστα	_	_
1.15	8	[1]	πρὸς	_	_
1.15	9	[1]	αὐτοῦ	_	_
1.15	10	[1]	λεγόμενα	_	_
1.15	11	[1]	,	b	_
1.15	12	[2]	καὶ	_	_
1.15	13	[1]	μάλιστα	_	_
1.15	14	[1]	ἐφ	_	_
1.15	15	[2]	’	b	_
1.15	16	[1]	ὧν	_	_
1.15	17	[1]	προστίθησι	_	_
1.15	18	[1]	τὸ	_	_
1.15	19	[1]	κάρτα	_	_
1.15	20	[2]	,	b	_
1.15	21	[1]	τοιαύτην	_	_
1.15	22	[1]	ἔχει	_	_
1.15	23	[1]	δύναμιν	_	_
1.15	24	[1]	ὡς	_	_
1.15	25	[1]	ἤτοι	_	_
1.15	26	[1]	διαπαντὸς	_	_
1.15	27	[1]	ἕν	_	_
1.15	28	[1]	τι	_	_
1.15	29	[1]	δηλοῦν	_	_
1.15	30	[1]	ἢ	_	_
1.15	31	[1]	σπάνιον	_	_
1.15	32	[1]	εἶναι	_	_
1.15	33	[2]	τὸ	_	_
1.15	34	[1]	μὴ	_	_
1.15	35	[1]	δηλῶσαι	_	_
1.15	36	[3]	,	b	_
1.15	37	[1]	τοιαύτης	_	_
1.15	38	[1]	δή	_	_
1.15	39	[1]	τινος	_	_
1.15	40	[1]	οὔσης	_	_
1.15	41	[1]	διαφορᾶς	_	_
1.15	42	[1]	ἐν	_	_
1.15	43	[1]	τοῖς	_	_
1.15	44	[1]	σημείοις	_	_
1.15	45	[4]	,	b	_
1.15	46	[1]	εἰ	_	_
1.15	47	[1]	μὲν	_	_
1.15	48	[1]	ἀδύνατόν	_	_
1.15	49	[1]	ἐστι	_	_
1.15	50	[1]	διακρῖναι	_	_
1.15	51	[1]	πότε	_	_
1.15	52	[1]	τὰ	_	_
1.15	53	[1]	κρίσιμα	_	_
1.15	54	[1]	σημεῖα	_	_
1.15	55	[1]	σημαίνει	_	_
1.15	56	[1]	κρίσιν	_	_
1.15	57	[5]	,	b	_
1.15	58	[2]	ἢ	_	_
1.15	59	[2]	πότε	_	_
1.15	60	[2]	τὰ	_	_
1.15	61	[1]	κρίνοντα	_	_
1.15	62	[1]	συμπτώματα	_	_
1.15	63	[2]	κρίσιν	_	_
1.15	64	[1]	ἀγαθὴν	_	_
1.15	65	[6]	,	b	_
1.15	66	[3]	ἢ	_	_
1.15	67	[1]	κακὴν	_	_
1.15	68	[1]	ἐπιφέρει	_	_
1.15	69	[7]	,	b	_
1.15	70	[1]	μάτην	_	_
1.15	71	[2]	μὲν	_	_
1.15	72	[1]	ἂν	_	_
1.15	73	[1]	Ἱπποκράτης	_	_
1.15	74	[1]	ἔλεγε	_	_
1.15	75	[1]	·	b	_
1.15	76	[1]	τοῖσι	_	_
1.15	77	[2]	μὴ	_	_
1.15	78	[1]	κατὰ	_	_
1.15	79	[1]	λόγον	_	_
1.15	80	[1]	κουφίζουσι	_	_
1.15	81	[1]	οὐ	_	_
1.15	82	[1]	δεῖ	_	_
1.15	83	[1]	πιστεύειν	_	_
1.15	84	[8]	,	b	_
1.15	85	[1]	οὐδὲ	_	_
1.15	86	[1]	φοβεῖσθαι	_	_
1.15	87	[1]	λίην	_	_
1.15	88	[3]	τὰ	_	_
1.15	89	[1]	μοχθηρὰ	_	_
1.15	90	[1]	γινόμενα	_	_
1.15	91	[1]	παραλόγως	_	_
1.15	92	[2]	·	b	_
1.15	93	[1]	ἡμεῖς	_	_
1.15	94	[2]	τε	_	_
1.15	95	[2]	μάτην	_	_
1.15	96	[1]	ἐνεστησάμεθα	_	_
1.15	97	[1]	πραγματεύσασθαί	_	_
1.15	98	[2]	τι	_	_
1.15	99	[1]	περὶ	_	_
1.15	100	[1]	κρίσεων	_	_
1.15	101	[1]	.	b	_
1.15	102	[2]	εἰ	_	_
1.15	103	[2]	δ	_	_
1.15	104	[3]	’	b	_
1.15	105	[1]	οὔτ	_	_
1.15	106	[4]	’	b	_
1.15	107	[1]	ἄλλο	_	_
1.15	108	[3]	τι	_	_
1.15	109	[1]	τῶν	_	_
1.15	110	[1]	πάντων	_	_
1.15	111	[9]	,	b	_
1.15	112	[2]	οὐδὲ	_	_
1.15	113	[1]	ταῦτ	_	_
1.15	114	[5]	’	b	_
1.15	115	[1]	εἴρηται	_	_
1.15	116	[2]	πρὸς	_	_
1.15	117	[1]	Ἱπποκράτους	_	_
1.15	118	[3]	μάτην	_	_
1.15	119	[10]	,	b	_
1.15	120	[1]	εἴη	_	_
1.15	121	[1]	ἄν	_	_
1.15	122	[4]	τι	_	_
1.15	123	[1]	πάντως	_	_
1.15	124	[1]	γνώρισμα	_	_
1.15	125	[1]	πιστὸν	_	_
1.15	126	[11]	,	b	_
1.15	127	[1]	ᾧ	_	_
1.15	128	[3]	τὸ	_	_
1.15	129	[2]	κατὰ	_	_
1.15	130	[2]	λόγον	_	_
1.15	131	[3]	τε	_	_
1.15	132	[3]	καὶ	_	_
1.15	133	[1]	παρὰ	_	_
1.15	134	[3]	λόγον	_	_
1.15	135	[1]	διορίζεται	_	_
1.15	136	[2]	.	b	_
1.15	137	[1]	τί	_	_
1.15	138	[1]	δὲ	_	_
1.15	139	[1]	τοῦτ	_	_
1.15	140	[6]	’	b	_
1.15	141	[1]	ἔστι	_	_
1.15	142	[12]	,	b	_
1.15	143	[1]	ἡδέως	_	_
1.15	144	[2]	ἂν	_	_
1.15	145	[1]	ἤκουσα	_	_
1.15	146	[2]	παρὰ	_	_
1.15	147	[2]	τῶν	_	_
1.15	148	[1]	ὑπερφρονούντων	_	_
1.15	149	[1]	τῆς	_	_
1.15	150	[1]	παλαιᾶς	_	_
1.15	151	[1]	ἰατρικῆς	_	_
1.15	152	[3]	.	b	_
1.15	153	[2]	ἡμεῖς	_	_
1.15	154	[3]	μὲν	_	_
1.15	155	[1]	γὰρ	_	_
1.15	156	[1]	πεπείσμεθα	_	_
1.15	157	[4]	τὸ	_	_
1.15	158	[3]	πρὸς	_	_
1.15	159	[2]	Ἱπποκράτους	_	_
1.15	160	[1]	λεγόμενον	_	_
1.15	161	[1]	ἀληθὲς	_	_
1.15	162	[2]	εἶναι	_	_
1.15	163	[2]	πάντως	_	_
1.15	164	[13]	,	b	_
1.15	165	[2]	ὡς	_	_
1.15	166	[1]	πεπασμοὶ	_	_
1.15	167	[1]	ταχύτητα	_	_
1.15	168	[1]	κρίσεως	_	_
1.15	169	[14]	,	b	_
1.15	170	[1]	ἀσφαλείην	_	_
1.15	171	[1]	ὑγιεινὴν	_	_
1.15	172	[1]	σημαίνουσιν	_	_
1.15	173	[15]	,	b	_
1.15	174	[1]	ὠμὰ	_	_
1.15	175	[2]	δὲ	_	_
1.15	176	[4]	καὶ	_	_
1.15	177	[1]	ἄπεπτα	_	_
1.15	178	[5]	καὶ	_	_
1.15	179	[1]	εἰς	_	_
1.15	180	[1]	κακὰς	_	_
1.15	181	[1]	ἀποστάσιας	_	_
1.15	182	[1]	τρεπόμενα	_	_
1.15	183	[1]	ἀκρισίας	_	_
1.15	184	[16]	,	b	_
1.15	185	[4]	ἢ	_	_
1.15	186	[1]	πόνους	_	_
1.15	187	[1]	ἰσχυροὺς	_	_
1.15	188	[17]	,	b	_
1.15	189	[5]	ἢ	_	_
1.15	190	[1]	θανάτους	_	_
1.15	191	[18]	,	b	_
1.15	192	[6]	ἢ	_	_
1.15	193	[3]	τῶν	_	_
1.15	194	[1]	αὐτῶν	_	_
1.15	195	[1]	ὑποστροφάς	_	_
1.15	196	[4]	.	b	_
1.15	197	[1]	ὥστε	_	_
1.15	198	[6]	καὶ	_	_
1.15	199	[1]	τὸν	_	_
1.15	200	[2]	τῆς	_	_
1.15	201	[1]	ἀρχῆς	_	_
1.15	202	[1]	καιρὸν	_	_
1.15	203	[1]	οὐκ	_	_
1.15	204	[1]	ἄλλῳ	_	_
1.15	205	[5]	τι	_	_
1.15	206	[1]	νὶ	_	_
1.15	207	[1]	κρίνομεν	_	_
1.15	208	[19]	,	b	_
1.15	209	[3]	ὡς	_	_
1.15	210	[7]	καὶ	_	_
1.15	211	[1]	πρόσθεν	_	_
1.15	212	[1]	ἔφαμεν	_	_
1.15	213	[5]	.	b	_
1.15	214	[1]	ἐκεῖνοι	_	_
1.15	215	[3]	δὲ	_	_
1.15	216	[3]	οὐδὲ	_	_
1.15	217	[1]	ἡμῖν	_	_
1.15	218	[1]	ἔδοσαν	_	_
1.15	219	[2]	ἀρχῆς	_	_
1.15	220	[2]	γνώρισμα	_	_
1.15	221	[20]	,	b	_
1.15	222	[1]	διὰ	_	_
1.15	223	[1]	τοῦτο	_	_
1.15	224	[2]	οὐκ	_	_
1.15	225	[1]	ἴσασι	_	_
1.15	226	[2]	διακρῖναι	_	_
1.15	227	[3]	πότε	_	_
1.15	228	[4]	μὲν	_	_
1.15	229	[1]	ὀλεθρίως	_	_
1.15	230	[1]	δυσφορεῖ	_	_
1.15	231	[1]	τις	_	_
1.15	232	[21]	,	b	_
1.15	233	[7]	ἢ	_	_
1.15	234	[1]	παραπαίει	_	_
1.15	235	[22]	,	b	_
1.15	236	[4]	πότε	_	_
1.15	237	[3]	δ	_	_
1.15	238	[7]	’	b	_
1.15	239	[1]	ἐγγὺς	_	_
1.15	240	[2]	οὔσης	_	_
1.15	241	[3]	τῆς	_	_
1.15	242	[2]	κρίσεως	_	_
1.15	243	[3]	·	b	_
1.15	244	[1]	ἀλλ	_	_
1.15	245	[8]	’	b	_
1.15	246	[1]	ὅμοιοι	_	_
1.15	247	[2]	τοῖς	_	_
1.15	248	[1]	ἰδιώταις	_	_
1.15	249	[1]	εἰσὶν	_	_
1.15	250	[23]	,	b	_
1.15	251	[2]	οὔτ	_	_
1.15	252	[9]	’	b	_
1.15	253	[2]	εἰς	_	_
1.15	254	[1]	ὅ	_	_
1.15	255	[6]	τι	_	_
1.15	256	[1]	τελευτήσει	_	_
1.15	257	[4]	τὰ	_	_
1.15	258	[2]	γινόμενα	_	_
1.15	259	[1]	προγινώσκοντες	_	_
1.15	260	[1]	οὔθ	_	_
1.15	261	[10]	’	b	_
1.15	262	[2]	ὅ	_	_
1.15	263	[7]	τι	_	_
1.15	264	[1]	χρὴ	_	_
1.15	265	[1]	ποιεῖν	_	_
1.15	266	[1]	ἐξευρίσκοντες	_	_
1.15	267	[6]	.	b	_
1.15	268	[1]	ἀλλὰ	_	_
1.15	269	[2]	περὶ	_	_
1.15	270	[5]	μὲν	_	_
1.15	271	[1]	τούτων	_	_
1.15	272	[1]	εἰρήσεται	_	_
1.15	273	[8]	καὶ	_	_
1.15	274	[1]	πάλιν	_	_
1.15	275	[7]	.	b	_
1.16	1	[1]	Πῶς	_	_
1.16	2	[1]	δ	_	_
1.16	3	[1]	’	b	_
1.16	4	[1]	ἄν	_	_
1.16	5	[1]	τις	_	_
1.16	6	[1]	,	b	_
1.16	7	[1]	εἰ	_	_
1.16	8	[1]	καὶ	_	_
1.16	9	[1]	μήπω	_	_
1.16	10	[1]	παρεῖεν	_	_
1.16	11	[1]	οἱ	_	_
1.16	12	[1]	καθόλου	_	_
1.16	13	[1]	καιροὶ	_	_
1.16	14	[1]	τῆς	_	_
1.16	15	[1]	νόσου	_	_
1.16	16	[2]	,	b	_
1.16	17	[1]	οἷός	_	_
1.16	18	[1]	τ	_	_
1.16	19	[2]	’	b	_
1.16	20	[1]	εἴη	_	_
1.16	21	[1]	προγινώσκειν	_	_
1.16	22	[1]	αὐτοὺς	_	_
1.16	23	[1]	τῇ	_	_
1.16	24	[1]	χρείᾳ	_	_
1.16	25	[2]	τῆς	_	_
1.16	26	[1]	τέχνης	_	_
1.16	27	[1]	συμφορώτατα	_	_
1.16	28	[3]	,	b	_
1.16	29	[1]	τοῦτο	_	_
1.16	30	[1]	ἤδη	_	_
1.16	31	[1]	δίειμι	_	_
1.16	32	[1]	.	b	_
1.16	33	[1]	πρόκειται	_	_
1.16	34	[1]	μὲν	_	_
1.16	35	[1]	γὰρ	_	_
1.16	36	[1]	εὐθὺς	_	_
1.16	37	[1]	ἀπὸ	_	_
1.16	38	[3]	τῆς	_	_
1.16	39	[1]	πρώτης	_	_
1.16	40	[1]	ἡμέρας	_	_
1.16	41	[1]	εἰδέναι	_	_
1.16	42	[1]	τό	_	_
1.16	43	[1]	γε	_	_
1.16	44	[1]	τοσοῦτον	_	_
1.16	45	[4]	,	b	_
1.16	46	[1]	ὡς	_	_
1.16	47	[1]	ἤτοι	_	_
1.16	48	[1]	κατὰ	_	_
1.16	49	[1]	τὴν	_	_
1.16	50	[1]	πρώτην	_	_
1.16	51	[1]	ἢ	_	_
1.16	52	[2]	τὴν	_	_
1.16	53	[1]	δευτέραν	_	_
1.16	54	[1]	τετράδα	_	_
1.16	55	[1]	κριθήσεται	_	_
1.16	56	[1]	τὸ	_	_
1.16	57	[1]	νόσημα	_	_
1.16	58	[2]	.	b	_
1.16	59	[2]	τὸ	_	_
1.16	60	[2]	γὰρ	_	_
1.16	61	[1]	εἴτε	_	_
1.16	62	[1]	τεσσαρεσκαιδεκαταῖον	_	_
1.16	63	[5]	,	b	_
1.16	64	[2]	εἴτε	_	_
1.16	65	[1]	εἰκοσταῖον	_	_
1.16	66	[6]	,	b	_
1.16	67	[1]	οὔπω	_	_
1.16	68	[1]	δῆλον	_	_
1.16	69	[3]	.	b	_
1.16	70	[1]	ἀλλ	_	_
1.16	71	[3]	’	b	_
1.16	72	[1]	οὐδὲν	_	_
1.16	73	[1]	ἐκ	_	_
1.16	74	[1]	τούτου	_	_
1.16	75	[1]	μέγα	_	_
1.16	76	[3]	τὸ	_	_
1.16	77	[4]	τῆς	_	_
1.16	78	[1]	διαίτης	_	_
1.16	79	[1]	εἶδος	_	_
1.16	80	[1]	ὑπαλλάττεται	_	_
1.16	81	[7]	,	b	_
1.16	82	[1]	καθάπερ	_	_
1.16	83	[2]	εἰ	_	_
1.16	84	[1]	τεταρταῖον	_	_
1.16	85	[2]	ἢ	_	_
1.16	86	[1]	πεμπταῖον	_	_
1.16	87	[1]	κρίνεσθαι	_	_
1.16	88	[1]	μέλλον	_	_
1.16	89	[8]	,	b	_
1.16	90	[1]	οὕτως	_	_
1.16	91	[1]	αὐτό	_	_
1.16	92	[2]	τις	_	_
1.16	93	[1]	διαιτήσειεν	_	_
1.16	94	[9]	,	b	_
1.16	95	[2]	ὡς	_	_
1.16	96	[3]	εἰ	_	_
1.16	97	[2]	καὶ	_	_
1.16	98	[1]	τεσσαρακοσταῖον	_	_
1.16	99	[1]	ἔμελλε	_	_
1.16	100	[1]	λυθήσεσθαι	_	_
1.16	101	[4]	.	b	_
1.16	102	[1]	τουτὶ	_	_
1.16	103	[2]	μὲν	_	_
1.16	104	[3]	γὰρ	_	_
1.16	105	[1]	ἐσχάτως	_	_
1.16	106	[1]	ἄτοπον	_	_
1.16	107	[5]	.	b	_
1.16	108	[3]	καὶ	_	_
1.16	109	[1]	ὅστις	_	_
1.16	110	[1]	ἰατρὸς	_	_
1.16	111	[1]	οὐ	_	_
1.16	112	[1]	προγινώσκει	_	_
1.16	113	[2]	κατὰ	_	_
1.16	114	[3]	τὴν	_	_
1.16	115	[2]	πρώτην	_	_
1.16	116	[10]	,	b	_
1.16	117	[3]	ἢ	_	_
1.16	118	[4]	τὸ	_	_
1.16	119	[1]	πλεῖστόν	_	_
1.16	120	[2]	γε	_	_
1.16	121	[4]	τὴν	_	_
1.16	122	[2]	δευτέραν	_	_
1.16	123	[1]	ἡμέραν	_	_
1.16	124	[11]	,	b	_
1.16	125	[5]	τὸ	_	_
1.16	126	[1]	μὴ	_	_
1.16	127	[1]	δυνάμενον	_	_
1.16	128	[1]	ἐξωτέρω	_	_
1.16	129	[5]	τῆς	_	_
1.16	130	[2]	πρώτης	_	_
1.16	131	[1]	ἐκταθῆναι	_	_
1.16	132	[2]	νόσημα	_	_
1.16	133	[1]	ἑβδομάδος	_	_
1.16	134	[12]	,	b	_
1.16	135	[1]	μέγιστα	_	_
1.16	136	[1]	τοῦτον	_	_
1.16	137	[1]	εἰκὸς	_	_
1.16	138	[1]	ἁμαρτάνειν	_	_
1.16	139	[6]	.	b	_
1.16	140	[4]	εἰ	_	_
1.16	141	[3]	μὲν	_	_
1.16	142	[1]	οὖν	_	_
1.16	143	[1]	ἅπαξ	_	_
1.16	144	[13]	,	b	_
1.16	145	[4]	ἢ	_	_
1.16	146	[1]	δίς	_	_
1.16	147	[1]	ποτε	_	_
1.16	148	[1]	σφαλείη	_	_
1.16	149	[1]	περὶ	_	_
1.16	150	[6]	τὸ	_	_
1.16	151	[1]	τοιοῦτον	_	_
1.16	152	[14]	,	b	_
1.16	153	[1]	συγγνωστός	_	_
1.16	154	[1]	·	b	_
1.16	155	[5]	εἰ	_	_
1.16	156	[2]	δ	_	_
1.16	157	[4]	’	b	_
1.16	158	[1]	ὅλως	_	_
1.16	159	[1]	οὐκ	_	_
1.16	160	[1]	οἴεται	_	_
1.16	161	[1]	πρόγνωσιν	_	_
1.16	162	[1]	οὐδεμίαν	_	_
1.16	163	[1]	εἶναι	_	_
1.16	164	[6]	τῆς	_	_
1.16	165	[1]	ἐσομένης	_	_
1.16	166	[1]	ἀκμῆς	_	_
1.16	167	[1]	τοῦ	_	_
1.16	168	[1]	νοσήματος	_	_
1.16	169	[15]	,	b	_
1.16	170	[1]	οὐδὲ	_	_
1.16	171	[1]	σμικρὸν	_	_
1.16	172	[1]	οὗτος	_	_
1.16	173	[1]	ἐπαΐει	_	_
1.16	174	[2]	τέχνης	_	_
1.16	175	[1]	ἰατρικῆς	_	_
1.16	176	[7]	.	b	_
1.16	177	[1]	ἐγώ	_	_
1.16	178	[1]	γ	_	_
1.16	179	[5]	’	b	_
1.16	180	[2]	οὖν	_	_
1.16	181	[2]	τοσοῦτον	_	_
1.16	182	[1]	ἀποδέω	_	_
1.16	183	[2]	τοῦ	_	_
1.16	184	[7]	τὸ	_	_
1.16	185	[2]	μέλλον	_	_
1.16	186	[1]	πᾶν	_	_
1.16	187	[1]	ἄγνωστον	_	_
1.16	188	[1]	ὑπολαμβάνειν	_	_
1.16	189	[16]	,	b	_
1.16	190	[1]	ὥστ	_	_
1.16	191	[6]	’	b	_
1.16	192	[1]	εἰς	_	_
1.16	193	[1]	ἐπιστήμην	_	_
1.16	194	[1]	βεβαίαν	_	_
1.16	195	[1]	ἐνίοτε	_	_
1.16	196	[1]	ἥκειν	_	_
1.16	197	[1]	αὐτὸ	_	_
1.16	198	[1]	πείθομαι	_	_
1.16	199	[8]	.	b	_
1.16	200	[1]	τί	_	_
1.16	201	[4]	γὰρ	_	_
1.16	202	[1]	ἂν	_	_
1.16	203	[17]	,	b	_
1.16	204	[1]	εἴ	_	_
1.16	205	[3]	τις	_	_
1.16	206	[2]	εὐθὺς	_	_
1.16	207	[3]	κατὰ	_	_
1.16	208	[5]	τὴν	_	_
1.16	209	[3]	πρώτην	_	_
1.16	210	[2]	ἡμέραν	_	_
1.16	211	[2]	οὐδὲν	_	_
1.16	212	[1]	ἔχων	_	_
1.16	213	[1]	σημεῖον	_	_
1.16	214	[1]	κινδυνῶδες	_	_
1.16	215	[18]	,	b	_
1.16	216	[1]	ἀλλὰ	_	_
1.16	217	[4]	καὶ	_	_
1.16	218	[1]	προσέτι	_	_
1.16	219	[1]	σύμπαντα	_	_
1.16	220	[1]	σωτήρια	_	_
1.16	221	[19]	,	b	_
1.16	222	[1]	πυρέττοι	_	_
1.16	223	[4]	μὲν	_	_
1.16	224	[1]	ὀξέως	_	_
1.16	225	[20]	,	b	_
1.16	226	[1]	οὐροίη	_	_
1.16	227	[1]	δὲ	_	_
1.16	228	[1]	εὔχρουν	_	_
1.16	229	[1]	τε	_	_
1.16	230	[1]	ἅμα	_	_
1.16	231	[5]	καὶ	_	_
1.16	232	[1]	συμμέτρως	_	_
1.16	233	[1]	παχὺ	_	_
1.16	234	[21]	,	b	_
1.16	235	[1]	ἆρα	_	_
1.16	236	[2]	οὐ	_	_
1.16	237	[1]	πρόδηλον	_	_
1.16	238	[1]	ἰατρῷ	_	_
1.16	239	[1]	τοῖς	_	_
1.16	240	[1]	ἔργοις	_	_
1.16	241	[7]	τῆς	_	_
1.16	242	[3]	τέχνης	_	_
1.16	243	[1]	προσηδρευκότι	_	_
1.16	244	[2]	περὶ	_	_
1.16	245	[5]	μὲν	_	_
1.16	246	[4]	πρώτην	_	_
1.16	247	[2]	τετράδα	_	_
1.16	248	[8]	τὸ	_	_
1.16	249	[2]	τοιοῦτον	_	_
1.16	250	[1]	κριθήσεσθαι	_	_
1.16	251	[1]	;	b	_
1.16	252	[6]	καὶ	_	_
1.16	253	[1]	μᾶλλον	_	_
1.16	254	[22]	,	b	_
1.16	255	[6]	εἰ	_	_
1.16	256	[1]	νεφέλη	_	_
1.16	257	[4]	τις	_	_
1.16	258	[23]	,	b	_
1.16	259	[5]	ἢ	_	_
1.16	260	[1]	ἐναιώρημα	_	_
1.16	261	[1]	χρηστὸν	_	_
1.16	262	[1]	αὐτῷ	_	_
1.16	263	[1]	γένοιτο	_	_
1.16	264	[24]	,	b	_
1.16	265	[7]	καὶ	_	_
1.16	266	[1]	πολὺ	_	_
1.16	267	[2]	δὲ	_	_
1.16	268	[2]	μᾶλλον	_	_
1.16	269	[25]	,	b	_
1.16	270	[7]	εἰ	_	_
1.16	271	[8]	καὶ	_	_
1.16	272	[1]	ὑπόστασις	_	_
1.16	273	[1]	ἀγαθή	_	_
1.16	274	[2]	;	b	_
1.16	275	[2]	ἀλλὰ	_	_
1.16	276	[1]	δὴ	_	_
1.16	277	[2]	τοῦτο	_	_
1.16	278	[1]	διὰ	_	_
1.16	279	[1]	συντόμου	_	_
1.16	280	[6]	μὲν	_	_
1.16	281	[1]	εἴρηται	_	_
1.16	282	[26]	,	b	_
1.16	283	[1]	μαθεῖν	_	_
1.16	284	[3]	δ	_	_
1.16	285	[7]	’	b	_
1.16	286	[2]	οὐκ	_	_
1.16	287	[1]	ἐνδέχεται	_	_
1.16	288	[2]	διὰ	_	_
1.16	289	[2]	συντόμου	_	_
1.16	290	[2]	αὐτό	_	_
1.16	291	[9]	.	b	_
1.16	292	[1]	πάντα	_	_
1.16	293	[5]	γὰρ	_	_
1.16	294	[1]	χρὴ	_	_
1.16	295	[1]	ἐπίστασθαι	_	_
1.16	296	[1]	τὰ	_	_
1.16	297	[1]	ἀγαθά	_	_
1.16	298	[2]	τε	_	_
1.16	299	[9]	καὶ	_	_
1.16	300	[1]	κακὰ	_	_
1.16	301	[1]	σημεῖα	_	_
1.16	302	[1]	τὸν	_	_
1.16	303	[1]	ἀκριβῶς	_	_
1.16	304	[1]	αὐτὰ	_	_
1.16	305	[1]	προγνωσόμενον	_	_
1.16	306	[10]	.	b	_
1.16	307	[1]	ὥσπερ	_	_
1.16	308	[3]	οὖν	_	_
1.16	309	[1]	εἰδὼς	_	_
1.16	310	[1]	ταῦτα	_	_
1.16	311	[10]	καὶ	_	_
1.16	312	[1]	ὁ	_	_
1.16	313	[1]	Ἱπποκράτης	_	_
1.16	314	[1]	ἔλεγεν	_	_
1.16	315	[2]	·	b	_
1.16	316	[1]	οἵ	_	_
1.16	317	[3]	τε	_	_
1.16	318	[6]	γὰρ	_	_
1.16	319	[1]	εὐηθέστατοι	_	_
1.16	320	[1]	τῶν	_	_
1.16	321	[1]	πυρετῶν	_	_
1.16	322	[11]	καὶ	_	_
1.16	323	[1]	ἐπὶ	_	_
1.16	324	[1]	σημείων	_	_
1.16	325	[1]	ἀσφαλεστάτων	_	_
1.16	326	[1]	γινόμενοι	_	_
1.16	327	[1]	τεταρταῖοι	_	_
1.16	328	[1]	παύονται	_	_
1.16	329	[27]	,	b	_
1.16	330	[6]	ἢ	_	_
1.16	331	[1]	πρόσθεν	_	_
1.16	332	[28]	,	b	_
1.16	333	[2]	οἵ	_	_
1.16	334	[4]	τε	_	_
1.16	335	[1]	κακοηθέστατοι	_	_
1.16	336	[12]	καὶ	_	_
1.16	337	[2]	ἐπὶ	_	_
1.16	338	[2]	σημείων	_	_
1.16	339	[1]	δεινοτάτων	_	_
1.16	340	[2]	γινόμενοι	_	_
1.16	341	[2]	τεταρταῖοι	_	_
1.16	342	[1]	κτείνουσιν	_	_
1.16	343	[29]	,	b	_
1.16	344	[7]	ἢ	_	_
1.16	345	[2]	πρόσθεν	_	_
1.16	346	[3]	·	b	_
1.16	347	[1]	εὐήθεις	_	_
1.16	348	[7]	μὲν	_	_
1.16	349	[1]	εἰπὼν	_	_
1.16	350	[1]	τοὺς	_	_
1.16	351	[1]	ἐναντίους	_	_
1.16	352	[2]	τοῖς	_	_
1.16	353	[1]	κακοήθεσιν	_	_
1.16	354	[30]	,	b	_
1.16	355	[1]	ἀποφηνάμενος	_	_
1.16	356	[3]	δὲ	_	_
1.16	357	[3]	ὡς	_	_
1.16	358	[1]	οὐδέτεροι	_	_
1.16	359	[6]	τὴν	_	_
1.16	360	[1]	τετάρτην	_	_
1.16	361	[3]	ἡμέραν	_	_
1.16	362	[1]	ὑπερβαίνουσι	_	_
1.16	363	[11]	.	b	_
1.16	364	[2]	ἀλλ	_	_
1.16	365	[8]	’	b	_
1.16	366	[2]	οἱ	_	_
1.16	367	[8]	μὲν	_	_
1.16	368	[1]	λύονται	_	_
1.16	369	[1]	πάντως	_	_
1.16	370	[31]	,	b	_
1.16	371	[3]	οἱ	_	_
1.16	372	[4]	δὲ	_	_
1.16	373	[1]	ἀναιροῦσιν	_	_
1.16	374	[12]	.	b	_
1.16	375	[4]	ὡς	_	_
1.16	376	[4]	οὖν	_	_
1.16	377	[2]	ὁ	_	_
1.16	378	[1]	πάντ	_	_
1.16	379	[9]	’	b	_
1.16	380	[2]	ἔχων	_	_
1.16	381	[1]	ἀσφαλέστατα	_	_
1.16	382	[2]	σημεῖα	_	_
1.16	383	[1]	πυρετὸς	_	_
1.16	384	[1]	ὀξὺς	_	_
1.16	385	[32]	,	b	_
1.16	386	[1]	ἐν	_	_
1.16	387	[2]	τῇ	_	_
1.16	388	[1]	πρώτῃ	_	_
1.16	389	[1]	περιόδῳ	_	_
1.16	390	[2]	τῶν	_	_
1.16	391	[1]	κρισίμων	_	_
1.16	392	[1]	ἡμερῶν	_	_
1.16	393	[1]	ἴσχει	_	_
1.16	394	[7]	τὴν	_	_
1.16	395	[1]	λύσιν	_	_
1.16	396	[33]	,	b	_
1.16	397	[2]	οὕτως	_	_
1.16	398	[3]	ὁ	_	_
1.16	399	[1]	παρακείμενος	_	_
1.16	400	[2]	αὐτῷ	_	_
1.16	401	[8]	τῆς	_	_
1.16	402	[1]	ἑβδόμης	_	_
1.16	403	[3]	οὐκ	_	_
1.16	404	[2]	ἂν	_	_
1.16	405	[2]	ἐξωτέρω	_	_
1.16	406	[1]	προβαίη	_	_
1.16	407	[13]	.	b	_
1.16	408	[1]	τίς	_	_
1.16	409	[4]	δ	_	_
1.16	410	[10]	’	b	_
1.16	411	[1]	ἐστὶν	_	_
1.16	412	[2]	οὗτος	_	_
1.16	413	[34]	,	b	_
1.16	414	[8]	ἢ	_	_
1.16	415	[2]	δῆλον	_	_
1.16	416	[1]	ὅτι	_	_
1.16	417	[1]	ᾧ	_	_
1.16	418	[2]	πάντα	_	_
1.16	419	[4]	οὐκ	_	_
1.16	420	[1]	ἔστι	_	_
1.16	421	[2]	ἀσφαλέστατα	_	_
1.16	422	[3]	;	b	_
1.16	423	[1]	λέλεκται	_	_
1.16	424	[7]	γὰρ	_	_
1.16	425	[5]	οὖν	_	_
1.16	426	[2]	ἤδη	_	_
1.16	427	[13]	καὶ	_	_
1.16	428	[3]	πρόσθεν	_	_
1.16	429	[5]	ὡς	_	_
1.16	430	[3]	οὐ	_	_
1.16	431	[1]	ταὐτόν	_	_
1.16	432	[1]	ἐστιν	_	_
1.16	433	[1]	ὑπερθετικῶς	_	_
1.16	434	[1]	εἰπεῖν	_	_
1.16	435	[9]	ἢ	_	_
1.16	436	[1]	ἁπλῶς	_	_
1.16	437	[1]	ὁτιοῦν	_	_
1.16	438	[14]	.	b	_
1.16	439	[5]	οὐκ	_	_
1.16	440	[6]	οὖν	_	_
1.16	441	[1]	οὐδ	_	_
1.16	442	[11]	’	b	_
1.16	443	[1]	ἀσφαλές	_	_
1.16	444	[5]	τε	_	_
1.16	445	[14]	καὶ	_	_
1.16	446	[1]	ἀσφαλέστατον	_	_
1.16	447	[35]	,	b	_
1.16	448	[2]	οὐδὲ	_	_
1.16	449	[1]	κακόηθες	_	_
1.16	450	[15]	καὶ	_	_
1.16	451	[1]	κακοηθέστατον	_	_
1.16	452	[36]	,	b	_
1.16	453	[3]	οὐδὲ	_	_
1.16	454	[1]	δεινὸν	_	_
1.16	455	[16]	καὶ	_	_
1.16	456	[1]	δεινότατον	_	_
1.16	457	[37]	,	b	_
1.16	458	[1]	ἴσην	_	_
1.16	459	[1]	ἔχει	_	_
1.16	460	[8]	τὴν	_	_
1.16	461	[1]	δύναμιν	_	_
1.16	462	[15]	.	b	_
1.16	463	[1]	ἔστω	_	_
1.16	464	[1]	δή	_	_
1.16	465	[5]	τις	_	_
1.16	466	[3]	εὐθὺς	_	_
1.16	467	[2]	ἀπὸ	_	_
1.16	468	[9]	τῆς	_	_
1.16	469	[3]	πρώτης	_	_
1.16	470	[2]	ἡμέρας	_	_
1.16	471	[2]	πυρετὸς	_	_
1.16	472	[2]	ὀξὺς	_	_
1.16	473	[38]	,	b	_
1.16	474	[6]	οὐκ	_	_
1.16	475	[1]	ἄκρως	_	_
1.16	476	[9]	μὲν	_	_
1.16	477	[1]	ἁπλούστατός	_	_
1.16	478	[6]	τε	_	_
1.16	479	[17]	καὶ	_	_
1.16	480	[3]	ἐπὶ	_	_
1.16	481	[3]	σημείων	_	_
1.16	482	[2]	ἀσφαλεστάτων	_	_
1.16	483	[39]	,	b	_
1.16	484	[1]	ἁπλοῦς	_	_
1.16	485	[1]	μέντοι	_	_
1.16	486	[18]	καὶ	_	_
1.16	487	[4]	ἐπὶ	_	_
1.16	488	[4]	σημείων	_	_
1.16	489	[1]	ἀσφαλῶν	_	_
1.16	490	[16]	.	b	_
1.16	491	[1]	﻿	_	_
1.16	492	[1]	ὃν	_	_
1.16	493	[8]	γὰρ	_	_
1.16	494	[2]	Ἱπποκράτης	_	_
1.16	495	[1]	εὐήθη	_	_
1.16	496	[1]	καλεῖ	_	_
1.16	497	[40]	,	b	_
1.16	498	[2]	τοῦτον	_	_
1.16	499	[1]	ἐγὼ	_	_
1.16	500	[1]	ἁπλοῦν	_	_
1.16	501	[1]	ὀνομάζω	_	_
1.16	502	[41]	,	b	_
1.16	503	[1]	σαφηνείας	_	_
1.16	504	[1]	ἕνεκεν	_	_
1.16	505	[1]	φεύγων	_	_
1.16	506	[9]	τὴν	_	_
1.16	507	[1]	ὁμωνυμίαν	_	_
1.16	508	[42]	,	b	_
1.16	509	[3]	οὗτος	_	_
1.16	510	[2]	εἰς	_	_
1.16	511	[10]	τὴν	_	_
1.16	512	[3]	δευτέραν	_	_
1.16	513	[3]	τετράδα	_	_
1.16	514	[1]	προβήσεται	_	_
1.16	515	[17]	.	b	_
1.16	516	[9]	τὸ	_	_
1.16	517	[5]	δ	_	_
1.16	518	[12]	’	b	_
1.16	519	[3]	εἴτε	_	_
1.16	520	[4]	κατὰ	_	_
1.16	521	[11]	τὴν	_	_
1.16	522	[1]	πέμπτην	_	_
1.16	523	[4]	ἡμέραν	_	_
1.16	524	[43]	,	b	_
1.16	525	[10]	ἢ	_	_
1.16	526	[12]	τὴν	_	_
1.16	527	[1]	ἕκτην	_	_
1.16	528	[44]	,	b	_
1.16	529	[11]	ἢ	_	_
1.16	530	[13]	τὴν	_	_
1.16	531	[1]	ἑβδόμην	_	_
1.16	532	[2]	κριθήσεται	_	_
1.16	533	[45]	,	b	_
1.16	534	[1]	προϊόντος	_	_
1.16	535	[3]	τοῦ	_	_
1.16	536	[1]	λόγου	_	_
1.16	537	[1]	διορισθήσεται	_	_
1.16	538	[18]	.	b	_
1.16	539	[5]	κατὰ	_	_
1.16	540	[1]	ταὐτὰ	_	_
1.16	541	[5]	δὲ	_	_
1.16	542	[19]	καὶ	_	_
1.16	543	[4]	ὁ	_	_
1.16	544	[1]	κακοήθης	_	_
1.16	545	[7]	τε	_	_
1.16	546	[20]	καὶ	_	_
1.16	547	[5]	ἐπὶ	_	_
1.16	548	[5]	σημείων	_	_
1.16	549	[1]	δεινῶν	_	_
1.16	550	[1]	γινόμενος	_	_
1.16	551	[46]	,	b	_
1.16	552	[21]	καὶ	_	_
1.16	553	[9]	γὰρ	_	_
1.16	554	[22]	καὶ	_	_
1.16	555	[4]	οὗτος	_	_
1.16	556	[1]	ὅσον	_	_
1.16	557	[1]	ἀπολείπεται	_	_
1.16	558	[4]	τοῦ	_	_
1.16	559	[1]	κακοηθεστάτου	_	_
1.16	560	[23]	καὶ	_	_
1.16	561	[1]	μετὰ	_	_
1.16	562	[6]	σημείων	_	_
1.16	563	[2]	δεινοτάτων	_	_
1.16	564	[1]	γινομένου	_	_
1.16	565	[47]	,	b	_
1.16	566	[3]	τοσοῦτον	_	_
1.16	567	[24]	καὶ	_	_
1.16	568	[2]	τὸν	_	_
1.16	569	[1]	θάνατον	_	_
1.16	570	[1]	ὀψιαίτερον	_	_
1.16	571	[1]	ποιήσει	_	_
1.16	572	[19]	.	b	_
1.16	573	[8]	εἰ	_	_
1.16	574	[1]	δέ	_	_
1.16	575	[6]	τις	_	_
1.16	576	[2]	ἁπλοῦς	_	_
1.16	577	[8]	τε	_	_
1.16	578	[25]	καὶ	_	_
1.16	579	[1]	ἁπλουστάτους	_	_
1.16	580	[26]	καὶ	_	_
1.16	581	[1]	κακοήθεις	_	_
1.16	582	[9]	τε	_	_
1.16	583	[27]	καὶ	_	_
1.16	584	[1]	κακοηθεστάτους	_	_
1.16	585	[1]	πυρετοὺς	_	_
1.16	586	[1]	ἀγνοεῖ	_	_
1.16	587	[1]	διαγινώσκειν	_	_
1.16	588	[48]	,	b	_
1.16	589	[1]	οὔτ	_	_
1.16	590	[13]	’	b	_
1.16	591	[9]	εἰ	_	_
1.16	592	[1]	καλῶς	_	_
1.16	593	[2]	οὔτ	_	_
1.16	594	[14]	’	b	_
1.16	595	[10]	εἰ	_	_
1.16	596	[2]	μὴ	_	_
1.16	597	[2]	καλῶς	_	_
1.16	598	[1]	εἶπεν	_	_
1.16	599	[1]	ὑπὲρ	_	_
1.16	600	[1]	αὐτῶν	_	_
1.16	601	[3]	Ἱπποκράτης	_	_
1.16	602	[49]	,	b	_
1.16	603	[1]	οἶός	_	_
1.16	604	[2]	τ	_	_
1.16	605	[15]	’	b	_
1.16	606	[1]	ἔσται	_	_
1.16	607	[1]	ποτὲ	_	_
1.16	608	[3]	τῇ	_	_
1.16	609	[1]	πείρᾳ	_	_
1.16	610	[1]	βασανίσαι	_	_
1.16	611	[20]	.	b	_
1.16	612	[11]	εἰ	_	_
1.16	613	[6]	δὲ	_	_
1.16	614	[1]	μηδὲ	_	_
1.16	615	[1]	τὰς	_	_
1.16	616	[3]	τῶν	_	_
1.16	617	[7]	σημείων	_	_
1.16	618	[1]	εἰδείη	_	_
1.16	619	[1]	δυνάμεις	_	_
1.16	620	[50]	,	b	_
1.16	621	[3]	ἀλλ	_	_
1.16	622	[16]	’	b	_
1.16	623	[2]	ἁπλῶς	_	_
1.16	624	[1]	οἴοιτο	_	_
1.16	625	[2]	τὰ	_	_
1.16	626	[10]	μὲν	_	_
1.16	627	[1]	ἀγαθὰ	_	_
1.16	628	[51]	,	b	_
1.16	629	[3]	τὰ	_	_
1.16	630	[7]	δὲ	_	_
1.16	631	[2]	κακὰ	_	_
1.16	632	[1]	μόνον	_	_
1.16	633	[1]	ὑπάρχειν	_	_
1.16	634	[2]	αὐτῶν	_	_
1.16	635	[52]	,	b	_
1.16	636	[1]	ἔτι	_	_
1.16	637	[28]	καὶ	_	_
1.16	638	[3]	μᾶλλον	_	_
1.16	639	[6]	ὡς	_	_
1.16	640	[1]	ἐπῳδὴν	_	_
1.16	641	[1]	γραὸς	_	_
1.16	642	[1]	ἀναγνώσεται	_	_
1.16	643	[4]	τὰ	_	_
1.16	644	[1]	πρὸς	_	_
1.16	645	[1]	Ἱπποκράτους	_	_
1.16	646	[1]	γεγραμμένα	_	_
1.16	647	[21]	.	b	_
1.16	648	[2]	τοὺς	_	_
1.16	649	[11]	μὲν	_	_
1.16	650	[2]	δὴ	_	_
1.16	651	[1]	τοιούτους	_	_
1.16	652	[1]	τῶνδε	_	_
1.16	653	[4]	τῶν	_	_
1.16	654	[1]	ὑπομνημάτων	_	_
1.16	655	[1]	ἀπαλλάττεσθαι	_	_
1.16	656	[1]	ἀξιῶ	_	_
1.16	657	[4]	·	b	_
1.16	658	[3]	τοῖς	_	_
1.16	659	[8]	δὲ	_	_
1.16	660	[10]	τὸ	_	_
1.16	661	[1]	προγνωστικὸν	_	_
1.16	662	[2]	Ἱπποκράτους	_	_
1.16	663	[2]	ἀκριβῶς	_	_
1.16	664	[1]	ἀνεγνωκόσιν	_	_
1.16	665	[1]	ἐφεξῆς	_	_
1.16	666	[1]	διαλέξομαι	_	_
1.16	667	[22]	.	b	_
1.16	668	[6]	κατὰ	_	_
1.16	669	[12]	μὲν	_	_
1.16	670	[3]	δὴ	_	_
1.16	671	[14]	τὴν	_	_
1.16	672	[5]	πρώτην	_	_
1.16	673	[5]	ἡμέραν	_	_
1.16	674	[53]	,	b	_
1.16	675	[3]	οὕτως	_	_
1.16	676	[9]	δὲ	_	_
1.16	677	[1]	ἄκουέ	_	_
1.16	678	[1]	μου	_	_
1.16	679	[1]	διαπαντὸς	_	_
1.16	680	[1]	ὅλον	_	_
1.16	681	[3]	τὸν	_	_
1.16	682	[1]	ἐξ	_	_
1.16	683	[3]	ἡμέρας	_	_
1.16	684	[10]	τε	_	_
1.16	685	[29]	καὶ	_	_
1.16	686	[1]	νυκτὸς	_	_
1.16	687	[1]	χρόνον	_	_
1.16	688	[54]	,	b	_
1.16	689	[3]	εἰς	_	_
1.16	690	[2]	τὰς	_	_
1.16	691	[1]	τέτταρας	_	_
1.16	692	[6]	ἐπὶ	_	_
1.16	693	[1]	ταῖς	_	_
1.16	694	[1]	εἴκοσι	_	_
1.16	695	[1]	ὥραις	_	_
1.16	696	[1]	τεμνόμενον	_	_
1.16	697	[55]	,	b	_
1.16	698	[1]	ὑδατῶδες	_	_
1.16	699	[13]	μὲν	_	_
1.16	700	[3]	ἀκριβῶς	_	_
1.16	701	[1]	οὐρείσθω	_	_
1.16	702	[56]	,	b	_
1.16	703	[3]	πυρετὸς	_	_
1.16	704	[10]	δὲ	_	_
1.16	705	[2]	ἔστω	_	_
1.16	706	[1]	βληχρός	_	_
1.16	707	[5]	·	b	_
1.16	708	[5]	οὗτος	_	_
1.16	709	[5]	ὁ	_	_
1.16	710	[1]	ἄνθρωπος	_	_
1.16	711	[4]	εἰς	_	_
1.16	712	[1]	μακρὸν	_	_
1.16	713	[1]	ἐκταθήσεται	_	_
1.16	714	[2]	χρόνον	_	_
1.16	715	[23]	.	b	_
1.16	716	[1]	ὁπόσον	_	_
1.16	717	[2]	δέ	_	_
1.16	718	[1]	τινα	_	_
1.16	719	[3]	τοῦτον	_	_
1.16	720	[2]	ἐν	_	_
1.16	721	[14]	μὲν	_	_
1.16	722	[2]	ταῖς	_	_
1.16	723	[1]	πρώταις	_	_
1.16	724	[1]	ἡμέραις	_	_
1.16	725	[1]	οὔτε	_	_
1.16	726	[1]	δυνατὸν	_	_
1.16	727	[1]	γνῶναι	_	_
1.16	728	[2]	οὔτε	_	_
1.16	729	[2]	εἰδέναι	_	_
1.16	730	[1]	χρήσιμον	_	_
1.16	731	[24]	.	b	_
1.16	732	[1]	οὗ	_	_
1.16	733	[10]	γὰρ	_	_
1.16	734	[1]	ἕνεκα	_	_
1.16	735	[1]	δεόμεθα	_	_
1.16	736	[10]	τῆς	_	_
1.16	737	[1]	τοιαύτης	_	_
1.16	738	[1]	προγνώσεως	_	_
1.16	739	[57]	,	b	_
1.16	740	[1]	ἔχομεν	_	_
1.16	741	[3]	ἤδη	_	_
1.16	742	[3]	τοῦτο	_	_
1.16	743	[11]	τὸ	_	_
1.16	744	[11]	τῆς	_	_
1.16	745	[2]	διαίτης	_	_
1.16	746	[12]	τὸ	_	_
1.16	747	[1]	σχῆμα	_	_
1.16	748	[1]	καταστήσασθαι	_	_
1.16	749	[1]	πρόσφορον	_	_
1.16	750	[58]	,	b	_
1.16	751	[12]	τῆς	_	_
1.16	752	[2]	ἀκμῆς	_	_
1.16	753	[2]	μετὰ	_	_
1.16	754	[1]	πολλὰς	_	_
1.16	755	[4]	ἡμέρας	_	_
1.16	756	[2]	ἐσομένης	_	_
1.16	757	[25]	.	b	_
1.16	758	[1]	καθ	_	_
1.16	759	[17]	’	b	_
1.16	760	[1]	ἑκάστην	_	_
1.16	761	[2]	μέντοι	_	_
1.16	762	[4]	τετράδα	_	_
1.16	763	[1]	παραφυλάττων	_	_
1.16	764	[4]	ἀκριβῶς	_	_
1.16	765	[5]	τὰ	_	_
1.16	766	[3]	σημεῖα	_	_
1.16	767	[59]	,	b	_
1.16	768	[30]	καὶ	_	_
1.16	769	[1]	αὐτὸν	_	_
1.16	770	[4]	τὸν	_	_
1.16	771	[13]	τῆς	_	_
1.16	772	[3]	ἀκμῆς	_	_
1.16	773	[3]	χρόνον	_	_
1.16	774	[5]	ἀκριβῶς	_	_
1.16	775	[1]	δυνήσῃ	_	_
1.16	776	[1]	προγνῶναι	_	_
1.16	777	[26]	.	b	_
1.16	778	[2]	χρὴ	_	_
1.16	779	[11]	γὰρ	_	_
1.16	780	[60]	,	b	_
1.16	781	[1]	φησὶν	_	_
1.16	782	[61]	,	b	_
1.16	783	[3]	ἀπὸ	_	_
1.16	784	[14]	τῆς	_	_
1.16	785	[4]	πρώτης	_	_
1.16	786	[5]	ἡμέρας	_	_
1.16	787	[1]	ἐνθυμέεσθαι	_	_
1.16	788	[62]	,	b	_
1.16	789	[31]	καὶ	_	_
1.16	790	[2]	καθ	_	_
1.16	791	[18]	’	b	_
1.16	792	[2]	ἑκάστην	_	_
1.16	793	[5]	τετράδα	_	_
1.16	794	[1]	προστιθεμένην	_	_
1.16	795	[1]	σκέπτεσθαι	_	_
1.16	796	[63]	,	b	_
1.16	797	[32]	καὶ	_	_
1.16	798	[4]	οὐ	_	_
1.16	799	[1]	λήσεις	_	_
1.16	800	[1]	ὅπῃ	_	_
1.16	801	[1]	τρέψεται	_	_
1.16	802	[13]	τὸ	_	_
1.16	803	[3]	νόσημα	_	_
1.16	804	[27]	.	b	_
1.16	805	[1]	ταυτὶ	_	_
1.16	806	[15]	μὲν	_	_
1.16	807	[7]	οὖν	_	_
1.16	808	[1]	κᾀν	_	_
1.16	809	[4]	τοῖς	_	_
1.16	810	[2]	ἐφεξῆς	_	_
1.16	811	[1]	ἐπιπλέον	_	_
1.16	812	[1]	ἐξεργασόμεθα	_	_
1.16	813	[28]	.	b	_
1.16	814	[2]	πρὸς	_	_
1.16	815	[11]	δὲ	_	_
1.16	816	[15]	τὴν	_	_
1.16	817	[5]	τοῦ	_	_
1.16	818	[1]	πρώτου	_	_
1.16	819	[1]	καιροῦ	_	_
1.16	820	[2]	πρόγνωσιν	_	_
1.16	821	[64]	,	b	_
1.16	822	[2]	ὃν	_	_
1.16	823	[1]	ἀρχὴν	_	_
1.16	824	[1]	ὀνομάζουσιν	_	_
1.16	825	[65]	,	b	_
1.16	826	[5]	εἰς	_	_
1.16	827	[2]	ὅσον	_	_
1.16	828	[2]	ἐκταθήσεται	_	_
1.16	829	[4]	χρόνον	_	_
1.16	830	[66]	,	b	_
1.16	831	[4]	ἤδη	_	_
1.16	832	[2]	μέγα	_	_
1.16	833	[1]	τι	_	_
1.16	834	[7]	κατὰ	_	_
1.16	835	[16]	τὴν	_	_
1.16	836	[6]	πρώτην	_	_
1.16	837	[6]	ἡμέραν	_	_
1.16	838	[1]	ἐδείχθη	_	_
1.16	839	[1]	λαμβανόμενον	_	_
1.16	840	[67]	,	b	_
1.16	841	[1]	ὅπερ	_	_
1.16	842	[7]	ἐπὶ	_	_
1.16	843	[15]	τῆς	_	_
1.16	844	[1]	δευτέρας	_	_
1.16	845	[6]	ἡμέρας	_	_
1.16	846	[2]	ἔτι	_	_
1.16	847	[1]	σαφέστερον	_	_
1.16	848	[1]	ἔνεστι	_	_
1.16	849	[1]	διορίζεσθαι	_	_
1.16	850	[29]	.	b	_
1.16	851	[1]	μενόντων	_	_
1.16	852	[12]	γὰρ	_	_
1.16	853	[1]	ὁμοίως	_	_
1.16	854	[6]	τοῦ	_	_
1.16	855	[11]	τε	_	_
1.16	856	[1]	πυρετοῦ	_	_
1.16	857	[33]	καὶ	_	_
1.16	858	[5]	τῶν	_	_
1.16	859	[1]	οὔρων	_	_
1.16	860	[68]	,	b	_
1.16	861	[5]	οὐ	_	_
1.16	862	[2]	μόνον	_	_
1.16	863	[7]	ὡς	_	_
1.16	864	[2]	οὔπω	_	_
1.16	865	[16]	τῆς	_	_
1.16	866	[1]	ἀναβάσεως	_	_
1.16	867	[1]	ἡ	_	_
1.16	868	[1]	νόσος	_	_
1.16	869	[1]	ὑπήρξατο	_	_
1.16	870	[1]	λέγειν	_	_
1.16	871	[2]	ἔχομεν	_	_
1.16	872	[69]	,	b	_
1.16	873	[4]	ἀλλ	_	_
1.16	874	[19]	’	b	_
1.16	875	[8]	ὡς	_	_
1.16	876	[4]	οὐδὲ	_	_
1.16	877	[1]	θᾶττον	_	_
1.16	878	[1]	ἄρξεται	_	_
1.16	879	[17]	τῆς	_	_
1.16	880	[2]	ἑβδόμης	_	_
1.16	881	[7]	ἡμέρας	_	_
1.16	882	[30]	.	b	_
1.16	883	[1]	ἔμαθες	_	_
1.16	884	[13]	γὰρ	_	_
1.16	885	[9]	ὡς	_	_
1.16	886	[2]	ἐσχάτως	_	_
1.16	887	[1]	ἄπεπτον	_	_
1.16	888	[1]	ὑπάρχει	_	_
1.16	889	[14]	τὸ	_	_
1.16	890	[2]	ὑδατῶδες	_	_
1.16	891	[1]	οὖρον	_	_
1.16	892	[31]	.	b	_
1.16	893	[2]	ὥστ	_	_
1.16	894	[20]	’	b	_
1.16	895	[6]	οὐ	_	_
1.16	896	[3]	μόνον	_	_
1.16	897	[5]	ἤδη	_	_
1.16	898	[1]	παρόντα	_	_
1.16	899	[2]	διαγινώσκειν	_	_
1.16	900	[1]	οἷόν	_	_
1.16	901	[12]	τε	_	_
1.16	902	[5]	τὸν	_	_
1.16	903	[18]	τῆς	_	_
1.16	904	[1]	ἀρχῆς	_	_
1.16	905	[1]	καιρὸν	_	_
1.16	906	[70]	,	b	_
1.16	907	[3]	ἀλλὰ	_	_
1.16	908	[34]	καὶ	_	_
1.16	909	[2]	προγινώσκειν	_	_
1.16	910	[1]	πολλάκις	_	_
1.16	911	[6]	εἰς	_	_
1.16	912	[1]	ὅ	_	_
1.16	913	[2]	τι	_	_
1.16	914	[1]	τελευτήσει	_	_
1.16	915	[32]	.	b	_
1.17	1	[1]	Ἐπὶ	_	_
1.17	2	[1]	μὲν	_	_
1.17	3	[1]	δὴ	_	_
1.17	4	[1]	τῶν	_	_
1.17	5	[1]	οὕτως	_	_
1.17	6	[1]	χρονίων	_	_
1.17	7	[1]	ἱκανῶς	_	_
1.17	8	[1]	ἐστιν	_	_
1.17	9	[1]	ὁ	_	_
1.17	10	[1]	καιρὸς	_	_
1.17	11	[1]	τῆς	_	_
1.17	12	[1]	ἀρχῆς	_	_
1.17	13	[1]	μακρός	_	_
1.17	14	[1]	·	b	_
1.17	15	[1]	ἐπὶ	_	_
1.17	16	[1]	δὲ	_	_
1.17	17	[2]	τῶν	_	_
1.17	18	[1]	κατοξέων	_	_
1.17	19	[1]	ἐσχάτως	_	_
1.17	20	[1]	στενός	_	_
1.17	21	[1]	.	b	_
1.17	22	[1]	εἰ	_	_
1.17	23	[1]	γὰρ	_	_
1.17	24	[1]	εὐθὺς	_	_
1.17	25	[1]	ἐν	_	_
1.17	26	[1]	τῇ	_	_
1.17	27	[1]	πρώτῃ	_	_
1.17	28	[3]	τῶν	_	_
1.17	29	[1]	ἡμερῶν	_	_
1.17	30	[2]	ἐν	_	_
1.17	31	[1]	τοῖς	_	_
1.17	32	[1]	οὔροις	_	_
1.17	33	[1]	τι	_	_
1.17	34	[1]	φαίνοιτο	_	_
1.17	35	[1]	σημεῖον	_	_
1.17	36	[1]	πέψεως	_	_
1.17	37	[1]	,	b	_
1.17	38	[1]	ἐκπέπτωκεν	_	_
1.17	39	[1]	ἤδη	_	_
1.17	40	[1]	τοῦτο	_	_
1.17	41	[2]	τῆς	_	_
1.17	42	[2]	ἀρχῆς	_	_
1.17	43	[2]	.	b	_
1.17	44	[1]	ἆρ	_	_
1.17	45	[1]	’	b	_
1.17	46	[1]	οὖν	_	_
1.17	47	[1]	οὐδ	_	_
1.17	48	[2]	’	b	_
1.17	49	[1]	ἤρξατο	_	_
1.17	50	[2]	τοῦτο	_	_
1.17	51	[1]	τὸ	_	_
1.17	52	[1]	παράπαν	_	_
1.17	53	[1]	;	b	_
1.17	54	[1]	ἢ	_	_
1.17	55	[3]	τοῦτο	_	_
1.17	56	[2]	μὲν	_	_
1.17	57	[1]	ἀδύνατον	_	_
1.17	58	[2]	;	b	_
1.17	59	[1]	οὐ	_	_
1.17	60	[2]	γὰρ	_	_
1.17	61	[1]	ἐνδέχεταί	_	_
1.17	62	[2]	τι	_	_
1.17	63	[1]	νόσημα	_	_
1.17	64	[1]	τὴν	_	_
1.17	65	[1]	ἰδίαν	_	_
1.17	66	[1]	ἀκμὴν	_	_
1.17	67	[1]	ἀπολαβεῖν	_	_
1.17	68	[1]	ἄνευ	_	_
1.17	69	[3]	τῆς	_	_
1.17	70	[3]	ἀρχῆς	_	_
1.17	71	[1]	τε	_	_
1.17	72	[1]	καὶ	_	_
1.17	73	[4]	τῆς	_	_
1.17	74	[1]	ἀναβάσεως	_	_
1.17	75	[3]	.	b	_
1.17	76	[2]	ἐσχάτως	_	_
1.17	77	[2]	δὲ	_	_
1.17	78	[1]	βραχὺς	_	_
1.17	79	[1]	ἑκάτερος	_	_
1.17	80	[2]	ὁ	_	_
1.17	81	[1]	χρόνος	_	_
1.17	82	[1]	αὐτῶν	_	_
1.17	83	[1]	γίνεται	_	_
1.17	84	[2]	,	b	_
1.17	85	[1]	ὡς	_	_
1.17	86	[1]	πολλάκις	_	_
1.17	87	[3]	ἐν	_	_
1.17	88	[2]	τῇ	_	_
1.17	89	[2]	πρώτῃ	_	_
1.17	90	[4]	τῶν	_	_
1.17	91	[2]	ἡμερῶν	_	_
1.17	92	[1]	ἀκμάσαι	_	_
1.17	93	[2]	τὴν	_	_
1.17	94	[1]	νόσον	_	_
1.17	95	[4]	.	b	_
1.17	96	[2]	οὕτως	_	_
1.17	97	[2]	οὖν	_	_
1.17	98	[1]	ὀξείας	_	_
1.17	99	[4]	ἀρχῆς	_	_
1.17	100	[1]	οὐδὲ	_	_
1.17	101	[1]	πρόγνωσιν	_	_
1.17	102	[1]	δεῖ	_	_
1.17	103	[1]	ζητεῖν	_	_
1.17	104	[1]	τοῦ	_	_
1.17	105	[1]	τέλους	_	_
1.17	106	[3]	,	b	_
1.17	107	[1]	ἀλλ	_	_
1.17	108	[3]	’	b	_
1.17	109	[1]	ἀγαπᾷν	_	_
1.17	110	[2]	εἰ	_	_
1.17	111	[1]	παροῦσάν	_	_
1.17	112	[2]	τε	_	_
1.17	113	[1]	διαγινώσκειν	_	_
1.17	114	[1]	τις	_	_
1.17	115	[1]	δύναιτο	_	_
1.17	116	[2]	καὶ	_	_
1.17	117	[1]	ὁπηνίκα	_	_
1.17	118	[1]	πρῶτον	_	_
1.17	119	[1]	εἰς	_	_
1.17	120	[3]	τὴν	_	_
1.17	121	[1]	ἀνάβασιν	_	_
1.17	122	[1]	μεταπίπτει	_	_
1.17	123	[1]	σαφῶς	_	_
1.17	124	[1]	γνωρίζειν	_	_
1.17	125	[5]	.	b	_
1.17	126	[1]	ἔστι	_	_
1.17	127	[3]	δὲ	_	_
1.17	128	[1]	κοινὴ	_	_
1.17	129	[5]	τῶν	_	_
1.17	130	[1]	τοιούτων	_	_
1.17	131	[1]	ἀρχῶν	_	_
1.17	132	[3]	τε	_	_
1.17	133	[3]	καὶ	_	_
1.17	134	[1]	ἀναβάσεων	_	_
1.17	135	[1]	ἡ	_	_
1.17	136	[1]	διάγνωσις	_	_
1.17	137	[2]	τοῖς	_	_
1.17	138	[2]	τοῦ	_	_
1.17	139	[1]	πρώτου	_	_
1.17	140	[1]	παροξυσμοῦ	_	_
1.17	141	[1]	μέρεσιν	_	_
1.17	142	[6]	.	b	_
1.17	143	[2]	ἡ	_	_
1.17	144	[3]	γὰρ	_	_
1.17	145	[1]	αὐτὴ	_	_
1.17	146	[1]	κᾀκείνου	_	_
1.17	147	[4]	καὶ	_	_
1.17	148	[3]	τοῦ	_	_
1.17	149	[1]	σύμπαντος	_	_
1.17	150	[1]	νοσήματος	_	_
1.17	151	[1]	ἀρχή	_	_
1.17	152	[4]	τε	_	_
1.17	153	[5]	καὶ	_	_
1.17	154	[1]	ἀνάβασις	_	_
1.17	155	[2]	γίνεται	_	_
1.17	156	[2]	·	b	_
1.17	157	[2]	οὐ	_	_
1.17	158	[4]	γὰρ	_	_
1.17	159	[2]	δὴ	_	_
1.17	160	[1]	κᾀκεῖνος	_	_
1.17	161	[2]	εὐθὺς	_	_
1.17	162	[1]	ἀπ	_	_
1.17	163	[4]	’	b	_
1.17	164	[1]	ἀκμῆς	_	_
1.17	165	[1]	ἄρχεται	_	_
1.17	166	[7]	.	b	_
1.17	167	[4]	τοῦτο	_	_
1.17	168	[5]	γὰρ	_	_
1.17	169	[3]	οὐ	_	_
1.17	170	[1]	μόνον	_	_
1.17	171	[1]	οὐδεὶς	_	_
1.17	172	[1]	οἶδεν	_	_
1.17	173	[4]	,	b	_
1.17	174	[2]	ἀλλ	_	_
1.17	175	[5]	’	b	_
1.17	176	[2]	οὐδ	_	_
1.17	177	[6]	’	b	_
1.17	178	[1]	ἐπινοῆσαι	_	_
1.17	179	[1]	δύναται	_	_
1.17	180	[5]	,	b	_
1.17	181	[1]	πυρετὸν	_	_
1.17	182	[1]	ὀξὺν	_	_
1.17	183	[3]	εὐθὺς	_	_
1.17	184	[1]	ὑπὸ	_	_
1.17	185	[4]	τὴν	_	_
1.17	186	[1]	πρώτην	_	_
1.17	187	[1]	εἰσβολὴν	_	_
1.17	188	[1]	ἀκμάζοντα	_	_
1.17	189	[1]	συστῆναι	_	_
1.17	190	[6]	,	b	_
1.17	191	[1]	καθάπερ	_	_
1.17	192	[2]	ὑπὸ	_	_
1.17	193	[1]	κεραυνοῦ	_	_
1.17	194	[1]	πληγέντος	_	_
1.17	195	[4]	τοῦ	_	_
1.17	196	[1]	ἀνθρώπου	_	_
1.17	197	[8]	.	b	_
1.17	198	[1]	πῶς	_	_
1.17	199	[3]	οὖν	_	_
1.17	200	[4]	ἐν	_	_
1.17	201	[3]	τῇ	_	_
1.17	202	[3]	πρώτῃ	_	_
1.17	203	[6]	τῶν	_	_
1.17	204	[3]	ἡμερῶν	_	_
1.17	205	[1]	ἀκμάζον	_	_
1.17	206	[1]	γνωρισθήσεται	_	_
1.17	207	[2]	τὸ	_	_
1.17	208	[2]	νόσημα	_	_
1.17	209	[3]	;	b	_
1.17	210	[2]	πῶς	_	_
1.17	211	[1]	δ	_	_
1.17	212	[7]	’	b	_
1.17	213	[1]	ἄλλως	_	_
1.17	214	[2]	ἢ	_	_
1.17	215	[3]	εἰ	_	_
1.17	216	[1]	τὰ	_	_
1.17	217	[5]	τῆς	_	_
1.17	218	[2]	πέψεως	_	_
1.17	219	[4]	εὐθὺς	_	_
1.17	220	[1]	ἔχει	_	_
1.17	221	[1]	σημεῖα	_	_
1.17	222	[4]	;	b	_
1.17	223	[1]	παραπλήσιον	_	_
1.17	224	[1]	γάρ	_	_
1.17	225	[3]	τι	_	_
1.17	226	[1]	συμβαίνει	_	_
1.17	227	[1]	κατὰ	_	_
1.17	228	[5]	τὴν	_	_
1.17	229	[7]	τῶν	_	_
1.17	230	[1]	ὠμῶν	_	_
1.17	231	[1]	χυμῶν	_	_
1.17	232	[1]	πέψιν	_	_
1.17	233	[1]	οἷόν	_	_
1.17	234	[4]	τι	_	_
1.17	235	[1]	κᾀν	_	_
1.17	236	[3]	τοῖς	_	_
1.17	237	[1]	φλεγμαίνουσι	_	_
1.17	238	[1]	μορίοις	_	_
1.17	239	[1]	συμπίπτει	_	_
1.17	240	[9]	.	b	_
1.17	241	[1]	λέγει	_	_
1.17	242	[1]	δέ	_	_
1.17	243	[1]	που	_	_
1.17	244	[6]	καὶ	_	_
1.17	245	[1]	περὶ	_	_
1.17	246	[1]	τούτων	_	_
1.17	247	[3]	ὁ	_	_
1.17	248	[1]	Ἱπποκράτης	_	_
1.17	249	[1]	ᾧδε	_	_
1.17	250	[3]	·	b	_
1.17	251	[2]	περὶ	_	_
1.17	252	[3]	μὲν	_	_
1.17	253	[1]	τὰς	_	_
1.17	254	[1]	γενέσιας	_	_
1.17	255	[5]	τοῦ	_	_
1.17	256	[1]	πύου	_	_
1.17	257	[1]	οἱ	_	_
1.17	258	[1]	πόνοι	_	_
1.17	259	[7]	καὶ	_	_
1.17	260	[2]	οἱ	_	_
1.17	261	[1]	πυρετοὶ	_	_
1.17	262	[1]	συμβαίνουσι	_	_
1.17	263	[1]	μᾶλλον	_	_
1.17	264	[3]	ἢ	_	_
1.17	265	[1]	γενομένου	_	_
1.17	266	[10]	.	b	_
1.17	267	[1]	ὥσπερ	_	_
1.17	268	[4]	οὖν	_	_
1.17	269	[1]	οὐκ	_	_
1.17	270	[1]	ἐνδέχεται	_	_
1.17	271	[1]	διαπυησάσης	_	_
1.17	272	[1]	φλεγμονῆς	_	_
1.17	273	[1]	ἔτ	_	_
1.17	274	[8]	’	b	_
1.17	275	[1]	ἀκμαῖον	_	_
1.17	276	[2]	πυρετὸν	_	_
1.17	277	[1]	εἶναι	_	_
1.17	278	[7]	,	b	_
1.17	279	[4]	ἢ	_	_
1.17	280	[1]	πόνον	_	_
1.17	281	[1]	ἀπαντῆσαι	_	_
1.17	282	[8]	,	b	_
1.17	283	[2]	κατὰ	_	_
1.17	284	[1]	τὸν	_	_
1.17	285	[1]	αὐτὸν	_	_
1.17	286	[1]	τρόπον	_	_
1.17	287	[3]	οὐδ	_	_
1.17	288	[9]	’	b	_
1.17	289	[1]	ἂν	_	_
1.17	290	[1]	ὑφίστηταί	_	_
1.17	291	[5]	τι	_	_
1.17	292	[1]	χρηστὸν	_	_
1.17	293	[5]	ἐν	_	_
1.17	294	[4]	τοῖς	_	_
1.17	295	[2]	οὔροις	_	_
1.17	296	[1]	ἀκριβῶς	_	_
1.17	297	[11]	.	b	_
1.17	298	[1]	νεφέλης	_	_
1.17	299	[1]	μέντοι	_	_
1.17	300	[1]	γε	_	_
1.17	301	[1]	μόνης	_	_
1.17	302	[9]	,	b	_
1.17	303	[1]	ἤ	_	_
1.17	304	[1]	τινων	_	_
1.17	305	[1]	ἐναιωρημάτων	_	_
1.17	306	[1]	ἀγαθῶν	_	_
1.17	307	[1]	γινομένων	_	_
1.17	308	[10]	,	b	_
1.17	309	[4]	ὁ	_	_
1.17	310	[6]	τῆς	_	_
1.17	311	[2]	ἀκμῆς	_	_
1.17	312	[2]	καιρὸς	_	_
1.17	313	[1]	οὔπω	_	_
1.17	314	[1]	πάρεστι	_	_
1.17	315	[12]	.	b	_
1.17	316	[8]	καὶ	_	_
1.17	317	[1]	πολὺ	_	_
1.17	318	[3]	δὴ	_	_
1.17	319	[2]	μᾶλλον	_	_
1.17	320	[11]	,	b	_
1.17	321	[1]	ἐπειδὰν	_	_
1.17	322	[1]	μηδὲν	_	_
1.17	323	[2]	τούτων	_	_
1.17	324	[1]	ᾖ	_	_
1.17	325	[12]	,	b	_
1.17	326	[1]	πλὴν	_	_
1.17	327	[4]	εἰ	_	_
1.17	328	[1]	μὴ	_	_
1.17	329	[1]	πάνυ	_	_
1.17	330	[1]	σφόδρα	_	_
1.17	331	[1]	χολῶδες	_	_
1.17	332	[1]	εἴη	_	_
1.17	333	[3]	τὸ	_	_
1.17	334	[3]	νόσημα	_	_
1.17	335	[13]	.	b	_
1.17	336	[1]	ὅστις	_	_
1.17	337	[2]	ἂν	_	_
1.17	338	[5]	οὖν	_	_
1.17	339	[1]	ἅπασι	_	_
1.17	340	[5]	τοῖς	_	_
1.17	341	[1]	εἰρημένοις	_	_
1.17	342	[2]	πολλάκις	_	_
1.17	343	[2]	ἐπὶ	_	_
1.17	344	[8]	τῶν	_	_
1.17	345	[1]	ἀῤῥώστων	_	_
1.17	346	[2]	ἀκριβῶς	_	_
1.17	347	[2]	τὸν	_	_
1.17	348	[1]	νοῦν	_	_
1.17	349	[1]	προσέσχε	_	_
1.17	350	[13]	,	b	_
1.17	351	[1]	τοῦτον	_	_
1.17	352	[2]	οὐκ	_	_
1.17	353	[1]	ἄν	_	_
1.17	354	[1]	ποτε	_	_
1.17	355	[1]	λάθοι	_	_
1.17	356	[3]	καιρὸς	_	_
1.17	357	[1]	οὐδείς	_	_
1.17	358	[14]	.	b	_
1.17	359	[3]	ἀλλ	_	_
1.17	360	[10]	’	b	_
1.17	361	[5]	εἰ	_	_
1.17	362	[4]	μὲν	_	_
1.17	363	[1]	ὀξὺς	_	_
1.17	364	[2]	εἴη	_	_
1.17	365	[14]	,	b	_
1.17	366	[1]	παρόντα	_	_
1.17	367	[5]	τε	_	_
1.17	368	[3]	ἂν	_	_
1.17	369	[2]	αὐτὸν	_	_
1.17	370	[1]	διαγινώσκοι	_	_
1.17	371	[3]	ἀκριβῶς	_	_
1.17	372	[15]	,	b	_
1.17	373	[9]	καὶ	_	_
1.17	374	[1]	προγινώσκοι	_	_
1.17	375	[1]	τ	_	_
1.17	376	[11]	’	b	_
1.17	377	[4]	ἂν	_	_
1.17	378	[1]	ὅσον	_	_
1.17	379	[2]	οὔπω	_	_
1.17	380	[1]	γενησόμενον	_	_
1.17	381	[4]	·	b	_
1.17	382	[6]	εἰ	_	_
1.17	383	[4]	δὲ	_	_
1.17	384	[1]	χρόνιος	_	_
1.17	385	[16]	,	b	_
1.17	386	[1]	ἐκ	_	_
1.17	387	[1]	πολλοῦ	_	_
1.17	388	[5]	μὲν	_	_
1.17	389	[1]	στοχάσαιτο	_	_
1.17	390	[5]	ἂν	_	_
1.17	391	[17]	,	b	_
1.17	392	[1]	προσιόντος	_	_
1.17	393	[2]	δ	_	_
1.17	394	[12]	’	b	_
1.17	395	[1]	ἐγγυτέρω	_	_
1.17	396	[1]	σαφέστερον	_	_
1.17	397	[1]	ἔτι	_	_
1.17	398	[2]	προγινώσκοι	_	_
1.17	399	[15]	.	b	_
1.17	400	[1]	καθόλου	_	_
1.17	401	[6]	γὰρ	_	_
1.17	402	[1]	χρὴ	_	_
1.17	403	[5]	τοῦτο	_	_
1.17	404	[1]	γινώσκειν	_	_
1.17	405	[18]	,	b	_
1.17	406	[2]	ὡς	_	_
1.17	407	[7]	εἰ	_	_
1.17	408	[1]	μή	_	_
1.17	409	[6]	τι	_	_
1.17	410	[1]	σαφὲς	_	_
1.17	411	[1]	ὀφθείη	_	_
1.17	412	[3]	πέψεως	_	_
1.17	413	[1]	γνώρισμα	_	_
1.17	414	[19]	,	b	_
1.17	415	[4]	τὸ	_	_
1.17	416	[1]	ἄχρι	_	_
1.17	417	[1]	τοῦδε	_	_
1.17	418	[1]	σύμπαν	_	_
1.17	419	[1]	ἀρχὴ	_	_
1.17	420	[6]	τοῦ	_	_
1.17	421	[2]	νοσήματος	_	_
1.17	422	[1]	ὑπάρχει	_	_
1.17	423	[16]	.	b	_
1.17	424	[1]	ὁπόσον	_	_
1.17	425	[6]	οὖν	_	_
1.17	426	[2]	ἔτι	_	_
1.17	427	[1]	λείπεται	_	_
1.17	428	[6]	τοῖς	_	_
1.17	429	[1]	ἐνεστῶσι	_	_
1.17	430	[2]	εἰς	_	_
1.17	431	[5]	τὸ	_	_
1.17	432	[2]	σαφὲς	_	_
1.17	433	[1]	ἐκεῖνο	_	_
1.17	434	[7]	τῆς	_	_
1.17	435	[4]	πέψεως	_	_
1.17	436	[2]	γνώρισμα	_	_
1.17	437	[20]	,	b	_
1.17	438	[1]	παρά	_	_
1.17	439	[6]	τε	_	_
1.17	440	[8]	τῆς	_	_
1.17	441	[7]	τοῦ	_	_
1.17	442	[3]	νοσήματος	_	_
1.17	443	[1]	κινήσεως	_	_
1.17	444	[10]	καὶ	_	_
1.17	445	[1]	φύσεως	_	_
1.17	446	[21]	,	b	_
1.17	447	[1]	ὥρας	_	_
1.17	448	[7]	τε	_	_
1.17	449	[11]	καὶ	_	_
1.17	450	[1]	χώρας	_	_
1.17	451	[12]	καὶ	_	_
1.17	452	[1]	ἡλικίας	_	_
1.17	453	[22]	,	b	_
1.17	454	[13]	καὶ	_	_
1.17	455	[1]	κράσεως	_	_
1.17	456	[1]	αὐτοῦ	_	_
1.17	457	[8]	τοῦ	_	_
1.17	458	[1]	κάμνοντος	_	_
1.17	459	[1]	ἐξευρήσεις	_	_
1.17	460	[17]	.	b	_
1.17	461	[8]	εἰ	_	_
1.17	462	[6]	μὲν	_	_
1.17	463	[7]	γὰρ	_	_
1.17	464	[1]	τό	_	_
1.17	465	[8]	τε	_	_
1.17	466	[4]	νόσημα	_	_
1.17	467	[1]	χρόνιον	_	_
1.17	468	[3]	εἴη	_	_
1.17	469	[1]	φύσει	_	_
1.17	470	[23]	,	b	_
1.17	471	[2]	καθάπερ	_	_
1.17	472	[1]	ἀμφημερινὸς	_	_
1.17	473	[9]	εἰ	_	_
1.17	474	[1]	τύχοι	_	_
1.17	475	[24]	,	b	_
1.17	476	[14]	καὶ	_	_
1.17	477	[2]	φαίνοιτο	_	_
1.17	478	[1]	βραδέως	_	_
1.17	479	[3]	ἐπὶ	_	_
1.17	480	[2]	τοῦδε	_	_
1.17	481	[9]	τοῦ	_	_
1.17	482	[2]	κάμνοντος	_	_
1.17	483	[1]	κινεῖσθαι	_	_
1.17	484	[15]	καὶ	_	_
1.17	485	[1]	οἷον	_	_
1.17	486	[1]	τύφεσθαι	_	_
1.17	487	[16]	καὶ	_	_
1.17	488	[1]	καταπνίγεσθαι	_	_
1.17	489	[25]	,	b	_
1.17	490	[17]	καὶ	_	_
1.17	491	[3]	ἡ	_	_
1.17	492	[1]	ὥρα	_	_
1.17	493	[10]	τοῦ	_	_
1.17	494	[1]	ἔτους	_	_
1.17	495	[4]	εἴη	_	_
1.17	496	[1]	χειμὼν	_	_
1.17	497	[18]	καὶ	_	_
1.17	498	[6]	τὸ	_	_
1.17	499	[1]	χωρίον	_	_
1.17	500	[1]	ψυχρὸν	_	_
1.17	501	[26]	,	b	_
1.17	502	[1]	ἥ	_	_
1.17	503	[1]	θ	_	_
1.17	504	[13]	’	b	_
1.17	505	[1]	ἡλικία	_	_
1.17	506	[1]	﻿	_	_
1.17	507	[19]	καὶ	_	_
1.17	508	[4]	ἡ	_	_
1.17	509	[1]	φύσις	_	_
1.17	510	[11]	τοῦ	_	_
1.17	511	[3]	κάμνοντος	_	_
1.17	512	[4]	ἐπὶ	_	_
1.17	513	[7]	τὸ	_	_
1.17	514	[1]	ψυχρότερον	_	_
1.17	515	[1]	ῥέποι	_	_
1.17	516	[27]	,	b	_
1.17	517	[2]	πολλοῦ	_	_
1.17	518	[12]	τοῦ	_	_
1.17	519	[1]	μεταξὺ	_	_
1.17	520	[1]	δεήσει	_	_
1.17	521	[1]	χρόνου	_	_
1.17	522	[1]	πρὸς	_	_
1.17	523	[6]	τὴν	_	_
1.17	524	[13]	τοῦ	_	_
1.17	525	[1]	σαφοῦς	_	_
1.17	526	[1]	σημείου	_	_
1.17	527	[1]	γένεσιν	_	_
1.17	528	[28]	,	b	_
1.17	529	[1]	ὃν	_	_
1.17	530	[1]	ἅπαντα	_	_
1.17	531	[9]	τῆς	_	_
1.17	532	[5]	ἀρχῆς	_	_
1.17	533	[1]	ἀριθμητέον	_	_
1.17	534	[18]	.	b	_
1.17	535	[1]	ἔστω	_	_
1.17	536	[1]	σοί	_	_
1.17	537	[1]	γ	_	_
1.17	538	[14]	’	b	_
1.17	539	[7]	οὖν	_	_
1.17	540	[1]	χειμῶνος	_	_
1.17	541	[1]	ἀρξάμενος	_	_
1.17	542	[2]	ἀμφημερινὸς	_	_
1.17	543	[6]	ἐν	_	_
1.17	544	[3]	οὕτως	_	_
1.17	545	[1]	ἔχοντι	_	_
1.17	546	[1]	σώματι	_	_
1.17	547	[3]	καθάπερ	_	_
1.17	548	[1]	εἴρηται	_	_
1.17	549	[1]	νῦν	_	_
1.17	550	[29]	,	b	_
1.17	551	[1]	ἅμα	_	_
1.17	552	[7]	τοῖς	_	_
1.17	553	[4]	ἀκριβῶς	_	_
1.17	554	[1]	ἀπέπτοις	_	_
1.17	555	[20]	καὶ	_	_
1.17	556	[1]	ὑδατώδεσιν	_	_
1.17	557	[3]	οὔροις	_	_
1.17	558	[30]	,	b	_
1.17	559	[4]	οὐ	_	_
1.17	560	[2]	μόνον	_	_
1.17	561	[3]	οὐκ	_	_
1.17	562	[6]	ἂν	_	_
1.17	563	[10]	τῆς	_	_
1.17	564	[1]	ἑβδόμης	_	_
1.17	565	[1]	ἡμέρας	_	_
1.17	566	[1]	ἐντὸς	_	_
1.17	567	[31]	,	b	_
1.17	568	[4]	ἀλλ	_	_
1.17	569	[15]	’	b	_
1.17	570	[2]	οὐδὲ	_	_
1.17	571	[11]	τῆς	_	_
1.17	572	[1]	τεσσαρεσκαιδεκάτης	_	_
1.17	573	[1]	δύναιτό	_	_
1.17	574	[2]	τις	_	_
1.17	575	[1]	ἔχειν	_	_
1.17	576	[3]	σαφὲς	_	_
1.17	577	[2]	σημεῖον	_	_
1.17	578	[5]	πέψεως	_	_
1.17	579	[19]	.	b	_
1.17	580	[1]	οὕτω	_	_
1.17	581	[5]	δὲ	_	_
1.17	582	[1]	προσαγορεύω	_	_
1.17	583	[1]	τά	_	_
1.17	584	[9]	τε	_	_
1.17	585	[9]	τῶν	_	_
1.17	586	[1]	ἀμυδρῶν	_	_
1.17	587	[2]	μεταξὺ	_	_
1.17	588	[21]	καὶ	_	_
1.17	589	[2]	τὰ	_	_
1.17	590	[12]	τῆς	_	_
1.17	591	[1]	τελείας	_	_
1.17	592	[6]	πέψεως	_	_
1.17	593	[20]	.	b	_
1.17	594	[5]	ἡ	_	_
1.17	595	[7]	μὲν	_	_
1.17	596	[8]	οὖν	_	_
1.17	597	[1]	τελεία	_	_
1.17	598	[1]	πέψις	_	_
1.17	599	[1]	ἐστὶν	_	_
1.17	600	[32]	,	b	_
1.17	601	[1]	ὅταν	_	_
1.17	602	[7]	ἐν	_	_
1.17	603	[8]	τοῖς	_	_
1.17	604	[4]	οὔροις	_	_
1.17	605	[2]	ὑφίστηταί	_	_
1.17	606	[7]	τι	_	_
1.17	607	[1]	λευκόν	_	_
1.17	608	[10]	τε	_	_
1.17	609	[22]	καὶ	_	_
1.17	610	[1]	λεῖον	_	_
1.17	611	[23]	καὶ	_	_
1.17	612	[1]	ὁμαλὸν	_	_
1.17	613	[24]	καὶ	_	_
1.17	614	[1]	συνεχές	_	_
1.17	615	[5]	·	b	_
1.17	616	[6]	ἡ	_	_
1.17	617	[3]	δ	_	_
1.17	618	[16]	’	b	_
1.17	619	[1]	ἀμυδρὰ	_	_
1.17	620	[2]	πέψις	_	_
1.17	621	[33]	,	b	_
1.17	622	[2]	ὅταν	_	_
1.17	623	[1]	ἐξ	_	_
1.17	624	[1]	ὑδατώδους	_	_
1.17	625	[1]	οὔρου	_	_
1.17	626	[1]	μετρίως	_	_
1.17	627	[1]	ὕπωχρον	_	_
1.17	628	[1]	γένηται	_	_
1.17	629	[21]	.	b	_
1.17	630	[25]	καὶ	_	_
1.17	631	[8]	μὲν	_	_
1.17	632	[4]	δὴ	_	_
1.17	633	[26]	καὶ	_	_
1.17	634	[10]	εἰ	_	_
1.17	635	[1]	θολερὸν	_	_
1.17	636	[1]	γένοιτο	_	_
1.17	637	[27]	καὶ	_	_
1.17	638	[1]	μένοι	_	_
1.17	639	[1]	τοιοῦτον	_	_
1.17	640	[34]	,	b	_
1.17	641	[28]	καὶ	_	_
1.17	642	[6]	τοῦτο	_	_
1.17	643	[1]	ἀσαφοῦς	_	_
1.17	644	[1]	τέ	_	_
1.17	645	[2]	ἐστιν	_	_
1.17	646	[29]	καὶ	_	_
1.17	647	[1]	ἀμυδρᾶς	_	_
1.17	648	[7]	πέψεως	_	_
1.17	649	[3]	γνώρισμα	_	_
1.17	650	[22]	.	b	_
1.17	651	[30]	καὶ	_	_
1.17	652	[8]	τὸ	_	_
1.17	653	[1]	πυῤῥόν	_	_
1.17	654	[11]	τε	_	_
1.17	655	[31]	καὶ	_	_
1.17	656	[1]	λεπτὸν	_	_
1.17	657	[2]	ἐκ	_	_
1.17	658	[1]	ταὐτοῦ	_	_
1.17	659	[1]	γένους	_	_
1.17	660	[1]	ἐστίν	_	_
1.17	661	[23]	.	b	_
1.17	662	[5]	ἀλλ	_	_
1.17	663	[17]	’	b	_
1.17	664	[1]	οὐδὲν	_	_
1.17	665	[3]	τούτων	_	_
1.17	666	[7]	τὴν	_	_
1.17	667	[1]	ἀρχὴν	_	_
1.17	668	[1]	πεπαῦσθαι	_	_
1.17	669	[1]	δηλοῖ	_	_
1.17	670	[24]	.	b	_
1.17	671	[1]	σαφεστέρου	_	_
1.17	672	[8]	γὰρ	_	_
1.17	673	[1]	ἀεὶ	_	_
1.17	674	[3]	τὰ	_	_
1.17	675	[1]	τοιαῦτα	_	_
1.17	676	[1]	δεῖται	_	_
1.17	677	[1]	γνωρίσματος	_	_
1.17	678	[35]	,	b	_
1.17	679	[1]	ἤτοι	_	_
1.17	680	[2]	νεφέλης	_	_
1.17	681	[1]	λευκῆς	_	_
1.17	682	[5]	ἢ	_	_
1.17	683	[1]	ἐναιωρήματος	_	_
1.17	684	[1]	ὁμαλοῦ	_	_
1.17	685	[12]	τε	_	_
1.17	686	[32]	καὶ	_	_
1.17	687	[1]	συνεχοῦς	_	_
1.17	688	[33]	καὶ	_	_
1.17	689	[1]	λευκοῦ	_	_
1.17	690	[25]	.	b	_
1.17	691	[34]	καὶ	_	_
1.17	692	[9]	μὲν	_	_
1.17	693	[5]	δὴ	_	_
1.17	694	[35]	καὶ	_	_
1.17	695	[7]	ἡ	_	_
1.17	696	[1]	ἐρυθρὰ	_	_
1.17	697	[1]	νεφέλη	_	_
1.17	698	[36]	καὶ	_	_
1.17	699	[8]	ἡ	_	_
1.17	700	[1]	ὑπόστασις	_	_
1.17	701	[9]	ἡ	_	_
1.17	702	[1]	τοιαύτη	_	_
1.17	703	[26]	.	b	_
1.17	704	[37]	καὶ	_	_
1.17	705	[1]	χωρὶς	_	_
1.17	706	[1]	ὑποστάσεως	_	_
1.17	707	[6]	δὲ	_	_
1.17	708	[9]	τὸ	_	_
1.17	709	[1]	εὔχρουν	_	_
1.17	710	[1]	οὖρον	_	_
1.17	711	[2]	ἅμα	_	_
1.17	712	[1]	τῷ	_	_
1.17	713	[1]	συμμέτρῳ	_	_
1.17	714	[1]	πάχει	_	_
1.17	715	[2]	πεπαῦσθαι	_	_
1.17	716	[2]	δηλοῖ	_	_
1.17	717	[8]	τὴν	_	_
1.17	718	[1]	ἀρχήν	_	_
1.17	719	[27]	.	b	_
1.18	1	[1]	Οὕτω	_	_
1.18	2	[1]	δὲ	_	_
1.18	3	[1]	κᾀν	_	_
1.18	4	[1]	τοῖς	_	_
1.18	5	[1]	περιπνευμονικοῖς	_	_
1.18	6	[1]	τε	_	_
1.18	7	[1]	καὶ	_	_
1.18	8	[1]	πλευριτικοῖς	_	_
1.18	9	[1]	πάθεσι	_	_
1.18	10	[1]	τὰ	_	_
1.18	11	[1]	μὲν	_	_
1.18	12	[1]	ἰδίως	_	_
1.18	13	[1]	ὀνομαζόμενα	_	_
1.18	14	[1]	πτύελα	_	_
1.18	15	[1]	ταῖς	_	_
1.18	16	[1]	ἐν	_	_
1.18	17	[2]	τοῖς	_	_
1.18	18	[1]	οὔροις	_	_
1.18	19	[1]	ὑποστάσεσιν	_	_
1.18	20	[1]	ἔοικε	_	_
1.18	21	[1]	,	b	_
1.18	22	[1]	τὸ	_	_
1.18	23	[2]	δὲ	_	_
1.18	24	[1]	μηδ	_	_
1.18	25	[1]	’	b	_
1.18	26	[1]	ὅλως	_	_
1.18	27	[1]	ἀποπτύειν	_	_
1.18	28	[1]	μηδὲν	_	_
1.18	29	[2]	,	b	_
1.18	30	[1]	ἀλλὰ	_	_
1.18	31	[1]	βήττειν	_	_
1.18	32	[1]	μόνον	_	_
1.18	33	[1]	ξηρῶς	_	_
1.18	34	[3]	,	b	_
1.18	35	[1]	οἷόν	_	_
1.18	36	[1]	περ	_	_
1.18	37	[2]	τὸ	_	_
1.18	38	[2]	ἐν	_	_
1.18	39	[3]	τοῖς	_	_
1.18	40	[2]	οὔροις	_	_
1.18	41	[1]	ἐστὶν	_	_
1.18	42	[1]	ἄπεπτον	_	_
1.18	43	[1]	ἐσχάτως	_	_
1.18	44	[4]	,	b	_
1.18	45	[1]	ὅπερ	_	_
1.18	46	[1]	ὑδατῶδες	_	_
1.18	47	[1]	καλοῦμεν	_	_
1.18	48	[1]	.	b	_
1.18	49	[1]	εἰ	_	_
1.18	50	[3]	δὲ	_	_
1.18	51	[1]	ἐκ	_	_
1.18	52	[1]	τοῦ	_	_
1.18	53	[2]	μηδ	_	_
1.18	54	[2]	’	b	_
1.18	55	[2]	ὅλως	_	_
1.18	56	[1]	πτύειν	_	_
1.18	57	[1]	εἰς	_	_
1.18	58	[3]	τὸ	_	_
1.18	59	[2]	πτύειν	_	_
1.18	60	[2]	μὲν	_	_
1.18	61	[5]	,	b	_
1.18	62	[1]	ἀλλ	_	_
1.18	63	[3]	’	b	_
1.18	64	[1]	ὑγρά	_	_
1.18	65	[2]	τε	_	_
1.18	66	[2]	καὶ	_	_
1.18	67	[1]	τελέως	_	_
1.18	68	[1]	ἄπεπτα	_	_
1.18	69	[1]	μετασταίη	_	_
1.18	70	[6]	,	b	_
1.18	71	[1]	δῆλον	_	_
1.18	72	[1]	ὡς	_	_
1.18	73	[1]	ἀμυδρά	_	_
1.18	74	[3]	τε	_	_
1.18	75	[3]	καὶ	_	_
1.18	76	[1]	ἀσαφὴς	_	_
1.18	77	[1]	αὐτῶν	_	_
1.18	78	[1]	παντάπασιν	_	_
1.18	79	[1]	ἡ	_	_
1.18	80	[1]	τοιαύτη	_	_
1.18	81	[1]	μεταβολὴ	_	_
1.18	82	[4]	καὶ	_	_
1.18	83	[1]	οὔπω	_	_
1.18	84	[1]	πέπαυται	_	_
1.18	85	[2]	τοῦ	_	_
1.18	86	[1]	νοσήματος	_	_
1.18	87	[1]	ὁ	_	_
1.18	88	[1]	πρῶτος	_	_
1.18	89	[1]	καιρὸς	_	_
1.18	90	[7]	,	b	_
1.18	91	[1]	ὃν	_	_
1.18	92	[1]	ἀρχὴν	_	_
1.18	93	[1]	ἔφαμεν	_	_
1.18	94	[1]	ὀνομάζεσθαι	_	_
1.18	95	[2]	.	b	_
1.18	96	[1]	πότ	_	_
1.18	97	[4]	’	b	_
1.18	98	[1]	οὖν	_	_
1.18	99	[1]	αὕτη	_	_
1.18	100	[3]	μὲν	_	_
1.18	101	[1]	παύσεται	_	_
1.18	102	[8]	,	b	_
1.18	103	[1]	μεταστήσεται	_	_
1.18	104	[4]	δὲ	_	_
1.18	105	[2]	τελέως	_	_
1.18	106	[2]	εἰς	_	_
1.18	107	[1]	τὴν	_	_
1.18	108	[1]	ἐπίδοσιν	_	_
1.18	109	[2]	ἡ	_	_
1.18	110	[1]	νόσος	_	_
1.18	111	[1]	;	b	_
1.18	112	[1]	ὅταν	_	_
1.18	113	[1]	ἄρξηται	_	_
1.18	114	[3]	πτύειν	_	_
1.18	115	[1]	ὀλίγα	_	_
1.18	116	[1]	πέπονα	_	_
1.18	117	[9]	,	b	_
1.18	118	[4]	τὸ	_	_
1.18	119	[1]	δ	_	_
1.18	120	[5]	’	b	_
1.18	121	[1]	ἀπὸ	_	_
1.18	122	[1]	τούτου	_	_
1.18	123	[1]	σύμπαν	_	_
1.18	124	[1]	ἄχρι	_	_
1.18	125	[1]	τῆς	_	_
1.18	126	[1]	ἀκμῆς	_	_
1.18	127	[1]	ἀεὶ	_	_
1.18	128	[5]	καὶ	_	_
1.18	129	[1]	μᾶλλον	_	_
1.18	130	[1]	αὐτοῦ	_	_
1.18	131	[1]	πλείω	_	_
1.18	132	[6]	καὶ	_	_
1.18	133	[1]	βελτίω	_	_
1.18	134	[7]	καὶ	_	_
1.18	135	[1]	εὐπετέστερον	_	_
1.18	136	[1]	ἀποπτύοντος	_	_
1.18	137	[3]	.	b	_
1.18	138	[2]	ὅταν	_	_
1.18	139	[5]	δὲ	_	_
1.18	140	[1]	ἀκριβῶς	_	_
1.18	141	[1]	ᾖ	_	_
1.18	142	[1]	πέπονά	_	_
1.18	143	[4]	τε	_	_
1.18	144	[8]	καὶ	_	_
1.18	145	[1]	πολλὰ	_	_
1.18	146	[9]	καὶ	_	_
1.18	147	[1]	μὴ	_	_
1.18	148	[1]	δυσχερῶς	_	_
1.18	149	[1]	ἀναπτυόμενα	_	_
1.18	150	[10]	,	b	_
1.18	151	[2]	τῆς	_	_
1.18	152	[2]	ἀκμῆς	_	_
1.18	153	[2]	ὁ	_	_
1.18	154	[1]	καιρός	_	_
1.18	155	[4]	.	b	_
1.18	156	[3]	ὅταν	_	_
1.18	157	[6]	δὲ	_	_
1.18	158	[1]	ὁμοίως	_	_
1.18	159	[4]	μὲν	_	_
1.18	160	[2]	ἀκριβῶς	_	_
1.18	161	[2]	πέπονά	_	_
1.18	162	[5]	τε	_	_
1.18	163	[10]	καὶ	_	_
1.18	164	[1]	ἀλύπως	_	_
1.18	165	[1]	ἀναγόμενα	_	_
1.18	166	[11]	,	b	_
1.18	167	[1]	μειωθῇ	_	_
1.18	168	[7]	δὲ	_	_
1.18	169	[5]	τὸ	_	_
1.18	170	[1]	πλῆθος	_	_
1.18	171	[1]	ἥ	_	_
1.18	172	[1]	τ	_	_
1.18	173	[6]	’	b	_
1.18	174	[1]	ὀδύνη	_	_
1.18	175	[1]	μηκέτ	_	_
1.18	176	[7]	’	b	_
1.18	177	[2]	ᾖ	_	_
1.18	178	[12]	,	b	_
1.18	179	[1]	πεπαῦσθαι	_	_
1.18	180	[1]	χρὴ	_	_
1.18	181	[1]	νομίζειν	_	_
1.18	182	[2]	τὴν	_	_
1.18	183	[1]	ἀκμὴν	_	_
1.18	184	[13]	,	b	_
1.18	185	[1]	παραλαμβάνει	_	_
1.18	186	[1]	γὰρ	_	_
1.18	187	[3]	ἡ	_	_
1.18	188	[1]	παρακμή	_	_
1.18	189	[5]	.	b	_
1.18	190	[1]	ὑποθώμεθα	_	_
1.18	191	[2]	οὖν	_	_
1.18	192	[1]	τινα	_	_
1.18	193	[1]	πάλιν	_	_
1.18	194	[1]	ἄῤῥωστον	_	_
1.18	195	[1]	ὑπὸ	_	_
1.18	196	[1]	πλευρίτιδός	_	_
1.18	197	[1]	τινος	_	_
1.18	198	[1]	ἐχόμενον	_	_
1.18	199	[14]	,	b	_
1.18	200	[1]	οὔτ	_	_
1.18	201	[8]	’	b	_
1.18	202	[1]	ἀναπτύοντά	_	_
1.18	203	[1]	τι	_	_
1.18	204	[11]	καὶ	_	_
1.18	205	[1]	οὐροῦντα	_	_
1.18	206	[1]	λεπτὰ	_	_
1.18	207	[5]	μὲν	_	_
1.18	208	[15]	,	b	_
1.18	209	[2]	ἀλλ	_	_
1.18	210	[9]	’	b	_
1.18	211	[1]	εὔχροα	_	_
1.18	212	[6]	.	b	_
1.18	213	[1]	περὶ	_	_
1.18	214	[8]	δὲ	_	_
1.18	215	[3]	τὴν	_	_
1.18	216	[1]	ἑνδεκάτην	_	_
1.18	217	[1]	ἡμέραν	_	_
1.18	218	[1]	ἀρχέσθω	_	_
1.18	219	[6]	μὲν	_	_
1.18	220	[4]	πτύειν	_	_
1.18	221	[16]	,	b	_
1.18	222	[1]	ὑγρὰ	_	_
1.18	223	[9]	δὲ	_	_
1.18	224	[12]	καὶ	_	_
1.18	225	[2]	ἄπεπτα	_	_
1.18	226	[7]	.	b	_
1.18	227	[1]	τοῦτον	_	_
1.18	228	[1]	ὅτι	_	_
1.18	229	[7]	μὲν	_	_
1.18	230	[1]	οὐκ	_	_
1.18	231	[1]	ἄν	_	_
1.18	232	[1]	τις	_	_
1.18	233	[1]	φαίη	_	_
1.18	234	[1]	πρὸ	_	_
1.18	235	[3]	τῆς	_	_
1.18	236	[1]	ἑνδεκάτης	_	_
1.18	237	[1]	ἡμέρας	_	_
1.18	238	[3]	ἐν	_	_
1.18	239	[1]	ἄλλῳ	_	_
1.18	240	[1]	τινὶ	_	_
1.18	241	[3]	τοῦ	_	_
1.18	242	[2]	νοσήματος	_	_
1.18	243	[1]	εἶναι	_	_
1.18	244	[1]	καιρῷ	_	_
1.18	245	[1]	πλὴν	_	_
1.18	246	[4]	ἐν	_	_
1.18	247	[1]	ἀρχῇ	_	_
1.18	248	[17]	,	b	_
1.18	249	[1]	παντί	_	_
1.18	250	[1]	που	_	_
1.18	251	[2]	δῆλον	_	_
1.18	252	[8]	.	b	_
1.18	253	[1]	ἐπὶ	_	_
1.18	254	[10]	δὲ	_	_
1.18	255	[4]	τῆς	_	_
1.18	256	[2]	ἑνδεκάτης	_	_
1.18	257	[1]	ἴσως	_	_
1.18	258	[8]	μὲν	_	_
1.18	259	[2]	ἄν	_	_
1.18	260	[1]	τῳ	_	_
1.18	261	[1]	δόξειε	_	_
1.18	262	[1]	μεταπεπτωκέναι	_	_
1.18	263	[1]	σαφῶς	_	_
1.18	264	[18]	,	b	_
1.18	265	[3]	ἀλλ	_	_
1.18	266	[10]	’	b	_
1.18	267	[1]	οὐχ	_	_
1.18	268	[1]	ᾧδε	_	_
1.18	269	[1]	ἔχει	_	_
1.18	270	[9]	.	b	_
1.18	271	[4]	ἡ	_	_
1.18	272	[2]	γὰρ	_	_
1.18	273	[1]	ἑνδεκάτη	_	_
1.18	274	[5]	τῆς	_	_
1.18	275	[1]	τεσσαρεσκαιδεκάτης	_	_
1.18	276	[1]	ἐπίδηλος	_	_
1.18	277	[1]	οὖσα	_	_
1.18	278	[4]	τὴν	_	_
1.18	279	[4]	τοῦ	_	_
1.18	280	[1]	δευτέρου	_	_
1.18	281	[1]	καιροῦ	_	_
1.18	282	[6]	τῆς	_	_
1.18	283	[1]	νόσου	_	_
1.18	284	[1]	σαφῆ	_	_
1.18	285	[13]	καὶ	_	_
1.18	286	[1]	βεβαίαν	_	_
1.18	287	[2]	ἀρχὴν	_	_
1.18	288	[1]	ἐκείνην	_	_
1.18	289	[1]	ἕξειν	_	_
1.18	290	[1]	προδηλοῖ	_	_
1.18	291	[10]	.	b	_
1.18	292	[1]	παραφυλάξοις	_	_
1.18	293	[1]	γ	_	_
1.18	294	[11]	’	b	_
1.18	295	[3]	οὖν	_	_
1.18	296	[1]	αὐτὴν	_	_
1.18	297	[5]	τὴν	_	_
1.18	298	[1]	τεσσαρεσκαιδεκάτην	_	_
1.18	299	[19]	,	b	_
1.18	300	[2]	εἰ	_	_
1.18	301	[4]	τοῖς	_	_
1.18	302	[3]	ἑνδεκάτης	_	_
1.18	303	[1]	προδεδηλωμένοις	_	_
1.18	304	[1]	ὁμολογεῖ	_	_
1.18	305	[11]	.	b	_
1.18	306	[14]	καὶ	_	_
1.18	307	[1]	μετὰ	_	_
1.18	308	[1]	ταύτην	_	_
1.18	309	[1]	αὖθις	_	_
1.18	310	[6]	τὴν	_	_
1.18	311	[1]	ἑπτακαιδεκάτην	_	_
1.18	312	[20]	,	b	_
1.18	313	[1]	ἐπεὶ	_	_
1.18	314	[15]	καὶ	_	_
1.18	315	[1]	ἥδε	_	_
1.18	316	[7]	τῆς	_	_
1.18	317	[1]	εἰκοστῆς	_	_
1.18	318	[1]	ἐστιν	_	_
1.18	319	[2]	ἐπίδηλος	_	_
1.18	320	[21]	,	b	_
1.18	321	[2]	ὡς	_	_
1.18	322	[5]	ἐν	_	_
1.18	323	[5]	τοῖς	_	_
1.18	324	[2]	περὶ	_	_
1.18	325	[1]	κρισίμων	_	_
1.18	326	[1]	εἴρηται	_	_
1.18	327	[12]	.	b	_
1.18	328	[1]	φέρε	_	_
1.18	329	[1]	δὴ	_	_
1.18	330	[1]	κατὰ	_	_
1.18	331	[2]	ταύτην	_	_
1.18	332	[1]	αὐτὸν	_	_
1.18	333	[1]	πτύσαι	_	_
1.18	334	[1]	μικρὰ	_	_
1.18	335	[9]	μὲν	_	_
1.18	336	[22]	,	b	_
1.18	337	[2]	πέπονα	_	_
1.18	338	[11]	δὲ	_	_
1.18	339	[23]	,	b	_
1.18	340	[2]	κατὰ	_	_
1.18	341	[7]	τὴν	_	_
1.18	342	[1]	εἰκοστὴν	_	_
1.18	343	[1]	τούτῳ	_	_
1.18	344	[1]	δυνατόν	_	_
1.18	345	[1]	ἐστίν	_	_
1.18	346	[2]	τινα	_	_
1.18	347	[1]	γενέσθαι	_	_
1.18	348	[1]	κρίσιν	_	_
1.18	349	[24]	,	b	_
1.18	350	[1]	οὐ	_	_
1.18	351	[1]	μὴν	_	_
1.18	352	[1]	τελείαν	_	_
1.18	353	[1]	γε	_	_
1.18	354	[1]	διὰ	_	_
1.18	355	[8]	τὴν	_	_
1.18	356	[1]	τοιαύτην	_	_
1.18	357	[1]	αἰτίαν	_	_
1.18	358	[25]	,	b	_
1.18	359	[2]	ὅτι	_	_
1.18	360	[2]	οὐ	_	_
1.18	361	[9]	τὴν	_	_
1.18	362	[2]	αὐτὴν	_	_
1.18	363	[1]	ἔχουσι	_	_
1.18	364	[1]	δύναμιν	_	_
1.18	365	[26]	,	b	_
1.18	366	[2]	οὔτ	_	_
1.18	367	[12]	’	b	_
1.18	368	[1]	αὖ	_	_
1.18	369	[1]	τῶν	_	_
1.18	370	[1]	ἐπιδήλων	_	_
1.18	371	[1]	αἱ	_	_
1.18	372	[1]	πρῶται	_	_
1.18	373	[2]	ταῖς	_	_
1.18	374	[1]	ὑστέραις	_	_
1.18	375	[27]	,	b	_
1.18	376	[1]	οὔθ	_	_
1.18	377	[13]	’	b	_
1.18	378	[2]	αἱ	_	_
1.18	379	[2]	πρῶται	_	_
1.18	380	[1]	κρίσιμοι	_	_
1.18	381	[3]	ταῖς	_	_
1.18	382	[1]	ἐξ	_	_
1.18	383	[1]	ὑστέρου	_	_
1.18	384	[1]	κρισίμοις	_	_
1.18	385	[13]	.	b	_
1.18	386	[4]	ἀλλ	_	_
1.18	387	[14]	’	b	_
1.18	388	[1]	ἰσχυρότεραι	_	_
1.18	389	[10]	μὲν	_	_
1.18	390	[3]	αἱ	_	_
1.18	391	[3]	πρῶται	_	_
1.18	392	[14]	.	b	_
1.18	393	[1]	χρονίζοντος	_	_
1.18	394	[2]	δ	_	_
1.18	395	[15]	’	b	_
1.18	396	[1]	ἤδη	_	_
1.18	397	[5]	τοῦ	_	_
1.18	398	[3]	νοσήματος	_	_
1.18	399	[1]	ἀσθενέστεραι	_	_
1.18	400	[1]	γίνονται	_	_
1.18	401	[15]	.	b	_
1.18	402	[2]	χρὴ	_	_
1.18	403	[1]	τοίνυν	_	_
1.18	404	[2]	ἐπὶ	_	_
1.18	405	[1]	προήκοντι	_	_
1.18	406	[1]	τῷ	_	_
1.18	407	[1]	νοσήματι	_	_
1.18	408	[28]	,	b	_
1.18	409	[16]	καὶ	_	_
1.18	410	[1]	μάλισθ	_	_
1.18	411	[16]	’	b	_
1.18	412	[4]	ὅταν	_	_
1.18	413	[1]	ἱκανῶς	_	_
1.18	414	[2]	ἄπεπτον	_	_
1.18	415	[3]	ᾖ	_	_
1.18	416	[29]	,	b	_
1.18	417	[1]	μεγάλην	_	_
1.18	418	[1]	γίνεσθαι	_	_
1.18	419	[1]	μεταβολὴν	_	_
1.18	420	[30]	,	b	_
1.18	421	[1]	ἵν	_	_
1.18	422	[17]	’	b	_
1.18	423	[1]	ἀσφαλὴς	_	_
1.18	424	[1]	ἐλπισθῇ	_	_
1.18	425	[1]	κρίσις	_	_
1.18	426	[16]	.	b	_
1.18	427	[1]	μεγάλη	_	_
1.18	428	[1]	δέ	_	_
1.18	429	[1]	τίς	_	_
1.18	430	[1]	ἐστι	_	_
1.18	431	[2]	μεταβολὴ	_	_
1.18	432	[31]	,	b	_
1.18	433	[3]	πέπονα	_	_
1.18	434	[3]	τελέως	_	_
1.18	435	[1]	οὐρῆσαί	_	_
1.18	436	[6]	τε	_	_
1.18	437	[17]	καὶ	_	_
1.18	438	[2]	πτύσαι	_	_
1.18	439	[17]	.	b	_
1.18	440	[1]	τοιαῦτα	_	_
1.18	441	[12]	δὲ	_	_
1.18	442	[2]	οὐχ	_	_
1.18	443	[1]	ὑπέκειτο	_	_
1.18	444	[2]	τὰ	_	_
1.18	445	[3]	κατὰ	_	_
1.18	446	[10]	τὴν	_	_
1.18	447	[2]	ἑπτακαιδεκάτην	_	_
1.18	448	[18]	.	b	_
1.18	449	[1]	ὥστε	_	_
1.18	450	[2]	οὐκ	_	_
1.18	451	[1]	ἐνδέχεται	_	_
1.18	452	[4]	κατὰ	_	_
1.18	453	[11]	τὴν	_	_
1.18	454	[2]	εἰκοστὴν	_	_
1.18	455	[2]	ἡμέραν	_	_
1.18	456	[1]	τὸν	_	_
1.18	457	[1]	τοιοῦτον	_	_
1.18	458	[2]	ἄῤῥωστον	_	_
1.18	459	[1]	ἀπαλλαγῆναι	_	_
1.18	460	[6]	τοῦ	_	_
1.18	461	[4]	νοσήματος	_	_
1.18	462	[32]	,	b	_
1.18	463	[1]	ἢ	_	_
1.18	464	[18]	καὶ	_	_
1.18	465	[1]	κριθῆναι	_	_
1.18	466	[4]	τελέως	_	_
1.18	467	[1]	·	b	_
1.18	468	[5]	ἀλλ	_	_
1.18	469	[18]	’	b	_
1.18	470	[1]	ἀρκεῖ	_	_
1.18	471	[1]	μεταβολήν	_	_
1.18	472	[3]	τινα	_	_
1.18	473	[1]	ἀξιόλογον	_	_
1.18	474	[2]	γενέσθαι	_	_
1.18	475	[19]	.	b	_
1.18	476	[1]	δυνήσεται	_	_
1.18	477	[3]	γὰρ	_	_
1.18	478	[1]	ἔν	_	_
1.18	479	[1]	τινι	_	_
1.18	480	[2]	τῶν	_	_
1.18	481	[1]	ἐφεξῆς	_	_
1.18	482	[2]	κρισίμων	_	_
1.18	483	[5]	ἡ	_	_
1.18	484	[1]	τελεία	_	_
1.18	485	[1]	λύσις	_	_
1.18	486	[1]	ἀπαντῆσαι	_	_
1.18	487	[20]	.	b	_
1.18	488	[1]	ἆρ	_	_
1.18	489	[19]	’	b	_
1.18	490	[4]	οὖν	_	_
1.18	491	[1]	ὑπόθεσις	_	_
1.18	492	[2]	μόνον	_	_
1.18	493	[2]	ἐστὶν	_	_
1.18	494	[3]	ὁ	_	_
1.18	495	[1]	λόγος	_	_
1.18	496	[33]	,	b	_
1.18	497	[2]	ἢ	_	_
1.18	498	[19]	καὶ	_	_
1.18	499	[1]	τοιοῦτος	_	_
1.18	500	[1]	ὦπται	_	_
1.18	501	[1]	ἄῤῥωστος	_	_
1.18	502	[2]	;	b	_
1.18	503	[1]	ἐμοὶ	_	_
1.18	504	[11]	μὲν	_	_
1.18	505	[1]	δοκεῖ	_	_
1.18	506	[1]	ταῦτ	_	_
1.18	507	[20]	’	b	_
1.18	508	[1]	ἔχειν	_	_
1.18	509	[1]	ἅπαντα	_	_
1.18	510	[3]	τὰ	_	_
1.18	511	[1]	νῦν	_	_
1.18	512	[1]	εἰρημένα	_	_
1.18	513	[4]	ὁ	_	_
1.18	514	[6]	ἐν	_	_
1.18	515	[2]	τῷ	_	_
1.18	516	[1]	τρίτῳ	_	_
1.18	517	[3]	τῶν	_	_
1.18	518	[1]	ἐπιδημιῶν	_	_
1.18	519	[1]	ὑφ	_	_
1.18	520	[21]	’	b	_
1.18	521	[1]	Ἱπποκράτους	_	_
1.18	522	[1]	γεγραμμένος	_	_
1.18	523	[1]	ὄγδοος	_	_
1.18	524	[34]	,	b	_
1.18	525	[2]	ἀπὸ	_	_
1.18	526	[8]	τῆς	_	_
1.18	527	[1]	λοιμώδους	_	_
1.18	528	[1]	καταστάσεως	_	_
1.18	529	[21]	.	b	_
1.18	530	[2]	ἔχει	_	_
1.18	531	[3]	δ	_	_
1.18	532	[22]	’	b	_
1.18	533	[6]	ἡ	_	_
1.18	534	[1]	σύμπασα	_	_
1.18	535	[1]	ῥῆσις	_	_
1.18	536	[2]	ᾧδε	_	_
1.18	537	[2]	·	b	_
1.18	538	[7]	ἐν	_	_
1.18	539	[1]	Ἀβδήροις	_	_
1.18	540	[1]	Ἀναξίων	_	_
1.18	541	[35]	,	b	_
1.18	542	[1]	ὃς	_	_
1.18	543	[1]	κατέκειτο	_	_
1.18	544	[1]	παρὰ	_	_
1.18	545	[1]	τὰς	_	_
1.18	546	[1]	Θρηϊκίας	_	_
1.18	547	[1]	πύλας	_	_
1.18	548	[3]	·	b	_
1.18	549	[1]	πυρετὸς	_	_
1.18	550	[1]	ὀξὺς	_	_
1.18	551	[1]	ἔλαβε	_	_
1.18	552	[22]	.	b	_
1.18	553	[1]	πλευροῦ	_	_
1.18	554	[1]	δεξιοῦ	_	_
1.18	555	[2]	ὀδύνη	_	_
1.18	556	[1]	ξυνεχής	_	_
1.18	557	[23]	.	b	_
1.18	558	[1]	βὴξ	_	_
1.18	559	[1]	ξηρά	_	_
1.18	560	[24]	.	b	_
1.18	561	[1]	οὐδὲν	_	_
1.18	562	[1]	ἔπτυε	_	_
1.18	563	[2]	τὰς	_	_
1.18	564	[1]	πρώτας	_	_
1.18	565	[36]	,	b	_
1.18	566	[1]	διψώδης	_	_
1.18	567	[37]	,	b	_
1.18	568	[1]	ἄγρυπνος	_	_
1.18	569	[25]	.	b	_
1.18	570	[1]	οὖρα	_	_
1.18	571	[4]	δ	_	_
1.18	572	[23]	’	b	_
1.18	573	[2]	εὔχροα	_	_
1.18	574	[38]	,	b	_
1.18	575	[2]	λεπτὰ	_	_
1.18	576	[20]	καὶ	_	_
1.18	577	[2]	πολλὰ	_	_
1.18	578	[39]	,	b	_
1.18	579	[1]	ἕκτῃ	_	_
1.18	580	[1]	παράληρος	_	_
1.18	581	[26]	.	b	_
1.18	582	[1]	πρὸς	_	_
1.18	583	[13]	δὲ	_	_
1.18	584	[4]	τὰ	_	_
1.18	585	[1]	θερμάσματα	_	_
1.18	586	[2]	οὐδὲν	_	_
1.18	587	[1]	ἐνεδίδοτο	_	_
1.18	588	[27]	.	b	_
1.18	589	[1]	ἑβδόμῃ	_	_
1.18	590	[1]	ἐπίπονος	_	_
1.18	591	[28]	.	b	_
1.18	592	[1]	ὅ	_	_
1.18	593	[7]	τε	_	_
1.18	594	[4]	γὰρ	_	_
1.18	595	[2]	πυρετὸς	_	_
1.18	596	[1]	ἐπέτεινεν	_	_
1.18	597	[40]	,	b	_
1.18	598	[1]	οἵ	_	_
1.18	599	[8]	τε	_	_
1.18	600	[1]	πόνοι	_	_
1.18	601	[3]	οὐ	_	_
1.18	602	[1]	ξυνεδίδοσαν	_	_
1.18	603	[4]	·	b	_
1.18	604	[1]	αἵ	_	_
1.18	605	[9]	τε	_	_
1.18	606	[1]	βῆχες	_	_
1.18	607	[1]	ἠνώχλεον	_	_
1.18	608	[41]	,	b	_
1.18	609	[1]	δύσπνους	_	_
1.18	610	[10]	τε	_	_
1.18	611	[1]	ἦν	_	_
1.18	612	[29]	.	b	_
1.18	613	[1]	ὀγδόῃ	_	_
1.18	614	[1]	ἀγκῶνα	_	_
1.18	615	[1]	ἔτεμον	_	_
1.18	616	[30]	.	b	_
1.18	617	[1]	ἐῤῥύη	_	_
1.18	618	[1]	πολὺ	_	_
1.18	619	[1]	οἷον	_	_
1.18	620	[1]	ἔδει	_	_
1.18	621	[31]	.	b	_
1.18	622	[1]	ξυνέδωκαν	_	_
1.18	623	[1]	οἱ	_	_
1.18	624	[2]	πόνοι	_	_
1.18	625	[32]	.	b	_
1.18	626	[4]	αἱ	_	_
1.18	627	[1]	μέντοι	_	_
1.18	628	[2]	βῆχες	_	_
1.18	629	[5]	αἱ	_	_
1.18	630	[1]	ξηραὶ	_	_
1.18	631	[1]	παρείποντο	_	_
1.18	632	[33]	.	b	_
1.18	633	[1]	ἑνδεκάτῃ	_	_
1.18	634	[2]	ξυνέδωκαν	_	_
1.18	635	[2]	οἱ	_	_
1.18	636	[1]	πυρετοὶ	_	_
1.18	637	[42]	,	b	_
1.18	638	[1]	σμικρὰ	_	_
1.18	639	[3]	περὶ	_	_
1.18	640	[1]	κεφαλὴν	_	_
1.18	641	[1]	ἵδρωσε	_	_
1.18	642	[34]	.	b	_
1.18	643	[3]	βῆχες	_	_
1.18	644	[21]	καὶ	_	_
1.18	645	[5]	τὰ	_	_
1.18	646	[3]	ἀπὸ	_	_
1.18	647	[1]	πνεύμονος	_	_
1.18	648	[1]	ὑγρότερα	_	_
1.18	649	[35]	.	b	_
1.18	650	[1]	ἑπτακαιδεκάτῃ	_	_
1.18	651	[1]	ἤρξατο	_	_
1.18	652	[2]	σμικρὰ	_	_
1.18	653	[4]	πέπονα	_	_
1.18	654	[5]	πτύειν	_	_
1.18	655	[36]	.	b	_
1.18	656	[1]	ἐκουφίσθη	_	_
1.18	657	[37]	.	b	_
1.18	658	[1]	εἰκοστῇ	_	_
1.18	659	[1]	ἵδρωσεν	_	_
1.18	660	[43]	,	b	_
1.18	661	[1]	ἀπύρετος	_	_
1.18	662	[1]	ἐγένετο	_	_
1.18	663	[38]	.	b	_
1.18	664	[2]	μετὰ	_	_
1.18	665	[14]	δὲ	_	_
1.18	666	[2]	κρίσιν	_	_
1.18	667	[2]	ἐκουφίσθη	_	_
1.18	668	[39]	.	b	_
1.18	669	[2]	διψώδης	_	_
1.18	670	[15]	δὲ	_	_
1.18	671	[2]	ἦν	_	_
1.18	672	[44]	,	b	_
1.18	673	[22]	καὶ	_	_
1.18	674	[4]	τῶν	_	_
1.18	675	[4]	ἀπὸ	_	_
1.18	676	[2]	πνεύμονος	_	_
1.18	677	[4]	οὐ	_	_
1.18	678	[1]	χρη	_	_
1.18	679	[1]	σταὶ	_	_
1.18	680	[6]	αἱ	_	_
1.18	681	[1]	καθάρσιες	_	_
1.18	682	[40]	.	b	_
1.18	683	[2]	ἑβδόμῃ	_	_
1.18	684	[23]	καὶ	_	_
1.18	685	[2]	εἰκοστῇ	_	_
1.18	686	[5]	ὁ	_	_
1.18	687	[3]	πυρετὸς	_	_
1.18	688	[1]	ὑπέστρεψεν	_	_
1.18	689	[41]	.	b	_
1.18	690	[1]	ἔβηξεν	_	_
1.18	691	[42]	.	b	_
1.18	692	[1]	ἀνήγαγε	_	_
1.18	693	[5]	πέπονα	_	_
1.18	694	[1]	πολλά	_	_
1.18	695	[43]	.	b	_
1.18	696	[1]	οὔρων	_	_
1.18	697	[1]	ὑπόστασις	_	_
1.18	698	[1]	πολλὴ	_	_
1.18	699	[1]	﻿	_	_
1.18	700	[24]	καὶ	_	_
1.18	701	[1]	λευκή	_	_
1.18	702	[44]	.	b	_
1.18	703	[1]	ἄδιψος	_	_
1.18	704	[2]	ἐγένετο	_	_
1.18	705	[45]	.	b	_
1.18	706	[1]	εὔπνους	_	_
1.18	707	[46]	.	b	_
1.18	708	[1]	τετάρτῃ	_	_
1.18	709	[25]	καὶ	_	_
1.18	710	[1]	τριακοστῇ	_	_
1.18	711	[2]	ἵδρωσε	_	_
1.18	712	[1]	διόλου	_	_
1.18	713	[45]	,	b	_
1.18	714	[2]	ἀπύρετος	_	_
1.18	715	[1]	ἐκρίθη	_	_
1.18	716	[1]	πάντη	_	_
1.18	717	[47]	.	b	_
1.18	718	[2]	τούτῳ	_	_
1.18	719	[1]	τἄλλα	_	_
1.18	720	[46]	,	b	_
1.18	721	[1]	καθάπερ	_	_
1.18	722	[1]	ὑπεθέμεθα	_	_
1.18	723	[1]	ἡμεῖς	_	_
1.18	724	[47]	,	b	_
1.18	725	[1]	φαίνεται	_	_
1.18	726	[1]	γεγονότα	_	_
1.18	727	[26]	καὶ	_	_
1.18	728	[5]	τῶν	_	_
1.18	729	[2]	οὔρων	_	_
1.18	730	[48]	,	b	_
1.18	731	[3]	εἰ	_	_
1.18	732	[27]	καὶ	_	_
1.18	733	[2]	μὴ	_	_
1.18	734	[1]	πολλάκις	_	_
1.18	735	[49]	,	b	_
1.18	736	[3]	ὡς	_	_
1.18	737	[1]	εἴωθεν	_	_
1.18	738	[3]	ἐπὶ	_	_
1.18	739	[6]	τῶν	_	_
1.18	740	[1]	ἄλλων	_	_
1.18	741	[1]	ἀῤῥώστων	_	_
1.18	742	[50]	,	b	_
1.18	743	[2]	ἀλλὰ	_	_
1.18	744	[1]	δίς	_	_
1.18	745	[2]	γ	_	_
1.18	746	[24]	’	b	_
1.18	747	[5]	οὖν	_	_
1.18	748	[1]	μνημονεύσας	_	_
1.18	749	[8]	ἐν	_	_
1.18	750	[2]	ἀρχῇ	_	_
1.18	751	[12]	μὲν	_	_
1.18	752	[4]	ὡς	_	_
1.18	753	[1]	λεπτῶν	_	_
1.18	754	[51]	,	b	_
1.18	755	[4]	ἐπὶ	_	_
1.18	756	[16]	δὲ	_	_
1.18	757	[9]	τῆς	_	_
1.18	758	[1]	ἑβδόμης	_	_
1.18	759	[28]	καὶ	_	_
1.18	760	[2]	εἰκοστῆς	_	_
1.18	761	[2]	ἡμέρας	_	_
1.18	762	[1]	προσγράψας	_	_
1.18	763	[3]	οὔροις	_	_
1.18	764	[2]	ὑπόστασις	_	_
1.18	765	[2]	πολλὴ	_	_
1.18	766	[1]	λευκὴ	_	_
1.18	767	[1]	δῆλός	_	_
1.18	768	[2]	ἐστιν	_	_
1.18	769	[3]	ἀκριβῶς	_	_
1.18	770	[6]	πέπονα	_	_
1.18	771	[1]	τότε	_	_
1.18	772	[1]	πρῶτον	_	_
1.18	773	[2]	αὐτὸν	_	_
1.18	774	[1]	οὐρῆσαι	_	_
1.18	775	[1]	λέγων	_	_
1.18	776	[48]	.	b	_
1.18	777	[2]	διὰ	_	_
1.18	778	[1]	τοῦτ	_	_
1.18	779	[25]	’	b	_
1.18	780	[6]	οὖν	_	_
1.18	781	[52]	,	b	_
1.18	782	[5]	ὡς	_	_
1.18	783	[29]	καὶ	_	_
1.18	784	[1]	πρόσθεν	_	_
1.18	785	[1]	εἶπον	_	_
1.18	786	[53]	,	b	_
1.18	787	[5]	ἐπὶ	_	_
1.18	788	[13]	μὲν	_	_
1.18	789	[10]	τῆς	_	_
1.18	790	[3]	εἰκοστῆς	_	_
1.18	791	[2]	ἐκρίθη	_	_
1.18	792	[1]	τινὰ	_	_
1.18	793	[1]	ἐλλιπῆ	_	_
1.18	794	[3]	κρίσιν	_	_
1.18	795	[54]	,	b	_
1.18	796	[1]	διότι	_	_
1.18	797	[5]	κατὰ	_	_
1.18	798	[12]	τὴν	_	_
1.18	799	[3]	ἑπτακαιδεκάτην	_	_
1.18	800	[2]	ἤρξατο	_	_
1.18	801	[2]	μικρὰ	_	_
1.18	802	[7]	πέπονα	_	_
1.18	803	[6]	πτύειν	_	_
1.18	804	[49]	.	b	_
1.18	805	[5]	οὐ	_	_
1.18	806	[2]	μὴν	_	_
1.18	807	[2]	τελεία	_	_
1.18	808	[2]	γε	_	_
1.18	809	[7]	ἡ	_	_
1.18	810	[2]	κρίσις	_	_
1.18	811	[3]	ἐγένετο	_	_
1.18	812	[55]	,	b	_
1.18	813	[2]	διότι	_	_
1.18	814	[1]	μηδὲ	_	_
1.18	815	[1]	πέψις	_	_
1.18	816	[1]	ἀκριβὴς	_	_
1.18	817	[3]	οὔρων	_	_
1.18	818	[56]	,	b	_
1.18	819	[3]	ἢ	_	_
1.18	820	[1]	πτυέλων	_	_
1.18	821	[5]	·	b	_
1.18	822	[3]	διὰ	_	_
1.18	823	[1]	τοῦτο	_	_
1.18	824	[7]	οὖν	_	_
1.18	825	[1]	ἐρεῖ	_	_
1.18	826	[6]	·	b	_
1.18	827	[3]	διψώδης	_	_
1.18	828	[17]	δὲ	_	_
1.18	829	[3]	ἦν	_	_
1.18	830	[30]	καὶ	_	_
1.18	831	[7]	τῶν	_	_
1.18	832	[5]	ἀπὸ	_	_
1.18	833	[3]	πνεύμονος	_	_
1.18	834	[6]	οὐ	_	_
1.18	835	[1]	χρησταὶ	_	_
1.18	836	[7]	αἱ	_	_
1.18	837	[2]	καθάρσιες	_	_
1.18	838	[50]	.	b	_
1.18	839	[1]	ἐνταῦθα	_	_
1.18	840	[8]	οὖν	_	_
1.18	841	[1]	μοι	_	_
1.18	842	[2]	πάλιν	_	_
1.18	843	[1]	ἀναμνησθεὶς	_	_
1.18	844	[6]	ὡς	_	_
1.18	845	[1]	ὀρθῶς	_	_
1.18	846	[2]	εἴρηται	_	_
1.18	847	[57]	,	b	_
1.18	848	[6]	τὰ	_	_
1.18	849	[1]	ἐγκαταλιμπανόμενα	_	_
1.18	850	[9]	ἐν	_	_
1.18	851	[1]	τῇσι	_	_
1.18	852	[1]	νούσοισι	_	_
1.18	853	[3]	μετὰ	_	_
1.18	854	[4]	κρίσιν	_	_
1.18	855	[1]	ὑποστροφὰς	_	_
1.18	856	[1]	εἴωθε	_	_
1.18	857	[1]	ποιεῖν	_	_
1.18	858	[51]	.	b	_
1.18	859	[11]	τῆς	_	_
1.18	860	[2]	ἑβδόμης	_	_
1.18	861	[31]	καὶ	_	_
1.18	862	[4]	εἰκοστῆς	_	_
1.18	863	[3]	ἡμέρας	_	_
1.18	864	[13]	τὴν	_	_
1.18	865	[1]	διήγησιν	_	_
1.18	866	[1]	ἀνάγνωθι	_	_
1.18	867	[58]	,	b	_
1.18	868	[1]	τόνδε	_	_
1.18	869	[2]	τὸν	_	_
1.18	870	[1]	τρόπον	_	_
1.18	871	[1]	ἔχουσαν	_	_
1.18	872	[7]	·	b	_
1.18	873	[3]	ἑβδόμῃ	_	_
1.18	874	[32]	καὶ	_	_
1.18	875	[3]	εἰκοστῇ	_	_
1.18	876	[6]	ὁ	_	_
1.18	877	[4]	πυρετὸς	_	_
1.18	878	[2]	ὑπέστρεψεν	_	_
1.18	879	[59]	,	b	_
1.18	880	[2]	ἔβηξεν	_	_
1.18	881	[52]	.	b	_
1.18	882	[2]	ἀνήγαγε	_	_
1.18	883	[8]	πέπονα	_	_
1.18	884	[2]	πολλά	_	_
1.18	885	[53]	.	b	_
1.18	886	[4]	οὔροις	_	_
1.18	887	[3]	ὑπόστασις	_	_
1.18	888	[3]	πολλὴ	_	_
1.18	889	[2]	λευκή	_	_
1.18	890	[54]	.	b	_
1.18	891	[2]	ἄδιψος	_	_
1.18	892	[4]	ἐγένετο	_	_
1.18	893	[55]	.	b	_
1.18	894	[1]	προειπὼν	_	_
1.18	895	[5]	γὰρ	_	_
1.18	896	[7]	ὡς	_	_
1.18	897	[10]	ἐν	_	_
1.18	898	[3]	τῷ	_	_
1.18	899	[1]	μεταξὺ	_	_
1.18	900	[8]	τῶν	_	_
1.18	901	[4]	ταῖς	_	_
1.18	902	[4]	μετὰ	_	_
1.18	903	[14]	τὴν	_	_
1.18	904	[3]	εἰκοστὴν	_	_
1.18	905	[2]	ἥ	_	_
1.18	906	[11]	τε	_	_
1.18	907	[1]	δίψα	_	_
1.18	908	[1]	παρέμενεν	_	_
1.18	909	[1]	αὐτῷ	_	_
1.18	910	[33]	καὶ	_	_
1.18	911	[9]	τῶν	_	_
1.18	912	[6]	ἀπὸ	_	_
1.18	913	[4]	πνεύμονος	_	_
1.18	914	[7]	οὐ	_	_
1.18	915	[2]	χρησταὶ	_	_
1.18	916	[8]	αἱ	_	_
1.18	917	[3]	καθάρσιες	_	_
1.18	918	[1]	ἦσαν	_	_
1.18	919	[60]	,	b	_
1.18	920	[2]	ἐφεξῆς	_	_
1.18	921	[1]	φησι	_	_
1.18	922	[8]	ὡς	_	_
1.18	923	[6]	ἐπὶ	_	_
1.18	924	[12]	τῆς	_	_
1.18	925	[3]	ἑβδόμης	_	_
1.18	926	[34]	καὶ	_	_
1.18	927	[5]	εἰκοστῆς	_	_
1.18	928	[4]	ἡμέρας	_	_
1.18	929	[1]	ὑποστρέψας	_	_
1.18	930	[1]	ἐπύρεξεν	_	_
1.18	931	[61]	,	b	_
1.18	932	[3]	ἄδιψος	_	_
1.18	933	[5]	ἐγένετο	_	_
1.18	934	[62]	,	b	_
1.18	935	[35]	καὶ	_	_
1.18	936	[1]	χρηστὰ	_	_
1.18	937	[7]	πτύειν	_	_
1.18	938	[3]	ἤρξατο	_	_
1.18	939	[63]	,	b	_
1.18	940	[2]	κᾀν	_	_
1.18	941	[6]	τοῖς	_	_
1.18	942	[5]	οὔροις	_	_
1.18	943	[1]	ὑπόστασιν	_	_
1.18	944	[1]	ἔσχε	_	_
1.18	945	[1]	πολλήν	_	_
1.18	946	[12]	τε	_	_
1.18	947	[36]	καὶ	_	_
1.18	948	[1]	λευκήν	_	_
1.18	949	[56]	.	b	_
1.18	950	[2]	τοῦτ	_	_
1.18	951	[26]	’	b	_
1.18	952	[9]	οὖν	_	_
1.18	953	[3]	ἐστιν	_	_
1.18	954	[2]	αὐτῷ	_	_
1.18	955	[6]	τὸ	_	_
1.18	956	[2]	πρόσθεν	_	_
1.18	957	[1]	ῥηθὲν	_	_
1.18	958	[64]	,	b	_
1.18	959	[9]	ὡς	_	_
1.18	960	[11]	ἐν	_	_
1.18	961	[7]	τοῖς	_	_
1.18	962	[1]	πυρετώδεσι	_	_
1.18	963	[1]	νοσήμασιν	_	_
1.18	964	[1]	ὅμοιόν	_	_
1.18	965	[2]	τι	_	_
1.18	966	[1]	συμπίπτει	_	_
1.18	967	[8]	τοῖς	_	_
1.18	968	[6]	κατὰ	_	_
1.18	969	[3]	τὰς	_	_
1.18	970	[1]	ἐκπυϊσκομένας	_	_
1.18	971	[1]	φλεγμονάς	_	_
1.18	972	[57]	.	b	_
1.18	973	[10]	ὡς	_	_
1.18	974	[6]	γὰρ	_	_
1.18	975	[1]	ἐκεῖ	_	_
1.18	976	[7]	κατὰ	_	_
1.18	977	[4]	τὰς	_	_
1.18	978	[1]	γενέσιας	_	_
1.18	979	[7]	τοῦ	_	_
1.18	980	[1]	πύου	_	_
1.18	981	[2]	οἵ	_	_
1.18	982	[13]	τε	_	_
1.18	983	[3]	πόνοι	_	_
1.18	984	[37]	καὶ	_	_
1.18	985	[3]	οἱ	_	_
1.18	986	[2]	πυρετοὶ	_	_
1.18	987	[1]	μάλιστα	_	_
1.18	988	[1]	συμβαίνουσιν	_	_
1.18	989	[65]	,	b	_
1.18	990	[1]	οὕτως	_	_
1.18	991	[1]	κᾀνταῦθα	_	_
1.18	992	[1]	πεττομένων	_	_
1.18	993	[10]	τῶν	_	_
1.18	994	[1]	τοὺς	_	_
1.18	995	[1]	πυρετοὺς	_	_
1.18	996	[1]	ἐργαζομένων	_	_
1.18	997	[1]	χυμῶν	_	_
1.18	998	[58]	.	b	_
1.18	999	[2]	οὕτως	_	_
1.18	1000	[3]	γ	_	_
1.18	1001	[27]	’	b	_
1.18	1002	[10]	οὖν	_	_
1.18	1003	[1]	κᾀπὶ	_	_
1.18	1004	[8]	τοῦ	_	_
1.18	1005	[1]	Ἀναξίωνος	_	_
1.18	1006	[66]	,	b	_
1.18	1007	[1]	ὅσον	_	_
1.18	1008	[2]	ἐκ	_	_
1.18	1009	[13]	τῆς	_	_
1.18	1010	[1]	προτέρας	_	_
1.18	1011	[1]	κρίσεως	_	_
1.18	1012	[14]	τῆς	_	_
1.18	1013	[1]	ἐλλιποῦς	_	_
1.18	1014	[1]	ὑπελείπετο	_	_
1.18	1015	[1]	ἂν	_	_
1.18	1016	[67]	,	b	_
1.18	1017	[3]	τοῦτ	_	_
1.18	1018	[28]	’	b	_
1.18	1019	[2]	αὖθις	_	_
1.18	1020	[1]	ζέσαν	_	_
1.18	1021	[12]	ἐν	_	_
1.18	1022	[4]	τῷ	_	_
1.18	1023	[15]	τῆς	_	_
1.18	1024	[1]	πέψεως	_	_
1.18	1025	[2]	καιρῷ	_	_
1.18	1026	[3]	τὸν	_	_
1.18	1027	[2]	πρὸ	_	_
1.18	1028	[16]	τῆς	_	_
1.18	1029	[2]	κρίσεως	_	_
1.18	1030	[1]	ἐγέννησε	_	_
1.18	1031	[1]	πυρετόν	_	_
1.18	1032	[59]	.	b	_
1.18	1033	[3]	ὅτι	_	_
1.18	1034	[18]	δὲ	_	_
1.18	1035	[17]	τῆς	_	_
1.18	1036	[1]	ἐμφύτου	_	_
1.18	1037	[1]	θερμασίας	_	_
1.18	1038	[1]	ἐργαζομένης	_	_
1.18	1039	[1]	αὐτὸ	_	_
1.18	1040	[38]	καὶ	_	_
1.18	1041	[1]	οὐχὶ	_	_
1.18	1042	[18]	τῆς	_	_
1.18	1043	[1]	πυρεκτικῆς	_	_
1.18	1044	[68]	,	b	_
1.18	1045	[3]	οὐχ	_	_
1.18	1046	[1]	ἥκιστα	_	_
1.18	1047	[39]	καὶ	_	_
1.18	1048	[8]	ἡ	_	_
1.18	1049	[11]	τῶν	_	_
1.18	1050	[1]	ἡμερῶν	_	_
1.18	1051	[1]	ἐνεδείξατο	_	_
1.18	1052	[1]	φύσις	_	_
1.18	1053	[60]	.	b	_
1.18	1054	[1]	πρώτη	_	_
1.18	1055	[14]	μὲν	_	_
1.18	1056	[7]	γὰρ	_	_
1.18	1057	[9]	ἡ	_	_
1.18	1058	[2]	ἑνδεκάτη	_	_
1.18	1059	[1]	χρηστῆς	_	_
1.18	1060	[15]	μὲν	_	_
1.18	1061	[69]	,	b	_
1.18	1062	[6]	ἀλλ	_	_
1.18	1063	[29]	’	b	_
1.18	1064	[1]	ἀμυδρᾶς	_	_
1.18	1065	[1]	ὑπήρξατο	_	_
1.18	1066	[2]	πέψεως	_	_
1.18	1067	[61]	.	b	_
1.18	1068	[1]	εἶθ	_	_
1.18	1069	[30]	’	b	_
1.18	1070	[10]	ἡ	_	_
1.18	1071	[1]	ἑπτακαιδεκάτη	_	_
1.18	1072	[1]	σαφέστερον	_	_
1.18	1073	[1]	ὑπέδειξε	_	_
1.18	1074	[1]	σημεῖον	_	_
1.18	1075	[3]	πέψεως	_	_
1.18	1076	[62]	.	b	_
1.18	1077	[2]	εἶθ	_	_
1.18	1078	[31]	’	b	_
1.18	1079	[11]	ἡ	_	_
1.18	1080	[1]	εἰκοστὴ	_	_
1.18	1081	[5]	κρίσιν	_	_
1.18	1082	[2]	ἐλλιπῆ	_	_
1.18	1083	[63]	.	b	_
1.18	1084	[5]	μετὰ	_	_
1.18	1085	[19]	δὲ	_	_
1.18	1086	[3]	ταύτην	_	_
1.18	1087	[12]	ἡ	_	_
1.18	1088	[1]	ἑβδόμη	_	_
1.18	1089	[40]	καὶ	_	_
1.18	1090	[2]	εἰκοστὴ	_	_
1.18	1091	[1]	τελείας	_	_
1.18	1092	[4]	πέψεως	_	_
1.18	1093	[1]	ἤνεγκε	_	_
1.18	1094	[1]	γνώρισμα	_	_
1.18	1095	[64]	.	b	_
1.18	1096	[4]	διὰ	_	_
1.18	1097	[2]	τοῦτο	_	_
1.18	1098	[11]	οὖν	_	_
1.18	1099	[1]	ἐπιφέρων	_	_
1.18	1100	[2]	ἐρεῖ	_	_
1.18	1101	[8]	·	b	_
1.18	1102	[2]	τετάρτῃ	_	_
1.18	1103	[41]	καὶ	_	_
1.18	1104	[2]	τριακοστῇ	_	_
1.18	1105	[3]	ἵδρωσε	_	_
1.18	1106	[1]	δι	_	_
1.18	1107	[32]	’	b	_
1.18	1108	[1]	ὅλου	_	_
1.18	1109	[70]	,	b	_
1.18	1110	[3]	ἀπύρετος	_	_
1.18	1111	[6]	ἐγένετο	_	_
1.18	1112	[71]	,	b	_
1.18	1113	[3]	ἐκρίθη	_	_
1.18	1114	[1]	πάντῃ	_	_
1.18	1115	[65]	.	b	_
1.18	1116	[3]	δῆλον	_	_
1.18	1117	[8]	γὰρ	_	_
1.18	1118	[11]	ὡς	_	_
1.18	1119	[13]	ἐν	_	_
1.18	1120	[5]	ταῖς	_	_
1.18	1121	[1]	ἑπτὰ	_	_
1.18	1122	[6]	ταῖς	_	_
1.18	1123	[6]	μετὰ	_	_
1.18	1124	[15]	τὴν	_	_
1.18	1125	[1]	ἑβδόμην	_	_
1.18	1126	[42]	καὶ	_	_
1.18	1127	[4]	εἰκοστὴν	_	_
1.18	1128	[1]	ἐπέφθη	_	_
1.18	1129	[14]	τε	_	_
1.18	1130	[1]	ἅμα	_	_
1.18	1131	[43]	καὶ	_	_
1.18	1132	[1]	ἐξεκρίθη	_	_
1.18	1133	[1]	σύμπαντα	_	_
1.18	1134	[7]	τὰ	_	_
1.18	1135	[9]	τοῦ	_	_
1.18	1136	[5]	νοσήματος	_	_
1.18	1137	[1]	αἴτια	_	_
1.18	1138	[72]	,	b	_
1.18	1139	[5]	διὰ	_	_
1.18	1140	[16]	μὲν	_	_
1.18	1141	[12]	τῶν	_	_
1.18	1142	[4]	οὔρων	_	_
1.18	1143	[8]	τὰ	_	_
1.18	1144	[2]	τοὺς	_	_
1.18	1145	[2]	πυρετοὺς	_	_
1.18	1146	[1]	ἐργαζόμενα	_	_
1.18	1147	[73]	,	b	_
1.18	1148	[6]	διὰ	_	_
1.18	1149	[20]	δὲ	_	_
1.18	1150	[13]	τῶν	_	_
1.18	1151	[1]	πτυσμάτων	_	_
1.18	1152	[9]	τὰ	_	_
1.18	1153	[8]	κατὰ	_	_
1.18	1154	[4]	τὸν	_	_
1.18	1155	[1]	θώρακα	_	_
1.18	1156	[66]	.	b	_
1.18	1157	[1]	μεμνῆσθαι	_	_
1.18	1158	[21]	δὲ	_	_
1.18	1159	[3]	χρὴ	_	_
1.18	1160	[1]	τοῦδε	_	_
1.18	1161	[10]	τοῦ	_	_
1.18	1162	[1]	λόγου	_	_
1.18	1163	[1]	πρός	_	_
1.18	1164	[15]	τε	_	_
1.18	1165	[10]	τὰ	_	_
1.18	1166	[1]	παρόντα	_	_
1.18	1167	[44]	καὶ	_	_
1.18	1168	[11]	τὰ	_	_
1.18	1169	[1]	μέλλοντα	_	_
1.18	1170	[1]	λεχθήσεσθαι	_	_
1.18	1171	[74]	,	b	_
1.18	1172	[45]	καὶ	_	_
1.18	1173	[12]	τὰ	_	_
1.18	1174	[1]	τρία	_	_
1.18	1175	[1]	ταῦτα	_	_
1.18	1176	[1]	ἡγεῖσθαι	_	_
1.18	1177	[1]	ἀλλήλων	_	_
1.18	1178	[1]	διαφέροντα	_	_
1.18	1179	[75]	,	b	_
1.18	1180	[1]	τήν	_	_
1.18	1181	[16]	τε	_	_
1.18	1182	[1]	ἀμυδρὰν	_	_
1.18	1183	[1]	πέψιν	_	_
1.18	1184	[46]	καὶ	_	_
1.18	1185	[16]	τὴν	_	_
1.18	1186	[2]	σαφῆ	_	_
1.18	1187	[47]	καὶ	_	_
1.18	1188	[17]	τὴν	_	_
1.18	1189	[2]	τελείαν	_	_
1.18	1190	[67]	.	b	_
1.18	1191	[1]	ἀμυδρὰ	_	_
1.18	1192	[17]	μὲν	_	_
1.18	1193	[9]	γὰρ	_	_
1.18	1194	[9]	κατὰ	_	_
1.18	1195	[18]	τὴν	_	_
1.18	1196	[1]	ια΄	_	_
1.18	1197	[76]	,	b	_
1.18	1198	[1]	σαφὴς	_	_
1.18	1199	[22]	δὲ	_	_
1.18	1200	[10]	κατὰ	_	_
1.18	1201	[19]	τὴν	_	_
1.18	1202	[1]	ιζ΄	_	_
1.18	1203	[77]	,	b	_
1.18	1204	[3]	τελεία	_	_
1.18	1205	[23]	δὲ	_	_
1.18	1206	[11]	κατὰ	_	_
1.18	1207	[20]	τὴν	_	_
1.18	1208	[1]	ζ΄	_	_
1.18	1209	[48]	καὶ	_	_
1.18	1210	[5]	εἰκοστὴν	_	_
1.18	1211	[7]	ἐγένετο	_	_
1.18	1212	[78]	,	b	_
1.18	1213	[1]	μεθ	_	_
1.18	1214	[33]	’	b	_
1.18	1215	[1]	ἥν	_	_
1.18	1216	[14]	ἐν	_	_
1.18	1217	[2]	ἑπτὰ	_	_
1.18	1218	[7]	ταῖς	_	_
1.18	1219	[1]	ἁπάσαις	_	_
1.18	1220	[1]	ἡμέραις	_	_
1.18	1221	[13]	ἡ	_	_
1.18	1222	[2]	νόσος	_	_
1.18	1223	[1]	ἐλύθη	_	_
1.18	1224	[79]	,	b	_
1.18	1225	[49]	καὶ	_	_
1.18	1226	[3]	οὕτως	_	_
1.18	1227	[1]	ξύμπας	_	_
1.18	1228	[7]	ὁ	_	_
1.18	1229	[2]	καιρὸς	_	_
1.18	1230	[1]	ἀκμὴ	_	_
1.18	1231	[8]	ἐγένετο	_	_
1.18	1232	[80]	,	b	_
1.18	1233	[2]	καθάπερ	_	_
1.18	1234	[15]	ἐν	_	_
1.18	1235	[9]	τοῖς	_	_
1.18	1236	[3]	ἐφεξῆς	_	_
1.18	1237	[1]	ἔτι	_	_
1.18	1238	[2]	σαφέστερον	_	_
1.18	1239	[1]	ἐπιδειχθήσεται	_	_
1.18	1240	[68]	.	b	_
1.18	1241	[3]	τοῦτο	_	_
1.18	1242	[12]	οὖν	_	_
1.18	1243	[7]	τὸ	_	_
1.18	1244	[1]	πτύελον	_	_
1.18	1245	[81]	,	b	_
1.18	1246	[1]	ὃ	_	_
1.18	1247	[12]	κατὰ	_	_
1.18	1248	[21]	τὴν	_	_
1.18	1249	[2]	ἑβδόμην	_	_
1.18	1250	[50]	καὶ	_	_
1.18	1251	[6]	εἰκοστὴν	_	_
1.18	1252	[1]	ἐφάνη	_	_
1.18	1253	[82]	,	b	_
1.18	1254	[1]	εἴπερ	_	_
1.18	1255	[2]	ἐφάνη	_	_
1.18	1256	[13]	κατὰ	_	_
1.18	1257	[5]	τὰς	_	_
1.18	1258	[2]	πρώτας	_	_
1.18	1259	[5]	ἡμέρας	_	_
1.18	1260	[11]	τοῦ	_	_
1.18	1261	[6]	νοσήματος	_	_
1.18	1262	[7]	μετὰ	_	_
1.18	1263	[14]	τῶν	_	_
1.18	1264	[22]	τὴν	_	_
1.18	1265	[1]	χρηστὴν	_	_
1.18	1266	[2]	ὑπόστασιν	_	_
1.18	1267	[1]	ἐχόντων	_	_
1.18	1268	[5]	οὔρων	_	_
1.18	1269	[83]	,	b	_
1.18	1270	[3]	οὐκ	_	_
1.18	1271	[1]	ἐνεδέχετο	_	_
1.18	1272	[3]	μὴ	_	_
1.18	1273	[8]	οὐ	_	_
1.18	1274	[14]	κατὰ	_	_
1.18	1275	[23]	τὴν	_	_
1.18	1276	[1]	πρώτην	_	_
1.18	1277	[1]	ἑβδομάδα	_	_
1.18	1278	[2]	κριθῆναι	_	_
1.18	1279	[8]	τὸ	_	_
1.18	1280	[1]	νόσημα	_	_
1.18	1281	[69]	.	b	_
1.18	1282	[3]	πρώτας	_	_
1.18	1283	[5]	δ	_	_
1.18	1284	[34]	’	b	_
1.18	1285	[6]	ἡμέρας	_	_
1.18	1286	[1]	δηλονότι	_	_
1.18	1287	[12]	τοῦ	_	_
1.18	1288	[7]	νοσήματος	_	_
1.18	1289	[2]	εἶπον	_	_
1.18	1290	[1]	ἃς	_	_
1.18	1291	[14]	ἡ	_	_
1.18	1292	[2]	πρώτη	_	_
1.18	1293	[1]	τετρὰς	_	_
1.18	1294	[1]	διορίζει	_	_
1.18	1295	[70]	.	b	_
1.19	1	[1]	Καὶ	_	_
1.19	2	[1]	γὰρ	_	_
1.19	3	[1]	καὶ	_	_
1.19	4	[1]	τὴν	_	_
1.19	5	[1]	ἀρχὴν	_	_
1.19	6	[1]	τοῦ	_	_
1.19	7	[1]	νοσήματος	_	_
1.19	8	[1]	κατὰ	_	_
1.19	9	[1]	τὸ	_	_
1.19	10	[1]	δεύτερον	_	_
1.19	11	[1]	σημαινόμενον	_	_
1.19	12	[1]	ἐν	_	_
1.19	13	[1]	τούτῳ	_	_
1.19	14	[1]	περιγράφεσθαι	_	_
1.19	15	[1]	τῷ	_	_
1.19	16	[1]	καιρῷ	_	_
1.19	17	[1]	πρόσθεν	_	_
1.19	18	[1]	ἔλεγον	_	_
1.19	19	[1]	.	b	_
1.19	20	[2]	καὶ	_	_
1.19	21	[1]	τοῦτ	_	_
1.19	22	[1]	’	b	_
1.19	23	[1]	ἔστι	_	_
1.19	24	[2]	τὸ	_	_
1.19	25	[2]	ἐν	_	_
1.19	26	[1]	τοῖς	_	_
1.19	27	[1]	πλευριτικοῖς	_	_
1.19	28	[1]	,	b	_
1.19	29	[1]	πτύελον	_	_
1.19	30	[1]	αὐτίκα	_	_
1.19	31	[1]	ἢν	_	_
1.19	32	[1]	ἐπιφαίνηται	_	_
1.19	33	[1]	ἀρχομένου	_	_
1.19	34	[1]	μὲν	_	_
1.19	35	[1]	βραχύνει	_	_
1.19	36	[2]	.	b	_
1.19	37	[1]	τριχῶς	_	_
1.19	38	[2]	γὰρ	_	_
1.19	39	[1]	τῆς	_	_
1.19	40	[1]	ἀρχῆς	_	_
1.19	41	[1]	λεγομένης	_	_
1.19	42	[2]	,	b	_
1.19	43	[1]	καθ	_	_
1.19	44	[2]	’	b	_
1.19	45	[1]	ἕνα	_	_
1.19	46	[2]	μὲν	_	_
1.19	47	[1]	τρόπον	_	_
1.19	48	[2]	τῆς	_	_
1.19	49	[1]	πρώτης	_	_
1.19	50	[1]	εἰσβολῆς	_	_
1.19	51	[3]	τῆς	_	_
1.19	52	[1]	ἁπλῆς	_	_
1.19	53	[3]	,	b	_
1.19	54	[1]	ἢ	_	_
1.19	55	[4]	τῆς	_	_
1.19	56	[1]	ἀπλατοῦς	_	_
1.19	57	[4]	,	b	_
1.19	58	[2]	καθ	_	_
1.19	59	[3]	’	b	_
1.19	60	[1]	ἕτερον	_	_
1.19	61	[1]	δὲ	_	_
1.19	62	[5]	τῆς	_	_
1.19	63	[1]	εἰς	_	_
1.19	64	[2]	τὴν	_	_
1.19	65	[1]	τρίτην	_	_
1.19	66	[1]	ἡμέραν	_	_
1.19	67	[1]	ἐκτεταμένης	_	_
1.19	68	[5]	,	b	_
1.19	69	[1]	ἣν	_	_
1.19	70	[1]	μόνην	_	_
1.19	71	[1]	ὁ	_	_
1.19	72	[1]	Θεσσαλὸς	_	_
1.19	73	[1]	ὀνειρώττειν	_	_
1.19	74	[1]	μοι	_	_
1.19	75	[1]	δοκεῖ	_	_
1.19	76	[6]	,	b	_
1.19	77	[3]	καὶ	_	_
1.19	78	[1]	πρὸς	_	_
1.19	79	[1]	τούτοις	_	_
1.19	80	[1]	ἔτι	_	_
1.19	81	[6]	τῆς	_	_
1.19	82	[1]	ὡς	_	_
1.19	83	[1]	μέρος	_	_
1.19	84	[1]	ὅλου	_	_
1.19	85	[2]	τοῦ	_	_
1.19	86	[2]	νοσήματος	_	_
1.19	87	[7]	,	b	_
1.19	88	[2]	ἣν	_	_
1.19	89	[1]	τὰ	_	_
1.19	90	[7]	τῆς	_	_
1.19	91	[1]	σαφοῦς	_	_
1.19	92	[1]	πέψεως	_	_
1.19	93	[1]	ὁρίζει	_	_
1.19	94	[1]	σημεῖα	_	_
1.19	95	[3]	.	b	_
1.19	96	[4]	καὶ	_	_
1.19	97	[1]	περὶ	_	_
1.19	98	[1]	πασῶν	_	_
1.19	99	[2]	ὁ	_	_
1.19	100	[1]	Ἱπποκράτης	_	_
1.19	101	[1]	ποιεῖται	_	_
1.19	102	[1]	τὸν	_	_
1.19	103	[1]	λόγον	_	_
1.19	104	[8]	,	b	_
1.19	105	[2]	ὡς	_	_
1.19	106	[1]	ἐκ	_	_
1.19	107	[1]	τῶν	_	_
1.19	108	[1]	προγεγραμμένων	_	_
1.19	109	[1]	ἐστὶν	_	_
1.19	110	[1]	δῆλον	_	_
1.19	111	[9]	,	b	_
1.19	112	[1]	ἔν	_	_
1.19	113	[1]	τε	_	_
1.19	114	[2]	τοῖς	_	_
1.19	115	[1]	ἐφεξῆς	_	_
1.19	116	[1]	ὑπομνήμασιν	_	_
1.19	117	[1]	ἐναργέστερον	_	_
1.19	118	[1]	ἐπιδειχθήσεται	_	_
1.19	119	[4]	.	b	_
1.19	120	[1]	νυνὶ	_	_
1.19	121	[2]	δὲ	_	_
1.19	122	[1]	ὅτι	_	_
1.19	123	[3]	τὴν	_	_
1.19	124	[2]	κατὰ	_	_
1.19	125	[3]	τὸ	_	_
1.19	126	[2]	δεύτερον	_	_
1.19	127	[2]	σημαινόμενον	_	_
1.19	128	[2]	ἀρχὴν	_	_
1.19	129	[1]	ἐδήλωσεν	_	_
1.19	130	[10]	,	b	_
1.19	131	[1]	ὁπότε	_	_
1.19	132	[3]	τοῖς	_	_
1.19	133	[2]	πλευριτικοῖς	_	_
1.19	134	[4]	τὸ	_	_
1.19	135	[3]	κατὰ	_	_
1.19	136	[4]	τὴν	_	_
1.19	137	[3]	ἀρχὴν	_	_
1.19	138	[1]	ἐπιφαινόμενον	_	_
1.19	139	[2]	πτύελον	_	_
1.19	140	[1]	βραχύνειν	_	_
1.19	141	[1]	ἔφησε	_	_
1.19	142	[11]	,	b	_
1.19	143	[1]	πρόδηλον	_	_
1.19	144	[12]	,	b	_
1.19	145	[1]	οἶμαι	_	_
1.19	146	[13]	,	b	_
1.19	147	[1]	γέγονε	_	_
1.19	148	[5]	.	b	_
1.19	149	[2]	περὶ	_	_
1.19	150	[3]	μὲν	_	_
1.19	151	[1]	δὴ	_	_
1.19	152	[1]	τούτου	_	_
1.19	153	[1]	κᾀν	_	_
1.19	154	[4]	τοῖς	_	_
1.19	155	[2]	ἐφεξῆς	_	_
1.19	156	[1]	ἤδη	_	_
1.19	157	[1]	διαιρήσομαι	_	_
1.19	158	[6]	.	b	_
1.19	159	[1]	ὅπως	_	_
1.19	160	[1]	δ	_	_
1.19	161	[4]	’	b	_
1.19	162	[1]	ἄν	_	_
1.19	163	[1]	τις	_	_
1.19	164	[2]	ἢ	_	_
1.19	165	[1]	παροῦσαν	_	_
1.19	166	[2]	ἤδη	_	_
1.19	167	[5]	καὶ	_	_
1.19	168	[1]	συμπεπληρωμένην	_	_
1.19	169	[5]	τὴν	_	_
1.19	170	[3]	ὡς	_	_
1.19	171	[2]	μέρος	_	_
1.19	172	[2]	ὅλου	_	_
1.19	173	[3]	τοῦ	_	_
1.19	174	[3]	νοσήματος	_	_
1.19	175	[4]	ἀρχὴν	_	_
1.19	176	[1]	διαγινώσκειν	_	_
1.19	177	[14]	,	b	_
1.19	178	[3]	ἢ	_	_
1.19	179	[1]	μέλλουσαν	_	_
1.19	180	[2]	ἔτι	_	_
1.19	181	[1]	συμπληροῦσθαι	_	_
1.19	182	[1]	προγινώσκειν	_	_
1.19	183	[1]	δύναιτο	_	_
1.19	184	[15]	,	b	_
1.19	185	[1]	σαφῶς	_	_
1.19	186	[2]	μοι	_	_
1.19	187	[1]	δοκῶ	_	_
1.19	188	[1]	δεδεῖχθαι	_	_
1.19	189	[7]	.	b	_
1.19	190	[8]	τῆς	_	_
1.19	191	[4]	μὲν	_	_
1.19	192	[3]	γὰρ	_	_
1.19	193	[1]	συμπεπληρωμένης	_	_
1.19	194	[1]	βέβαιον	_	_
1.19	195	[1]	σημεῖον	_	_
1.19	196	[1]	ἡ	_	_
1.19	197	[1]	σαφὴς	_	_
1.19	198	[1]	πέψις	_	_
1.19	199	[1]	ἐστὶ	_	_
1.19	200	[16]	,	b	_
1.19	201	[9]	τῆς	_	_
1.19	202	[1]	μελλούσης	_	_
1.19	203	[3]	δὲ	_	_
1.19	204	[1]	ἥ	_	_
1.19	205	[2]	τε	_	_
1.19	206	[4]	τοῦ	_	_
1.19	207	[4]	νοσήματος	_	_
1.19	208	[1]	αὐτοῦ	_	_
1.19	209	[1]	φύσις	_	_
1.19	210	[2]	ἥ	_	_
1.19	211	[1]	θ	_	_
1.19	212	[5]	’	b	_
1.19	213	[1]	ὥρα	_	_
1.19	214	[5]	τοῦ	_	_
1.19	215	[1]	ἔτους	_	_
1.19	216	[17]	,	b	_
1.19	217	[3]	ἥ	_	_
1.19	218	[2]	θ	_	_
1.19	219	[6]	’	b	_
1.19	220	[1]	ἡλικία	_	_
1.19	221	[6]	τοῦ	_	_
1.19	222	[1]	κάμνοντος	_	_
1.19	223	[18]	,	b	_
1.19	224	[1]	ἐξ	_	_
1.19	225	[1]	ἐπιμέτρου	_	_
1.19	226	[4]	δὲ	_	_
1.19	227	[6]	καὶ	_	_
1.19	228	[5]	τὸ	_	_
1.19	229	[1]	χωρίον	_	_
1.19	230	[3]	ἐν	_	_
1.19	231	[1]	ᾧ	_	_
1.19	232	[1]	νοσεῖ	_	_
1.19	233	[19]	,	b	_
1.19	234	[7]	καὶ	_	_
1.19	235	[3]	ὁ	_	_
1.19	236	[1]	τρόπος	_	_
1.19	237	[10]	τῆς	_	_
1.19	238	[1]	προγεγενημένης	_	_
1.19	239	[1]	διαίτης	_	_
1.19	240	[20]	,	b	_
1.19	241	[1]	ὑγιαίνοντος	_	_
1.19	242	[3]	ἔτι	_	_
1.19	243	[7]	τοῦ	_	_
1.19	244	[2]	κάμνοντος	_	_
1.19	245	[8]	.	b	_
1.19	246	[1]	εἰδικώτερα	_	_
1.19	247	[5]	δὲ	_	_
1.19	248	[3]	ἤδη	_	_
1.19	249	[1]	γνωρίσματα	_	_
1.19	250	[11]	τῆς	_	_
1.19	251	[2]	μελλούσης	_	_
1.19	252	[1]	ἔσεσθαι	_	_
1.19	253	[1]	τελευτῆς	_	_
1.19	254	[2]	τῷ	_	_
1.19	255	[1]	πρώτῳ	_	_
1.19	256	[2]	καιρῷ	_	_
1.19	257	[12]	τῆς	_	_
1.19	258	[1]	νόσου	_	_
1.19	259	[2]	τὰ	_	_
1.19	260	[13]	τῆς	_	_
1.19	261	[1]	πέψεώς	_	_
1.19	262	[1]	ἐστι	_	_
1.19	263	[2]	σημεῖα	_	_
1.19	264	[9]	.	b	_
1.19	265	[8]	καὶ	_	_
1.19	266	[4]	ὡς	_	_
1.19	267	[1]	χρὴ	_	_
1.19	268	[1]	ταῦτα	_	_
1.19	269	[2]	προγινώσκειν	_	_
1.19	270	[1]	ὁπηνίκα	_	_
1.19	271	[1]	μάλιστα	_	_
1.19	272	[1]	γενήσεται	_	_
1.19	273	[21]	,	b	_
1.19	274	[1]	ῥηθήσεται	_	_
1.19	275	[5]	μὲν	_	_
1.19	276	[1]	ἐπιμελέστερον	_	_
1.19	277	[4]	ἔτι	_	_
1.19	278	[9]	καὶ	_	_
1.19	279	[1]	διὰ	_	_
1.19	280	[2]	τῶν	_	_
1.19	281	[1]	ἑξῆς	_	_
1.19	282	[10]	.	b	_
1.19	283	[1]	εἰρήσεται	_	_
1.19	284	[6]	δὲ	_	_
1.19	285	[10]	καὶ	_	_
1.19	286	[1]	νῦν	_	_
1.19	287	[22]	,	b	_
1.19	288	[5]	ὡς	_	_
1.19	289	[1]	ἐπισκέπτεσθαι	_	_
1.19	290	[2]	χρὴ	_	_
1.19	291	[1]	πόσον	_	_
1.19	292	[1]	ἀπολείπεται	_	_
1.19	293	[3]	τὰ	_	_
1.19	294	[1]	παρόντα	_	_
1.19	295	[14]	τῆς	_	_
1.19	296	[1]	ἀπεψίας	_	_
1.19	297	[3]	σημεῖα	_	_
1.19	298	[3]	τῶν	_	_
1.19	299	[1]	ἐσομένων	_	_
1.19	300	[4]	ἐν	_	_
1.19	301	[1]	τῇ	_	_
1.19	302	[1]	σαφεῖ	_	_
1.19	303	[1]	πέψει	_	_
1.19	304	[23]	,	b	_
1.19	305	[1]	τίς	_	_
1.19	306	[3]	τε	_	_
1.19	307	[8]	τοῦ	_	_
1.19	308	[5]	νοσήματος	_	_
1.19	309	[4]	ὁ	_	_
1.19	310	[2]	τρόπος	_	_
1.19	311	[2]	ἐστὶ	_	_
1.19	312	[15]	τῆς	_	_
1.19	313	[1]	κινήσεως	_	_
1.19	314	[24]	,	b	_
1.19	315	[2]	τοῦτ	_	_
1.19	316	[7]	’	b	_
1.19	317	[2]	ἔστι	_	_
1.19	318	[1]	εἴτ	_	_
1.19	319	[8]	’	b	_
1.19	320	[1]	ὀξέως	_	_
1.19	321	[25]	,	b	_
1.19	322	[1]	εἴτε	_	_
1.19	323	[1]	ἀργῶς	_	_
1.19	324	[11]	καὶ	_	_
1.19	325	[1]	οἷον	_	_
1.19	326	[1]	τυφόμενον	_	_
1.19	327	[1]	κινοῖτο	_	_
1.19	328	[11]	.	b	_
1.19	329	[1]	χρησιμώτατον	_	_
1.19	330	[2]	δ	_	_
1.19	331	[9]	’	b	_
1.19	332	[2]	εἰς	_	_
1.19	333	[1]	﻿	_	_
1.19	334	[2]	ταῦτα	_	_
1.19	335	[26]	,	b	_
1.19	336	[1]	μᾶλλον	_	_
1.19	337	[7]	δὲ	_	_
1.19	338	[12]	καὶ	_	_
1.19	339	[1]	ἀναγκαιότατόν	_	_
1.19	340	[1]	ἐστιν	_	_
1.19	341	[1]	ἀκριβῶς	_	_
1.19	342	[1]	ἐπίστασθαι	_	_
1.19	343	[2]	διαγινώσκειν	_	_
1.19	344	[27]	,	b	_
1.19	345	[1]	ὁπόσον	_	_
1.19	346	[1]	ἀλλήλων	_	_
1.19	347	[1]	ἀπολείπεταί	_	_
1.19	348	[4]	τε	_	_
1.19	349	[13]	καὶ	_	_
1.19	350	[1]	πλεονεκτεῖ	_	_
1.19	351	[1]	τά	_	_
1.19	352	[5]	τε	_	_
1.19	353	[16]	τῆς	_	_
1.19	354	[2]	ἀπεψίας	_	_
1.19	355	[14]	καὶ	_	_
1.19	356	[4]	τὰ	_	_
1.19	357	[17]	τῆς	_	_
1.19	358	[2]	πέψεως	_	_
1.19	359	[4]	σημεῖα	_	_
1.19	360	[12]	.	b	_
1.19	361	[15]	καὶ	_	_
1.19	362	[4]	γὰρ	_	_
1.19	363	[16]	καὶ	_	_
1.19	364	[5]	τὰ	_	_
1.19	365	[18]	τῆς	_	_
1.19	366	[3]	ἀπεψίας	_	_
1.19	367	[1]	οὐ	_	_
1.19	368	[1]	σμικρὰν	_	_
1.19	369	[1]	ἔχει	_	_
1.19	370	[2]	πρὸς	_	_
1.19	371	[1]	ἄλληλα	_	_
1.19	372	[6]	τὴν	_	_
1.19	373	[1]	διαφορὰν	_	_
1.19	374	[28]	,	b	_
1.19	375	[17]	καὶ	_	_
1.19	376	[6]	τὰ	_	_
1.19	377	[19]	τῆς	_	_
1.19	378	[3]	πέψεως	_	_
1.19	379	[5]	ἔτι	_	_
1.19	380	[2]	δὴ	_	_
1.19	381	[2]	μᾶλλον	_	_
1.19	382	[13]	.	b	_
1.19	383	[1]	εἰ	_	_
1.19	384	[6]	μὲν	_	_
1.19	385	[3]	δὴ	_	_
1.19	386	[7]	τὰ	_	_
1.19	387	[20]	τῆς	_	_
1.19	388	[1]	παντελοῦς	_	_
1.19	389	[4]	ἀπεψίας	_	_
1.19	390	[2]	γνωρίσματα	_	_
1.19	391	[4]	κατὰ	_	_
1.19	392	[7]	τὴν	_	_
1.19	393	[1]	πρώτην	_	_
1.19	394	[1]	τετράδα	_	_
1.19	395	[1]	παραμένει	_	_
1.19	396	[29]	,	b	_
1.19	397	[1]	μακρὸς	_	_
1.19	398	[5]	ὁ	_	_
1.19	399	[21]	τῆς	_	_
1.19	400	[2]	ἀρχῆς	_	_
1.19	401	[1]	ἔσται	_	_
1.19	402	[3]	τῷ	_	_
1.19	403	[1]	τοιούτῳ	_	_
1.19	404	[1]	νοσήματι	_	_
1.19	405	[1]	καιρός	_	_
1.19	406	[1]	·	b	_
1.19	407	[2]	εἰ	_	_
1.19	408	[1]	δέ	_	_
1.19	409	[1]	γε	_	_
1.19	410	[8]	τὰ	_	_
1.19	411	[22]	τῆς	_	_
1.19	412	[1]	ἀμυδρᾶς	_	_
1.19	413	[1]	μετρίως	_	_
1.19	414	[5]	ἐν	_	_
1.19	415	[1]	αὐτῇ	_	_
1.19	416	[1]	φανείη	_	_
1.19	417	[30]	,	b	_
1.19	418	[2]	μακρὸς	_	_
1.19	419	[1]	μέν	_	_
1.19	420	[2]	ἐστι	_	_
1.19	421	[18]	καὶ	_	_
1.19	422	[1]	οὗτος	_	_
1.19	423	[31]	,	b	_
1.19	424	[1]	ἀλλ	_	_
1.19	425	[10]	’	b	_
1.19	426	[1]	οὐχ	_	_
1.19	427	[1]	ὁμοίως	_	_
1.19	428	[4]	τῷ	_	_
1.19	429	[2]	πρόσθεν	_	_
1.19	430	[14]	.	b	_
1.19	431	[3]	εἰ	_	_
1.19	432	[8]	δὲ	_	_
1.19	433	[1]	βραχέα	_	_
1.19	434	[9]	τὰ	_	_
1.19	435	[23]	τῆς	_	_
1.19	436	[5]	ἀπεψίας	_	_
1.19	437	[1]	εἴη	_	_
1.19	438	[5]	σημεῖα	_	_
1.19	439	[32]	,	b	_
1.19	440	[19]	καὶ	_	_
1.19	441	[6]	τὸ	_	_
1.19	442	[1]	μέλλον	_	_
1.19	443	[2]	ἔσται	_	_
1.19	444	[24]	τῆς	_	_
1.19	445	[3]	ἀρχῆς	_	_
1.19	446	[1]	ὀλίγον	_	_
1.19	447	[15]	.	b	_
1.19	448	[1]	ἐπὶ	_	_
1.19	449	[9]	δὲ	_	_
1.19	450	[2]	τούτοις	_	_
1.19	451	[6]	ἔτι	_	_
1.19	452	[1]	κᾀκεῖνα	_	_
1.19	453	[3]	χρὴ	_	_
1.19	454	[1]	προστιθέναι	_	_
1.19	455	[10]	τὰ	_	_
1.19	456	[3]	πρὸς	_	_
1.19	457	[1]	Ἱπποκράτους	_	_
1.19	458	[1]	εἰρημένα	_	_
1.19	459	[1]	χρόνου	_	_
1.19	460	[1]	πλείονος	_	_
1.19	461	[1]	ὑπάρχειν	_	_
1.19	462	[1]	ἐνδεικτικὰ	_	_
1.19	463	[33]	,	b	_
1.19	464	[3]	περὶ	_	_
1.19	465	[1]	ὧν	_	_
1.19	466	[2]	ἐπὶ	_	_
1.19	467	[1]	πλέον	_	_
1.19	468	[6]	ἐν	_	_
1.19	469	[5]	τοῖς	_	_
1.19	470	[3]	ἐφεξῆς	_	_
1.19	471	[6]	ὁ	_	_
1.19	472	[1]	λόγος	_	_
1.19	473	[1]	ἡμῖν	_	_
1.19	474	[3]	ἔσται	_	_
1.19	475	[16]	.	b	_
1.19	476	[2]	νυνὶ	_	_
1.19	477	[10]	δὲ	_	_
1.19	478	[1]	παραδείγματος	_	_
1.19	479	[1]	ἕνεκα	_	_
1.19	480	[1]	τοῦδε	_	_
1.19	481	[9]	τοῦ	_	_
1.19	482	[1]	ἀφορισμοῦ	_	_
1.19	483	[1]	μνημονεύσωμεν	_	_
1.19	484	[17]	.	b	_
1.19	485	[1]	οἱ	_	_
1.19	486	[1]	ψυχροὶ	_	_
1.19	487	[1]	ἱδρῶτες	_	_
1.19	488	[1]	σὺν	_	_
1.19	489	[7]	μὲν	_	_
1.19	490	[1]	ὀξεῖ	_	_
1.19	491	[1]	πυρετῷ	_	_
1.19	492	[1]	θάνατον	_	_
1.19	493	[34]	,	b	_
1.19	494	[2]	σὺν	_	_
1.19	495	[1]	πραϋτέρῳ	_	_
1.19	496	[11]	δὲ	_	_
1.19	497	[1]	μῆκος	_	_
1.19	498	[2]	νόσου	_	_
1.19	499	[1]	σημαίνουσι	_	_
1.19	500	[18]	.	b	_
1.19	501	[1]	ἐὰν	_	_
1.19	502	[5]	γὰρ	_	_
1.19	503	[7]	ἐν	_	_
1.19	504	[1]	ταῖς	_	_
1.19	505	[1]	πρώταις	_	_
1.19	506	[1]	ἡμέραις	_	_
1.19	507	[35]	,	b	_
1.19	508	[7]	ἔτι	_	_
1.19	509	[4]	τῶν	_	_
1.19	510	[25]	τῆς	_	_
1.19	511	[6]	ἀπεψίας	_	_
1.19	512	[1]	σημείων	_	_
1.19	513	[1]	ἐπικρατούντων	_	_
1.19	514	[36]	,	b	_
1.19	515	[1]	ἐπιφαίνηταί	_	_
1.19	516	[1]	τινα	_	_
1.19	517	[1]	τοιαῦτα	_	_
1.19	518	[37]	,	b	_
1.19	519	[1]	προσθήσει	_	_
1.19	520	[5]	τῷ	_	_
1.19	521	[1]	χρόνῳ	_	_
1.19	522	[26]	τῆς	_	_
1.19	523	[4]	ἀρχῆς	_	_
1.19	524	[19]	.	b	_
1.19	525	[20]	καὶ	_	_
1.19	526	[1]	δηλονότι	_	_
1.19	527	[11]	τὰ	_	_
1.19	528	[27]	τῆς	_	_
1.19	529	[1]	ἀναβάσεως	_	_
1.19	530	[4]	ἔσται	_	_
1.19	531	[1]	μακρότερα	_	_
1.19	532	[20]	.	b	_
1.19	533	[21]	καὶ	_	_
1.19	534	[2]	ἡ	_	_
1.19	535	[1]	ἀκμὴ	_	_
1.19	536	[5]	κατὰ	_	_
1.19	537	[1]	ταὐτὰ	_	_
1.19	538	[1]	μετὰ	_	_
1.19	539	[1]	χρόνον	_	_
1.19	540	[1]	ἀπαντήσεται	_	_
1.19	541	[1]	πάμπολυν	_	_
1.19	542	[21]	.	b	_
1.19	543	[1]	οὕτω	_	_
1.19	544	[12]	δὲ	_	_
1.19	545	[22]	καὶ	_	_
1.19	546	[3]	ἡ	_	_
1.19	547	[1]	λύσις	_	_
1.19	548	[10]	τοῦ	_	_
1.19	549	[6]	νοσήματος	_	_
1.19	550	[22]	.	b	_
1.20	1	[1]	Ὥστ	_	_
1.20	2	[1]	’	b	_
1.20	3	[1]	οὐ	_	_
1.20	4	[1]	μόνου	_	_
1.20	5	[1]	τοῦ	_	_
1.20	6	[1]	πρώτου	_	_
1.20	7	[1]	καιροῦ	_	_
1.20	8	[1]	κατὰ	_	_
1.20	9	[1]	τὰς	_	_
1.20	10	[1]	πρώτας	_	_
1.20	11	[1]	ἡμέρας	_	_
1.20	12	[1]	ἕξεις	_	_
1.20	13	[1]	τινὰ	_	_
1.20	14	[1]	τεχνικὸν	_	_
1.20	15	[1]	στοχα	_	_
1.20	16	[1]	σμὸν	_	_
1.20	17	[1]	,	b	_
1.20	18	[1]	ἀλλὰ	_	_
1.20	19	[1]	καὶ	_	_
1.20	20	[1]	τῶν	_	_
1.20	21	[1]	ἐφεξῆς	_	_
1.20	22	[1]	.	b	_
1.20	23	[1]	ἀκριβέστερον	_	_
1.20	24	[1]	δὲ	_	_
1.20	25	[1]	ἀεὶ	_	_
1.20	26	[2]	καὶ	_	_
1.20	27	[1]	μᾶλλον	_	_
1.20	28	[1]	αὐτὸν	_	_
1.20	29	[1]	προγνώσῃ	_	_
1.20	30	[2]	,	b	_
1.20	31	[1]	ταῖς	_	_
1.20	32	[2]	ἐφεξῆς	_	_
1.20	33	[1]	τετράσι	_	_
1.20	34	[1]	προσέχων	_	_
1.20	35	[1]	τὸν	_	_
1.20	36	[1]	νοῦν	_	_
1.20	37	[2]	.	b	_
1.20	38	[1]	ἡ	_	_
1.20	39	[1]	γὰρ	_	_
1.20	40	[1]	ἐπιδείξασα	_	_
1.20	41	[1]	πρώτη	_	_
1.20	42	[1]	τὸ	_	_
1.20	43	[1]	τῆς	_	_
1.20	44	[1]	πέψεως	_	_
1.20	45	[1]	σημεῖον	_	_
1.20	46	[1]	ἀμυδρὸν	_	_
1.20	47	[1]	αὐτή	_	_
1.20	48	[1]	σοι	_	_
1.20	49	[1]	σαφέστερον	_	_
1.20	50	[1]	ἐνδείξεται	_	_
1.20	51	[2]	τὸν	_	_
1.20	52	[1]	ὑπόλοιπον	_	_
1.20	53	[1]	χρόνον	_	_
1.20	54	[2]	τῆς	_	_
1.20	55	[1]	ἀρχῆς	_	_
1.20	56	[3]	,	b	_
1.20	57	[1]	εἰδότι	_	_
1.20	58	[1]	γε	_	_
1.20	59	[1]	τοῦτ	_	_
1.20	60	[2]	’	b	_
1.20	61	[1]	ἤδη	_	_
1.20	62	[1]	βεβαίως	_	_
1.20	63	[4]	,	b	_
1.20	64	[1]	ὅτι	_	_
1.20	65	[1]	σύμπας	_	_
1.20	66	[1]	ὁ	_	_
1.20	67	[1]	χρόνος	_	_
1.20	68	[5]	,	b	_
1.20	69	[2]	ὁ	_	_
1.20	70	[1]	μήπω	_	_
1.20	71	[1]	μηδὲν	_	_
1.20	72	[1]	ἔχων	_	_
1.20	73	[1]	σαφὲς	_	_
1.20	74	[2]	σημεῖον	_	_
1.20	75	[2]	πέψεως	_	_
1.20	76	[6]	,	b	_
1.20	77	[3]	ὁ	_	_
1.20	78	[1]	πρῶτός	_	_
1.20	79	[1]	ἐστι	_	_
1.20	80	[2]	τῶν	_	_
1.20	81	[1]	τεσσάρων	_	_
1.20	82	[1]	καιρῶν	_	_
1.20	83	[2]	τοῦ	_	_
1.20	84	[1]	νοσήματος	_	_
1.20	85	[7]	,	b	_
1.20	86	[1]	ὃν	_	_
1.20	87	[1]	ἀρχὴν	_	_
1.20	88	[1]	ὀνομάζομεν	_	_
1.20	89	[8]	,	b	_
1.20	90	[1]	εἰ	_	_
1.20	91	[2]	γὰρ	_	_
1.20	92	[1]	πρὸς	_	_
1.20	93	[1]	τοῦτο	_	_
1.20	94	[1]	ἀποβλέπεις	_	_
1.20	95	[9]	,	b	_
1.20	96	[1]	οὐδὲν	_	_
1.20	97	[1]	ἔτι	_	_
1.20	98	[1]	χαλεπὸν	_	_
1.20	99	[1]	ἐξευρεῖν	_	_
1.20	100	[10]	,	b	_
1.20	101	[2]	εἰ	_	_
1.20	102	[1]	ἐν	_	_
1.20	103	[1]	τοσαῖσδε	_	_
1.20	104	[2]	ταῖς	_	_
1.20	105	[1]	πρώταις	_	_
1.20	106	[1]	ἡμέραις	_	_
1.20	107	[1]	ἀπεχώρησε	_	_
1.20	108	[3]	τῶν	_	_
1.20	109	[2]	κατὰ	_	_
1.20	110	[1]	τὴν	_	_
1.20	111	[1]	πρώτην	_	_
1.20	112	[1]	ἡμέραν	_	_
1.20	113	[1]	φανέντων	_	_
1.20	114	[1]	τοσῶνδε	_	_
1.20	115	[11]	,	b	_
1.20	116	[1]	πόσαις	_	_
1.20	117	[2]	ἔτι	_	_
1.20	118	[2]	τὸ	_	_
1.20	119	[2]	ὑπόλοιπον	_	_
1.20	120	[1]	ἄχρι	_	_
1.20	121	[3]	τῆς	_	_
1.20	122	[1]	σαφοῦς	_	_
1.20	123	[3]	πέψεως	_	_
1.20	124	[1]	ἀνύσει	_	_
1.20	125	[1]	·	b	_
1.20	126	[1]	ἐκεῖθεν	_	_
1.20	127	[1]	δ	_	_
1.20	128	[3]	’	b	_
1.20	129	[1]	ἄρχεται	_	_
1.20	130	[1]	μὲν	_	_
1.20	131	[2]	ἡ	_	_
1.20	132	[1]	ἀνάβασις	_	_
1.20	133	[12]	,	b	_
1.20	134	[1]	ἤτοι	_	_
1.20	135	[2]	δὲ	_	_
1.20	136	[1]	ἐλλιπής	_	_
1.20	137	[1]	τις	_	_
1.20	138	[1]	ἐπιφανεῖται	_	_
1.20	139	[3]	κατὰ	_	_
1.20	140	[1]	ταύτην	_	_
1.20	141	[3]	ἡ	_	_
1.20	142	[1]	κρίσις	_	_
1.20	143	[13]	,	b	_
1.20	144	[1]	ὡς	_	_
1.20	145	[1]	ἐπὶ	_	_
1.20	146	[3]	τοῦ	_	_
1.20	147	[1]	πλευριτικοῦ	_	_
1.20	148	[1]	παρεθέμην	_	_
1.20	149	[1]	ὀλίγον	_	_
1.20	150	[1]	ἔμπροσθεν	_	_
1.20	151	[14]	,	b	_
1.20	152	[1]	ἤ	_	_
1.20	153	[1]	εἴπερ	_	_
1.20	154	[1]	ἀναμείνειε	_	_
1.20	155	[3]	τὸ	_	_
1.20	156	[1]	νόσημα	_	_
1.20	157	[2]	τὴν	_	_
1.20	158	[1]	τελείαν	_	_
1.20	159	[1]	ἀκμὴν	_	_
1.20	160	[15]	,	b	_
1.20	161	[1]	οὕτω	_	_
1.20	162	[3]	καὶ	_	_
1.20	163	[4]	ἡ	_	_
1.20	164	[2]	κρίσις	_	_
1.20	165	[1]	ἐστὶ	_	_
1.20	166	[1]	τελεία	_	_
1.20	167	[3]	.	b	_
1.20	168	[1]	πολλάκις	_	_
1.20	169	[3]	δὲ	_	_
1.20	170	[1]	οὐδὲ	_	_
1.20	171	[1]	γίνεται	_	_
1.20	172	[5]	ἡ	_	_
1.20	173	[3]	κρίσις	_	_
1.20	174	[1]	οὐδεμία	_	_
1.20	175	[1]	μετὰ	_	_
1.20	176	[3]	τὸν	_	_
1.20	177	[4]	τῆς	_	_
1.20	178	[1]	ἀκμῆς	_	_
1.20	179	[1]	καιρὸν	_	_
1.20	180	[16]	,	b	_
1.20	181	[2]	ἀλλὰ	_	_
1.20	182	[4]	κατὰ	_	_
1.20	183	[1]	βραχὺ	_	_
1.20	184	[1]	λύεται	_	_
1.20	185	[4]	τὸ	_	_
1.20	186	[2]	νόσημα	_	_
1.20	187	[17]	,	b	_
1.20	188	[1]	χρόνῳ	_	_
1.20	189	[1]	πλείονι	_	_
1.20	190	[1]	πεττόμενον	_	_
1.20	191	[4]	.	b	_
1.20	192	[1]	ὅπως	_	_
1.20	193	[4]	δὲ	_	_
1.20	194	[1]	χρὴ	_	_
1.20	195	[1]	πρὶν	_	_
1.20	196	[1]	γενέσθαι	_	_
1.20	197	[1]	ταῦτα	_	_
1.20	198	[1]	προγινώσκειν	_	_
1.20	199	[1]	ἐσόμενα	_	_
1.20	200	[18]	,	b	_
1.20	201	[1]	διὰ	_	_
1.20	202	[4]	τῶν	_	_
1.20	203	[3]	ἐφεξῆς	_	_
1.20	204	[1]	ὑπομνημάτων	_	_
1.20	205	[1]	εἰρήσεται	_	_
1.20	206	[5]	.	b	_
1.20	207	[1]	δείξω	_	_
1.20	208	[3]	γὰρ	_	_
1.20	209	[2]	ἐν	_	_
1.20	210	[1]	αὐτοῖς	_	_
1.20	211	[1]	σαφῶς	_	_
1.20	212	[1]	πηνίκα	_	_
1.20	213	[2]	μὲν	_	_
1.20	214	[3]	ἐν	_	_
1.20	215	[3]	ταῖς	_	_
1.20	216	[1]	ἀναβάσεσι	_	_
1.20	217	[19]	,	b	_
1.20	218	[2]	πηνίκα	_	_
1.20	219	[5]	δὲ	_	_
1.20	220	[4]	ἐν	_	_
1.20	221	[4]	ταῖς	_	_
1.20	222	[1]	ἀκμαῖς	_	_
1.20	223	[1]	κρίνεται	_	_
1.20	224	[1]	τὰ	_	_
1.20	225	[1]	νοσήματα	_	_
1.20	226	[20]	,	b	_
1.20	227	[3]	πηνίκα	_	_
1.20	228	[2]	δ	_	_
1.20	229	[4]	’	b	_
1.20	230	[1]	οὐδόλως	_	_
1.20	231	[1]	κριθέντα	_	_
1.20	232	[21]	,	b	_
1.20	233	[5]	κατὰ	_	_
1.20	234	[2]	βραχὺ	_	_
1.20	235	[1]	πεττόμενα	_	_
1.20	236	[22]	,	b	_
1.20	237	[2]	λύεται	_	_
1.20	238	[6]	.	b	_
1.20	239	[4]	καὶ	_	_
1.20	240	[1]	δῆλον	_	_
1.20	241	[2]	ὡς	_	_
1.20	242	[3]	τὴν	_	_
1.20	243	[3]	μὲν	_	_
1.20	244	[1]	τοιαύτην	_	_
1.20	245	[1]	λύσιν	_	_
1.20	246	[1]	οὐκ	_	_
1.20	247	[1]	ὀνομάζω	_	_
1.20	248	[1]	κρίσιν	_	_
1.20	249	[2]	·	b	_
1.20	250	[3]	εἰ	_	_
1.20	251	[1]	δέ	_	_
1.20	252	[2]	τις	_	_
1.20	253	[1]	ἀθρόα	_	_
1.20	254	[1]	γίνηται	_	_
1.20	255	[1]	μεταβολὴ	_	_
1.20	256	[23]	,	b	_
1.20	257	[5]	καὶ	_	_
1.20	258	[1]	πολὺ	_	_
1.20	259	[1]	δὴ	_	_
1.20	260	[2]	μᾶλλον	_	_
1.20	261	[3]	ἔτι	_	_
1.20	262	[4]	τὴν	_	_
1.20	263	[1]	προηγουμένην	_	_
1.20	264	[1]	αὐτῆς	_	_
1.20	265	[1]	ταραχὴν	_	_
1.20	266	[1]	οὕτως	_	_
1.20	267	[1]	προσαγορεύω	_	_
1.20	268	[24]	,	b	_
1.20	269	[6]	καὶ	_	_
1.20	270	[2]	δὴ	_	_
1.20	271	[7]	καὶ	_	_
1.20	272	[2]	τὰς	_	_
1.20	273	[1]	τούτων	_	_
1.20	274	[1]	προγνώσεις	_	_
1.20	275	[5]	ἐν	_	_
1.20	276	[1]	τοῖς	_	_
1.20	277	[4]	ἐφεξῆς	_	_
1.20	278	[1]	ἐρῶ	_	_
1.20	279	[7]	.	b	_
1.20	280	[1]	κάλλιον	_	_
1.20	281	[4]	γὰρ	_	_
1.20	282	[2]	οὐ	_	_
1.20	283	[1]	μόνον	_	_
1.20	284	[2]	ὅτι	_	_
1.20	285	[6]	κατὰ	_	_
1.20	286	[1]	τόνδε	_	_
1.20	287	[4]	τὸν	_	_
1.20	288	[2]	καιρὸν	_	_
1.20	289	[6]	ἡ	_	_
1.20	290	[1]	νόσος	_	_
1.20	291	[1]	ἀθρόαν	_	_
1.20	292	[1]	ἕξει	_	_
1.20	293	[5]	τὴν	_	_
1.20	294	[2]	λύσιν	_	_
1.20	295	[25]	,	b	_
1.20	296	[3]	ἀλλὰ	_	_
1.20	297	[8]	καὶ	_	_
1.20	298	[1]	πότερον	_	_
1.20	299	[2]	μετὰ	_	_
1.20	300	[1]	μεγάλου	_	_
1.20	301	[1]	τινὸς	_	_
1.20	302	[1]	ἀγῶνος	_	_
1.20	303	[26]	,	b	_
1.20	304	[1]	ἢ	_	_
1.20	305	[1]	χωρὶς	_	_
1.20	306	[1]	σάλου	_	_
1.20	307	[1]	τε	_	_
1.20	308	[9]	καὶ	_	_
1.20	309	[1]	κινδύνου	_	_
1.20	310	[1]	παντὸς	_	_
1.20	311	[27]	,	b	_
1.20	312	[1]	ἐπίστασθαι	_	_
1.20	313	[8]	.	b	_
1.20	314	[1]	ταῦτ	_	_
1.20	315	[5]	’	b	_
1.20	316	[1]	οὖν	_	_
1.20	317	[1]	ἅπαντα	_	_
1.20	318	[2]	διὰ	_	_
1.20	319	[5]	τῶν	_	_
1.20	320	[5]	ἐφεξῆς	_	_
1.20	321	[2]	ὑπομνημάτων	_	_
1.20	322	[1]	ἐπιδειχθήσεται	_	_
1.20	323	[28]	,	b	_
1.20	324	[10]	καὶ	_	_
1.20	325	[2]	πρὸς	_	_
1.20	326	[1]	τούτοις	_	_
1.20	327	[4]	ἔτι	_	_
1.20	328	[2]	προγνώσεις	_	_
1.20	329	[1]	κρίσεων	_	_
1.20	330	[1]	ἀγαθῶν	_	_
1.20	331	[2]	τε	_	_
1.20	332	[11]	καὶ	_	_
1.20	333	[1]	κακῶν	_	_
1.20	334	[12]	καὶ	_	_
1.20	335	[1]	τελείων	_	_
1.20	336	[13]	καὶ	_	_
1.20	337	[1]	ἀτελῶν	_	_
1.20	338	[9]	.	b	_
1.20	339	[6]	ἐν	_	_
1.20	340	[1]	ἀρχῇ	_	_
1.20	341	[3]	δ	_	_
1.20	342	[6]	’	b	_
1.20	343	[1]	αὐτῶν	_	_
1.20	344	[1]	πάντων	_	_
1.20	345	[1]	προτάξω	_	_
1.20	346	[1]	διαγνώσεις	_	_
1.20	347	[2]	αὐτῶν	_	_
1.20	348	[6]	τῶν	_	_
1.20	349	[1]	εἰσβαλλόντων	_	_
1.20	350	[1]	νοσημάτων	_	_
1.20	351	[10]	.	b	_
1.20	352	[1]	ἐπειδὴ	_	_
1.20	353	[5]	γὰρ	_	_
1.20	354	[1]	ἀπό	_	_
1.20	355	[3]	τε	_	_
1.20	356	[4]	τοῦ	_	_
1.20	357	[2]	νοσήματος	_	_
1.20	358	[1]	ἔφαμεν	_	_
1.20	359	[1]	χρῆναι	_	_
1.20	360	[1]	διαγινώσκειν	_	_
1.20	361	[1]	τι	_	_
1.20	362	[1]	περί	_	_
1.20	363	[4]	τε	_	_
1.20	364	[7]	τῶν	_	_
1.20	365	[1]	καθόλου	_	_
1.20	366	[2]	καιρῶν	_	_
1.20	367	[14]	καὶ	_	_
1.20	368	[1]	προσέτι	_	_
1.20	369	[5]	τῆς	_	_
1.20	370	[1]	ὥρας	_	_
1.20	371	[5]	τοῦ	_	_
1.20	372	[1]	ἔτους	_	_
1.20	373	[15]	καὶ	_	_
1.20	374	[8]	τῶν	_	_
1.20	375	[1]	ἄλλων	_	_
1.20	376	[1]	ὧν	_	_
1.20	377	[1]	εἴπομεν	_	_
1.20	378	[29]	,	b	_
1.20	379	[4]	εἰ	_	_
1.20	380	[1]	μὴ	_	_
1.20	381	[1]	συμπάντων	_	_
1.20	382	[3]	αὐτῶν	_	_
1.20	383	[1]	εἰδείημεν	_	_
1.20	384	[1]	διάγνωσίν	_	_
1.20	385	[1]	τινα	_	_
1.20	386	[30]	,	b	_
1.20	387	[1]	εὐθὺς	_	_
1.20	388	[1]	ἀπὸ	_	_
1.20	389	[6]	τῆς	_	_
1.20	390	[1]	πρώτης	_	_
1.20	391	[2]	ἡμέρας	_	_
1.20	392	[1]	ὅμοιόν	_	_
1.20	393	[2]	τι	_	_
1.20	394	[1]	πεισόμεθα	_	_
1.20	395	[2]	τοῖς	_	_
1.20	396	[1]	πολλοῖς	_	_
1.20	397	[9]	τῶν	_	_
1.20	398	[1]	νεωτέρων	_	_
1.20	399	[1]	ἰατρῶν	_	_
1.20	400	[11]	.	b	_
1.20	401	[3]	ὡς	_	_
1.20	402	[6]	γὰρ	_	_
1.20	403	[1]	κᾀκεῖνοι	_	_
1.20	404	[1]	δι	_	_
1.20	405	[7]	’	b	_
1.20	406	[1]	ἀλλήλων	_	_
1.20	407	[1]	ἑκάτερον	_	_
1.20	408	[10]	τῶν	_	_
1.20	409	[1]	ἀγνοουμένων	_	_
1.20	410	[1]	διδάσκειν	_	_
1.20	411	[1]	ἐπιχειροῦσιν	_	_
1.20	412	[31]	,	b	_
1.20	413	[2]	ἢ	_	_
1.20	414	[3]	διὰ	_	_
1.20	415	[6]	τοῦ	_	_
1.20	416	[3]	μᾶλλον	_	_
1.20	417	[1]	ἀγνώστου	_	_
1.20	418	[5]	τὸ	_	_
1.20	419	[2]	σαφέστερον	_	_
1.20	420	[32]	,	b	_
1.20	421	[2]	οὕτως	_	_
1.20	422	[16]	καὶ	_	_
1.20	423	[1]	ἡμεῖς	_	_
1.20	424	[1]	ποιήσομεν	_	_
1.20	425	[33]	,	b	_
1.20	426	[1]	ἂν	_	_
1.20	427	[2]	μὴ	_	_
1.20	428	[7]	τοῦ	_	_
1.20	429	[3]	νοσήματος	_	_
1.20	430	[1]	ἑκάστου	_	_
1.20	431	[7]	τῆς	_	_
1.20	432	[1]	ἰδέας	_	_
1.20	433	[2]	εὐθὺς	_	_
1.20	434	[7]	ἐν	_	_
1.20	435	[5]	ταῖς	_	_
1.20	436	[2]	πρώταις	_	_
1.20	437	[2]	ἡμέραις	_	_
1.20	438	[1]	ἔχωμέν	_	_
1.20	439	[2]	τινα	_	_
1.20	440	[1]	διάγνωσιν	_	_
1.20	441	[12]	.	b	_
1.20	442	[1]	ἄριστον	_	_
1.20	443	[4]	μὲν	_	_
1.20	444	[2]	οὖν	_	_
1.20	445	[1]	ἐστιν	_	_
1.20	446	[5]	εἰ	_	_
1.20	447	[1]	κατ	_	_
1.20	448	[8]	’	b	_
1.20	449	[1]	αὐτὴν	_	_
1.20	450	[6]	τὴν	_	_
1.20	451	[2]	πρώτην	_	_
1.20	452	[2]	ἡμέραν	_	_
1.20	453	[34]	,	b	_
1.20	454	[17]	καὶ	_	_
1.20	455	[2]	τοῦτο	_	_
1.20	456	[1]	μυριάκις	_	_
1.20	457	[1]	ἐδείξαμεν	_	_
1.20	458	[2]	ἤδη	_	_
1.20	459	[1]	δυνατὸν	_	_
1.20	460	[1]	ὑπάρχειν	_	_
1.20	461	[18]	καὶ	_	_
1.20	462	[1]	τριταίας	_	_
1.20	463	[5]	τε	_	_
1.20	464	[19]	καὶ	_	_
1.20	465	[1]	τεταρταίας	_	_
1.20	466	[20]	καὶ	_	_
1.20	467	[1]	ἀμφημερινὰς	_	_
1.20	468	[1]	περιόδους	_	_
1.20	469	[35]	,	b	_
1.20	470	[8]	ἐν	_	_
1.20	471	[1]	τῇ	_	_
1.20	472	[1]	πρώτῃ	_	_
1.20	473	[11]	τῶν	_	_
1.20	474	[1]	ἡμερῶν	_	_
1.20	475	[1]	διαγνόντες	_	_
1.20	476	[13]	.	b	_
1.20	477	[6]	εἰ	_	_
1.20	478	[2]	δέ	_	_
1.20	479	[1]	ποτε	_	_
1.20	480	[3]	μὴ	_	_
1.20	481	[1]	οἷόν	_	_
1.20	482	[6]	τε	_	_
1.20	483	[1]	εἴη	_	_
1.20	484	[2]	σαφῶς	_	_
1.20	485	[9]	ἐν	_	_
1.20	486	[1]	ταύτῃ	_	_
1.20	487	[1]	διαγνῶναι	_	_
1.20	488	[36]	,	b	_
1.20	489	[1]	στοχασμὸν	_	_
1.20	490	[5]	μὲν	_	_
1.20	491	[3]	ἤδη	_	_
1.20	492	[2]	τινὰ	_	_
1.20	493	[2]	τεχνικὸν	_	_
1.20	494	[1]	ἕξομεν	_	_
1.20	495	[37]	,	b	_
1.20	496	[1]	ἐξ	_	_
1.20	497	[1]	οὗ	_	_
1.20	498	[1]	καλῶς	_	_
1.20	499	[1]	ὑπαρξόμεθα	_	_
1.20	500	[1]	διαίτης	_	_
1.20	501	[14]	.	b	_
1.20	502	[1]	ἀκριβώσομεν	_	_
1.20	503	[4]	δ	_	_
1.20	504	[9]	’	b	_
1.20	505	[2]	αὐτὸν	_	_
1.20	506	[10]	ἐν	_	_
1.20	507	[2]	τῇ	_	_
1.20	508	[1]	δευτέρᾳ	_	_
1.20	509	[12]	τῶν	_	_
1.20	510	[2]	ἡμερῶν	_	_
1.20	511	[38]	,	b	_
1.20	512	[3]	ἢ	_	_
1.20	513	[1]	τρίτῃ	_	_
1.20	514	[2]	γε	_	_
1.20	515	[1]	πάντως	_	_
1.20	516	[39]	,	b	_
1.20	517	[4]	ἢ	_	_
1.20	518	[1]	τετάρτῃ	_	_
1.20	519	[15]	.	b	_
1.20	520	[21]	καὶ	_	_
1.20	521	[1]	τοίνυν	_	_
1.20	522	[22]	καὶ	_	_
1.20	523	[1]	αὐτὸ	_	_
1.20	524	[3]	τοῦτο	_	_
1.20	525	[2]	κάλλιον	_	_
1.20	526	[2]	ἂν	_	_
1.20	527	[2]	εἴη	_	_
1.20	528	[1]	δηλῶσαι	_	_
1.20	529	[23]	καὶ	_	_
1.20	530	[1]	δοῦναι	_	_
1.20	531	[1]	γνωρίσματα	_	_
1.20	532	[13]	τῶν	_	_
1.20	533	[1]	τ	_	_
1.20	534	[10]	’	b	_
1.20	535	[3]	εὐθὺς	_	_
1.20	536	[2]	ἀπὸ	_	_
1.20	537	[8]	τῆς	_	_
1.20	538	[2]	πρώτης	_	_
1.20	539	[3]	ἡμέρας	_	_
1.20	540	[1]	ἀκριβῶς	_	_
1.20	541	[1]	διαγνωσθῆναι	_	_
1.20	542	[1]	δυναμένων	_	_
1.20	543	[24]	καὶ	_	_
1.20	544	[14]	τῶν	_	_
1.20	545	[2]	ἄχρι	_	_
1.20	546	[6]	μὲν	_	_
1.20	547	[1]	στοχασμοῦ	_	_
1.20	548	[1]	τινος	_	_
1.20	549	[2]	οὐκ	_	_
1.20	550	[1]	ἀτέχνου	_	_
1.20	551	[1]	κατελπιζομένων	_	_
1.20	552	[40]	,	b	_
1.20	553	[2]	ἀκριβῶς	_	_
1.20	554	[5]	δ	_	_
1.20	555	[11]	’	b	_
1.20	556	[11]	ἐν	_	_
1.20	557	[3]	τῇ	_	_
1.20	558	[2]	τρίτῃ	_	_
1.20	559	[7]	τε	_	_
1.20	560	[25]	καὶ	_	_
1.20	561	[2]	τετάρτῃ	_	_
1.20	562	[1]	διοριζομένων	_	_
1.20	563	[16]	.	b	_
1.20	564	[1]	αὖθις	_	_
1.20	565	[3]	οὖν	_	_
1.20	566	[3]	ἀπὸ	_	_
1.20	567	[2]	τούτων	_	_
1.20	568	[1]	πρῶτον	_	_
1.20	569	[1]	ἀρξάμενοι	_	_
1.20	570	[7]	κατὰ	_	_
1.20	571	[6]	τὸ	_	_
1.20	572	[1]	δεύτερον	_	_
1.20	573	[1]	ὑπόμνημα	_	_
1.20	574	[26]	καὶ	_	_
1.20	575	[15]	τῶν	_	_
1.20	576	[2]	ἄλλων	_	_
1.20	577	[2]	ἑκάστου	_	_
1.20	578	[2]	ὧν	_	_
1.20	579	[1]	ὑπεσχόμεθα	_	_
1.20	580	[8]	κατὰ	_	_
1.20	581	[7]	τὴν	_	_
1.20	582	[1]	οἰκείαν	_	_
1.20	583	[1]	τάξιν	_	_
1.20	584	[1]	ἀποδώσομεν	_	_
1.20	585	[17]	.	b	_
2.1	1	[1]	ΤΑΛΗΝΟΥ	_	_
2.1	2	[1]	ΠΕΡΙ	_	_
2.1	3	[1]	ΚΡΙΣΕΩΝ	_	_
2.1	4	[1]	ΒΙΒΛΙΟΝ	_	_
2.1	5	[1]	Β	_	_
2.1	6	[1]	.	b	_
2.1	7	[1]	Εἴρηται	_	_
2.1	8	[1]	μὲν	_	_
2.1	9	[1]	ἤδη	_	_
2.1	10	[1]	καὶ	_	_
2.1	11	[1]	πρόσθεν	_	_
2.1	12	[1]	εὐθὺς	_	_
2.1	13	[1]	κατ	_	_
2.1	14	[1]	’	b	_
2.1	15	[1]	ἀρχὰς	_	_
2.1	16	[1]	,	b	_
2.1	17	[1]	ἀλλ	_	_
2.1	18	[2]	’	b	_
2.1	19	[1]	ἄμεινον	_	_
2.1	20	[1]	ὑπομνῆσαι	_	_
2.1	21	[2]	καὶ	_	_
2.1	22	[1]	νῦν	_	_
2.1	23	[1]	ὡς	_	_
2.1	24	[1]	εἴτε	_	_
2.1	25	[1]	τὴν	_	_
2.1	26	[1]	σύμπασαν	_	_
2.1	27	[1]	ἐν	_	_
2.1	28	[1]	νόσῳ	_	_
2.1	29	[1]	μεταβολὴν	_	_
2.1	30	[2]	,	b	_
2.1	31	[2]	εἴτε	_	_
2.1	32	[2]	τὴν	_	_
2.1	33	[1]	ἀθρόαν	_	_
2.1	34	[1]	μόνην	_	_
2.1	35	[3]	,	b	_
2.1	36	[3]	εἴτε	_	_
2.1	37	[3]	τὴν	_	_
2.1	38	[1]	ἀγαθὴν	_	_
2.1	39	[4]	,	b	_
2.1	40	[4]	εἴτε	_	_
2.1	41	[4]	τὴν	_	_
2.1	42	[1]	προηγουμένην	_	_
2.1	43	[1]	ἁπασῶν	_	_
2.1	44	[1]	τῶν	_	_
2.1	45	[1]	ὀξυῤῥόπων	_	_
2.1	46	[1]	ἀλλοιώσεων	_	_
2.1	47	[1]	ταραχὴν	_	_
2.1	48	[1]	ὀνομάζειν	_	_
2.1	49	[1]	ἐθέλοι	_	_
2.1	50	[1]	τις	_	_
2.1	51	[1]	κρίσιν	_	_
2.1	52	[5]	,	b	_
2.1	53	[1]	οὐ	_	_
2.1	54	[1]	πρόκειταί	_	_
2.1	55	[1]	μοι	_	_
2.1	56	[1]	τανῦν	_	_
2.1	57	[1]	διαιρεῖσθαι	_	_
2.1	58	[6]	,	b	_
2.1	59	[2]	ἀλλ	_	_
2.1	60	[3]	’	b	_
2.1	61	[2]	ὡς	_	_
2.1	62	[1]	ἄν	_	_
2.1	63	[2]	τις	_	_
2.1	64	[1]	ἄριστα	_	_
2.1	65	[1]	ταύτας	_	_
2.1	66	[1]	ἁπάσας	_	_
2.1	67	[2]	ἤδη	_	_
2.1	68	[1]	τε	_	_
2.1	69	[1]	παρούσας	_	_
2.1	70	[1]	διαγινώσκοι	_	_
2.1	71	[3]	καὶ	_	_
2.1	72	[1]	μελλούσας	_	_
2.1	73	[1]	ἔσεσθαι	_	_
2.1	74	[1]	προγινώσκοι	_	_
2.1	75	[7]	,	b	_
2.1	76	[1]	τοῦτ	_	_
2.1	77	[4]	’	b	_
2.1	78	[1]	εἶναι	_	_
2.1	79	[1]	τὸ	_	_
2.1	80	[1]	σπούδασμα	_	_
2.1	81	[1]	τῷ	_	_
2.1	82	[1]	λόγῳ	_	_
2.1	83	[1]	τῷδε	_	_
2.1	84	[2]	.	b	_
2.1	85	[1]	ὃ	_	_
2.1	86	[1]	δὲ	_	_
2.1	87	[1]	μέγιστον	_	_
2.1	88	[3]	ἤδη	_	_
2.1	89	[4]	καὶ	_	_
2.1	90	[1]	ἀναγκαιότατον	_	_
2.1	91	[1]	ἀποδείξαντες	_	_
2.1	92	[1]	εἰς	_	_
2.1	93	[1]	ἅπαντα	_	_
2.1	94	[1]	τὰ	_	_
2.1	95	[1]	τοιαῦτα	_	_
2.1	96	[8]	,	b	_
2.1	97	[2]	τὸ	_	_
2.1	98	[1]	διαγινώσκειν	_	_
2.1	99	[2]	τε	_	_
2.1	100	[1]	παρόντας	_	_
2.1	101	[4]	ἤδη	_	_
2.1	102	[1]	τοὺς	_	_
2.1	103	[1]	καιροὺς	_	_
2.1	104	[2]	τῶν	_	_
2.1	105	[1]	νοσημάτων	_	_
2.1	106	[9]	,	b	_
2.1	107	[5]	καὶ	_	_
2.1	108	[1]	μέλλοντας	_	_
2.1	109	[2]	ἔσεσθαι	_	_
2.1	110	[1]	προγινώσκειν	_	_
2.1	111	[10]	,	b	_
2.1	112	[1]	ἐφεξῆς	_	_
2.1	113	[1]	ἑκάστου	_	_
2.1	114	[1]	νοσήματος	_	_
2.1	115	[1]	διαγνώσεις	_	_
2.1	116	[3]	τε	_	_
2.1	117	[6]	καὶ	_	_
2.1	118	[1]	προγνώσεις	_	_
2.1	119	[1]	ἐγράψαμεν	_	_
2.1	120	[3]	.	b	_
2.1	121	[1]	ἐπεὶ	_	_
2.1	122	[2]	δὲ	_	_
2.1	123	[1]	ἐκ	_	_
2.1	124	[1]	πολλῶν	_	_
2.1	125	[1]	αὐτὰς	_	_
2.1	126	[1]	γινομένας	_	_
2.1	127	[1]	ἀπεδείξαμεν	_	_
2.1	128	[11]	,	b	_
2.1	129	[1]	ὧν	_	_
2.1	130	[1]	ἕν	_	_
2.1	131	[1]	τι	_	_
2.1	132	[7]	καὶ	_	_
2.1	133	[1]	ἡ	_	_
2.1	134	[1]	τοῦ	_	_
2.1	135	[2]	νοσήματος	_	_
2.1	136	[1]	ὑπῆρξε	_	_
2.1	137	[1]	φύσις	_	_
2.1	138	[12]	,	b	_
2.1	139	[1]	ὅπως	_	_
2.1	140	[2]	ἄν	_	_
2.1	141	[3]	τις	_	_
2.1	142	[8]	καὶ	_	_
2.1	143	[1]	αὐτὴν	_	_
2.1	144	[1]	ταύτην	_	_
2.1	145	[1]	κάλλιστα	_	_
2.1	146	[1]	κατὰ	_	_
2.1	147	[5]	τὴν	_	_
2.1	148	[1]	πρώτην	_	_
2.1	149	[1]	ἡμέραν	_	_
2.1	150	[1]	οἷός	_	_
2.1	151	[1]	τ	_	_
2.1	152	[5]	’	b	_
2.1	153	[1]	εἴη	_	_
2.1	154	[1]	γνωρίζειν	_	_
2.1	155	[13]	,	b	_
2.1	156	[2]	εἰς	_	_
2.1	157	[1]	τόνδε	_	_
2.1	158	[1]	τὸν	_	_
2.1	159	[1]	δεύτερον	_	_
2.1	160	[1]	ἀνεβαλλόμεθα	_	_
2.1	161	[1]	λόγον	_	_
2.1	162	[4]	.	b	_
2.1	163	[1]	εἰ	_	_
2.1	164	[2]	μὲν	_	_
2.1	165	[1]	δή	_	_
2.1	166	[4]	τις	_	_
2.1	167	[1]	αὐτοῖς	_	_
2.1	168	[1]	ἡμῖν	_	_
2.1	169	[1]	παρέτυχεν	_	_
2.1	170	[1]	ἐπὶ	_	_
2.1	171	[3]	τῶν	_	_
2.1	172	[1]	νοσούντων	_	_
2.1	173	[2]	ἐκ	_	_
2.1	174	[2]	τοῦ	_	_
2.1	175	[1]	πρώτου	_	_
2.1	176	[1]	παροξυσμοῦ	_	_
2.1	177	[14]	,	b	_
2.1	178	[9]	καὶ	_	_
2.1	179	[1]	ἀμφημερινὸν	_	_
2.1	180	[1]	πυρετὸν	_	_
2.1	181	[10]	καὶ	_	_
2.1	182	[1]	τριταῖον	_	_
2.1	183	[11]	καὶ	_	_
2.1	184	[1]	τεταρταῖον	_	_
2.1	185	[12]	καὶ	_	_
2.1	186	[1]	ἡμιτριταῖον	_	_
2.1	187	[13]	καὶ	_	_
2.1	188	[1]	καῦσον	_	_
2.1	189	[15]	,	b	_
2.1	190	[14]	καὶ	_	_
2.1	191	[1]	ἄλλα	_	_
2.1	192	[1]	τινὰ	_	_
2.1	193	[1]	νοσήματα	_	_
2.1	194	[1]	προγινώσκουσιν	_	_
2.1	195	[16]	,	b	_
2.1	196	[1]	ἔργων	_	_
2.1	197	[1]	τῆς	_	_
2.1	198	[1]	θεωρίας	_	_
2.1	199	[1]	εἴληφε	_	_
2.1	200	[1]	βάσανον	_	_
2.1	201	[5]	.	b	_
2.1	202	[2]	εἰ	_	_
2.1	203	[1]	δέ	_	_
2.1	204	[5]	τις	_	_
2.1	205	[1]	οὔπω	_	_
2.1	206	[1]	παρεγίνετο	_	_
2.1	207	[1]	προῤῥήσει	_	_
2.1	208	[1]	τοιαύτῃ	_	_
2.1	209	[17]	,	b	_
2.1	210	[1]	δίκαιον	_	_
2.1	211	[1]	δὴ	_	_
2.1	212	[1]	τοῦτόν	_	_
2.1	213	[1]	ἐστι	_	_
2.1	214	[1]	μήτε	_	_
2.1	215	[1]	θαυμάζειν	_	_
2.1	216	[5]	ἤδη	_	_
2.1	217	[2]	τὰ	_	_
2.1	218	[1]	λεγόμενα	_	_
2.1	219	[18]	,	b	_
2.1	220	[1]	πρὶν	_	_
2.1	221	[1]	κρῖναι	_	_
2.1	222	[6]	τὴν	_	_
2.1	223	[2]	ἐν	_	_
2.1	224	[2]	αὐτοῖς	_	_
2.1	225	[1]	ἀλήθειαν	_	_
2.1	226	[19]	,	b	_
2.1	227	[1]	ἀλλὰ	_	_
2.1	228	[1]	μηδὲ	_	_
2.1	229	[1]	προκατεγνωκέναι	_	_
2.1	230	[20]	,	b	_
2.1	231	[2]	πρὶν	_	_
2.1	232	[1]	ἀκοῦσαί	_	_
2.1	233	[4]	τε	_	_
2.1	234	[1]	σύμπαντος	_	_
2.1	235	[1]	λόγου	_	_
2.1	236	[21]	,	b	_
2.1	237	[15]	καὶ	_	_
2.1	238	[1]	τῇ	_	_
2.1	239	[1]	πείρᾳ	_	_
2.1	240	[1]	βασανίσαι	_	_
2.1	241	[6]	.	b	_
2.1	242	[3]	τὸ	_	_
2.1	243	[3]	μὲν	_	_
2.1	244	[1]	οὖν	_	_
2.1	245	[2]	ἀκοῦσαί	_	_
2.1	246	[5]	τε	_	_
2.1	247	[16]	καὶ	_	_
2.1	248	[1]	συνιέναι	_	_
2.1	249	[4]	τῶν	_	_
2.1	250	[1]	λεγομένων	_	_
2.1	251	[1]	ἁπάντων	_	_
2.1	252	[1]	κοινόν	_	_
2.1	253	[7]	.	b	_
2.1	254	[1]	οὕτως	_	_
2.1	255	[1]	γὰρ	_	_
2.1	256	[1]	εἰρήσεταί	_	_
2.1	257	[2]	μοι	_	_
2.1	258	[1]	σαφῶς	_	_
2.1	259	[22]	,	b	_
2.1	260	[3]	ὡς	_	_
2.1	261	[2]	μηδὲ	_	_
2.1	262	[1]	λαθεῖν	_	_
2.1	263	[3]	ἄν	_	_
2.1	264	[1]	τινα	_	_
2.1	265	[8]	.	b	_
2.1	266	[4]	τὸ	_	_
2.1	267	[3]	δὲ	_	_
2.1	268	[17]	καὶ	_	_
2.1	269	[2]	τῇ	_	_
2.1	270	[2]	πείρᾳ	_	_
2.1	271	[2]	κρῖναι	_	_
2.1	272	[2]	τοὺς	_	_
2.1	273	[1]	λόγους	_	_
2.1	274	[23]	,	b	_
2.1	275	[3]	εἰ	_	_
2.1	276	[4]	μὲν	_	_
2.1	277	[2]	ἡμῖν	_	_
2.1	278	[1]	μέλλει	_	_
2.1	279	[1]	συμπαραγίνεσθαι	_	_
2.1	280	[24]	,	b	_
2.1	281	[1]	ῥᾷστον	_	_
2.1	282	[9]	.	b	_
2.1	283	[4]	εἰ	_	_
2.1	284	[1]	δ	_	_
2.1	285	[6]	’	b	_
2.1	286	[1]	αὐτὸς	_	_
2.1	287	[1]	ἐφ	_	_
2.1	288	[7]	’	b	_
2.1	289	[1]	ἑαυτοῦ	_	_
2.1	290	[1]	βασανίζειν	_	_
2.1	291	[25]	,	b	_
2.1	292	[1]	οὐκ	_	_
2.1	293	[1]	ἔθ	_	_
2.1	294	[8]	’	b	_
2.1	295	[1]	ὁμοίως	_	_
2.1	296	[1]	εὐπετές	_	_
2.1	297	[10]	.	b	_
2.1	298	[2]	ἀλλὰ	_	_
2.1	299	[18]	καὶ	_	_
2.1	300	[1]	τὰς	_	_
2.1	301	[3]	ἐν	_	_
2.1	302	[1]	τοῖς	_	_
2.1	303	[1]	σφυγμοῖς	_	_
2.1	304	[1]	διαφορὰς	_	_
2.1	305	[1]	ἠσκῆσθαι	_	_
2.1	306	[1]	χρὴ	_	_
2.1	307	[2]	διαγινώσκειν	_	_
2.1	308	[1]	αὐτὸν	_	_
2.1	309	[1]	ἀκριβῶς	_	_
2.1	310	[26]	,	b	_
2.1	311	[2]	ἁπάντων	_	_
2.1	312	[6]	τε	_	_
2.1	313	[5]	τῶν	_	_
2.1	314	[2]	ἔργων	_	_
2.1	315	[2]	τῆς	_	_
2.1	316	[1]	τέχνης	_	_
2.1	317	[1]	ἐμπειρίαν	_	_
2.1	318	[1]	ἔχειν	_	_
2.1	319	[1]	ἱκανήν	_	_
2.1	320	[11]	.	b	_
2.1	321	[7]	τὴν	_	_
2.1	322	[2]	γὰρ	_	_
2.1	323	[1]	ἀληθῆ	_	_
2.1	324	[1]	θεωρίαν	_	_
2.1	325	[2]	οὐκ	_	_
2.1	326	[3]	ἐκ	_	_
2.1	327	[6]	τῶν	_	_
2.1	328	[1]	κακῶς	_	_
2.1	329	[1]	ὑποκρινομένων	_	_
2.1	330	[27]	,	b	_
2.1	331	[3]	ἀλλ	_	_
2.1	332	[9]	’	b	_
2.1	333	[4]	ἐκ	_	_
2.1	334	[7]	τῶν	_	_
2.1	335	[1]	ὀρθῶς	_	_
2.1	336	[1]	μεταχειριζομένων	_	_
2.1	337	[1]	εὔλογον	_	_
2.1	338	[1]	δοκιμάζεσθαι	_	_
2.1	339	[12]	.	b	_
2.1	340	[1]	τούτους	_	_
2.1	341	[2]	οὖν	_	_
2.1	342	[1]	μόνους	_	_
2.1	343	[1]	ὁ	_	_
2.1	344	[1]	λόγος	_	_
2.1	345	[1]	ὅδε	_	_
2.1	346	[19]	καὶ	_	_
2.1	347	[1]	μαθητὰς	_	_
2.1	348	[1]	προσίεται	_	_
2.1	349	[28]	,	b	_
2.1	350	[20]	καὶ	_	_
2.1	351	[1]	κριτὰς	_	_
2.1	352	[29]	,	b	_
2.1	353	[2]	ὧν	_	_
2.1	354	[1]	ἂν	_	_
2.1	355	[1]	διδάξῃ	_	_
2.1	356	[30]	,	b	_
2.1	357	[1]	τίθεται	_	_
2.1	358	[13]	.	b	_
2.1	359	[3]	τοὺς	_	_
2.1	360	[2]	δ	_	_
2.1	361	[10]	’	b	_
2.1	362	[1]	ἄλλους	_	_
2.1	363	[31]	,	b	_
2.1	364	[1]	ὅσοι	_	_
2.1	365	[8]	τὴν	_	_
2.1	366	[1]	ἰατρικὴν	_	_
2.1	367	[1]	τέχνην	_	_
2.1	368	[3]	εἰς	_	_
2.1	369	[1]	τοσοῦτον	_	_
2.1	370	[1]	ὕβρισαν	_	_
2.1	371	[32]	,	b	_
2.1	372	[4]	ὡς	_	_
2.1	373	[1]	ἕξ	_	_
2.1	374	[1]	μηνῶν	_	_
2.1	375	[2]	εἶναι	_	_
2.1	376	[1]	νομίζειν	_	_
2.1	377	[1]	μάθημα	_	_
2.1	378	[33]	,	b	_
2.1	379	[2]	τούτους	_	_
2.1	380	[1]	οὔτε	_	_
2.1	381	[2]	κριτὰς	_	_
2.1	382	[2]	οὔτε	_	_
2.1	383	[2]	μαθητὰς	_	_
2.1	384	[2]	προσίεται	_	_
2.1	385	[14]	.	b	_
2.1	386	[5]	τὸ	_	_
2.1	387	[5]	μὲν	_	_
2.1	388	[3]	γὰρ	_	_
2.1	389	[2]	οὐ	_	_
2.1	390	[1]	δύνανται	_	_
2.1	391	[34]	,	b	_
2.1	392	[6]	τὸ	_	_
2.1	393	[3]	δ	_	_
2.1	394	[11]	’	b	_
2.1	395	[3]	οὐ	_	_
2.1	396	[1]	βούλονται	_	_
2.1	397	[15]	.	b	_
2.2	1	[1]	Ἀεκτέον	_	_
2.2	2	[1]	οὖν	_	_
2.2	3	[1]	ἤδη	_	_
2.2	4	[1]	πῶς	_	_
2.2	5	[1]	ἄν	_	_
2.2	6	[1]	τις	_	_
2.2	7	[1]	ἐν	_	_
2.2	8	[1]	τῇ	_	_
2.2	9	[1]	πρώτῃ	_	_
2.2	10	[1]	τῶν	_	_
2.2	11	[1]	ἡμερῶν	_	_
2.2	12	[1]	,	b	_
2.2	13	[1]	ἀκριβῶς	_	_
2.2	14	[1]	διαγινώσκοι	_	_
2.2	15	[1]	τοῦ	_	_
2.2	16	[1]	νοσήματος	_	_
2.2	17	[1]	τὴν	_	_
2.2	18	[1]	φύσιν	_	_
2.2	19	[1]	.	b	_
2.2	20	[1]	ἡμέραν	_	_
2.2	21	[1]	δηλονότι	_	_
2.2	22	[1]	παρ	_	_
2.2	23	[1]	’	b	_
2.2	24	[1]	ὅλον	_	_
2.2	25	[1]	τὸν	_	_
2.2	26	[1]	λόγον	_	_
2.2	27	[1]	εἰρησομένοις	_	_
2.2	28	[2]	,	b	_
2.2	29	[1]	οὐκ	_	_
2.2	30	[1]	ἐκ	_	_
2.2	31	[1]	τῆς	_	_
2.2	32	[1]	ἡμέρας	_	_
2.2	33	[1]	αὐτῆς	_	_
2.2	34	[1]	μόνης	_	_
2.2	35	[1]	συνεστῶσαν	_	_
2.2	36	[3]	,	b	_
2.2	37	[1]	ἀλλὰ	_	_
2.2	38	[1]	κἀκ	_	_
2.2	39	[2]	τῆς	_	_
2.2	40	[1]	νυκτὸς	_	_
2.2	41	[1]	χρόνου	_	_
2.2	42	[2]	.	b	_
2.2	43	[1]	καθάπερ	_	_
2.2	44	[2]	οὖν	_	_
2.2	45	[1]	καὶ	_	_
2.2	46	[2]	τὸν	_	_
2.2	47	[1]	μῆνα	_	_
2.2	48	[1]	τριάκοντα	_	_
2.2	49	[2]	ἡμερῶν	_	_
2.2	50	[1]	εἶναι	_	_
2.2	51	[1]	λέγομεν	_	_
2.2	52	[4]	,	b	_
2.2	53	[1]	οὐ	_	_
2.2	54	[1]	μόνον	_	_
2.2	55	[1]	τοῦτον	_	_
2.2	56	[3]	τὸν	_	_
2.2	57	[1]	χρόνον	_	_
2.2	58	[5]	,	b	_
2.2	59	[1]	ὃν	_	_
2.2	60	[1]	ὑπὲρ	_	_
2.2	61	[3]	τῆς	_	_
2.2	62	[1]	γῆς	_	_
2.2	63	[1]	ὁ	_	_
2.2	64	[1]	ἥλιος	_	_
2.2	65	[1]	φαίνεται	_	_
2.2	66	[1]	προσαγορεύοντες	_	_
2.2	67	[2]	ἡμέραν	_	_
2.2	68	[6]	,	b	_
2.2	69	[2]	ἀλλὰ	_	_
2.2	70	[2]	καὶ	_	_
2.2	71	[4]	τὸν	_	_
2.2	72	[4]	τῆς	_	_
2.2	73	[2]	νυκτὸς	_	_
2.2	74	[1]	αὐτοῦ	_	_
2.2	75	[1]	προστιθέντες	_	_
2.2	76	[7]	,	b	_
2.2	77	[1]	οὕτως	_	_
2.2	78	[1]	δέ	_	_
2.2	79	[1]	πως	_	_
2.2	80	[3]	καὶ	_	_
2.2	81	[5]	τὸν	_	_
2.2	82	[1]	ἐνιαυτὸν	_	_
2.2	83	[1]	πέντε	_	_
2.2	84	[4]	καὶ	_	_
2.2	85	[1]	ἑξήκοντα	_	_
2.2	86	[5]	καὶ	_	_
2.2	87	[1]	τριακοσίων	_	_
2.2	88	[3]	ἡμερῶν	_	_
2.2	89	[1]	εἶναί	_	_
2.2	90	[1]	φαμεν	_	_
2.2	91	[3]	.	b	_
2.2	92	[1]	ὥσπερ	_	_
2.2	93	[1]	δὲ	_	_
2.2	94	[1]	περὶ	_	_
2.2	95	[2]	τοῦ	_	_
2.2	96	[5]	τῆς	_	_
2.2	97	[2]	ἡμέρας	_	_
2.2	98	[1]	ὀνόματος	_	_
2.2	99	[8]	,	b	_
2.2	100	[6]	καὶ	_	_
2.2	101	[3]	τοῦ	_	_
2.2	102	[1]	κατ	_	_
2.2	103	[2]	’	b	_
2.2	104	[1]	αὐτὸ	_	_
2.2	105	[1]	σημαινομένου	_	_
2.2	106	[1]	διῄρηται	_	_
2.2	107	[9]	,	b	_
2.2	108	[1]	κατὰ	_	_
2.2	109	[6]	τὸν	_	_
2.2	110	[1]	αὐτὸν	_	_
2.2	111	[10]	,	b	_
2.2	112	[1]	οἶμαι	_	_
2.2	113	[11]	,	b	_
2.2	114	[1]	τρόπον	_	_
2.2	115	[1]	χρὴ	_	_
2.2	116	[1]	μηνῦσαι	_	_
2.2	117	[7]	καὶ	_	_
2.2	118	[2]	περὶ	_	_
2.2	119	[4]	τοῦ	_	_
2.2	120	[2]	νοσήματος	_	_
2.2	121	[4]	.	b	_
2.2	122	[1]	ὅτι	_	_
2.2	123	[2]	δὲ	_	_
2.2	124	[1]	διάθεσίς	_	_
2.2	125	[1]	τίς	_	_
2.2	126	[1]	ἐστιν	_	_
2.2	127	[1]	ἐνέργειαν	_	_
2.2	128	[1]	βλάπτουσα	_	_
2.2	129	[12]	,	b	_
2.2	130	[8]	καὶ	_	_
2.2	131	[2]	ὅτι	_	_
2.2	132	[1]	διττὴ	_	_
2.2	133	[1]	πολλάκις	_	_
2.2	134	[1]	συνίσταται	_	_
2.2	135	[1]	ἅμα	_	_
2.2	136	[5]	.	b	_
2.2	137	[1]	δέδεικται	_	_
2.2	138	[1]	δ	_	_
2.2	139	[3]	’	b	_
2.2	140	[1]	ἄμφω	_	_
2.2	141	[1]	ταῦτα	_	_
2.2	142	[2]	ἐν	_	_
2.2	143	[1]	τῷ	_	_
2.2	144	[3]	περὶ	_	_
2.2	145	[6]	τῆς	_	_
2.2	146	[2]	τῶν	_	_
2.2	147	[1]	νοσημάτων	_	_
2.2	148	[1]	διαφορᾶς	_	_
2.2	149	[1]	ὑπομνήματι	_	_
2.2	150	[6]	.	b	_
2.2	151	[2]	τὴν	_	_
2.2	152	[1]	μὲν	_	_
2.2	153	[3]	οὖν	_	_
2.2	154	[1]	ἁπλῆν	_	_
2.2	155	[1]	διάθεσιν	_	_
2.2	156	[1]	οὐδεὶς	_	_
2.2	157	[3]	τῶν	_	_
2.2	158	[2]	ἀκριβῶς	_	_
2.2	159	[1]	εἰδότων	_	_
2.2	160	[1]	ἀγνοήσει	_	_
2.2	161	[2]	κατὰ	_	_
2.2	162	[3]	τὴν	_	_
2.2	163	[1]	πρώτην	_	_
2.2	164	[3]	ἡμέραν	_	_
2.2	165	[7]	.	b	_
2.2	166	[1]	ἴδια	_	_
2.2	167	[1]	γὰρ	_	_
2.2	168	[1]	ἔχει	_	_
2.2	169	[1]	τὰ	_	_
2.2	170	[1]	γνωρίσματα	_	_
2.2	171	[1]	·	b	_
2.2	172	[4]	τὴν	_	_
2.2	173	[2]	δ	_	_
2.2	174	[4]	’	b	_
2.2	175	[1]	ἐπίμικτον	_	_
2.2	176	[1]	οὐχ	_	_
2.2	177	[1]	ἅπασιν	_	_
2.2	178	[1]	ἐγχωρεῖ	_	_
2.2	179	[1]	διαγνῶναι	_	_
2.2	180	[2]	κατ	_	_
2.2	181	[5]	’	b	_
2.2	182	[1]	ἀρχάς	_	_
2.2	183	[8]	.	b	_
2.2	184	[9]	καὶ	_	_
2.2	185	[1]	οὐδέν	_	_
2.2	186	[1]	γε	_	_
2.2	187	[1]	τοῦτο	_	_
2.2	188	[1]	ἄτοπον	_	_
2.2	189	[1]	εἰς	_	_
2.2	190	[1]	διττῆς	_	_
2.2	191	[1]	διαθέσεως	_	_
2.2	192	[1]	ἐπίγνωσιν	_	_
2.2	193	[13]	,	b	_
2.2	194	[4]	ἡμερῶν	_	_
2.2	195	[1]	δεηθῆναι	_	_
2.2	196	[1]	δυοῖν	_	_
2.2	197	[9]	.	b	_
2.2	198	[2]	ὥσπερ	_	_
2.2	199	[10]	καὶ	_	_
2.2	200	[1]	εἰ	_	_
2.2	201	[1]	τριττή	_	_
2.2	202	[2]	τις	_	_
2.2	203	[1]	εἴη	_	_
2.2	204	[14]	,	b	_
2.2	205	[1]	τριῶν	_	_
2.2	206	[10]	.	b	_
2.2	207	[3]	ἀλλὰ	_	_
2.2	208	[1]	τό	_	_
2.2	209	[2]	γε	_	_
2.2	210	[1]	μίαν	_	_
2.2	211	[2]	ἁπλῆν	_	_
2.2	212	[1]	ἀγνοῆσαι	_	_
2.2	213	[2]	διάθεσιν	_	_
2.2	214	[15]	,	b	_
2.2	215	[1]	ἄτοπόν	_	_
2.2	216	[1]	τε	_	_
2.2	217	[11]	καὶ	_	_
2.2	218	[1]	δεινῶς	_	_
2.2	219	[1]	αἰσχρόν	_	_
2.2	220	[11]	.	b	_
2.2	221	[1]	ἠσκῆσθαι	_	_
2.2	222	[1]	τοίνυν	_	_
2.2	223	[1]	ἁπάσας	_	_
2.2	224	[2]	χρὴ	_	_
2.2	225	[1]	τὰς	_	_
2.2	226	[1]	ἁπλῶς	_	_
2.2	227	[1]	διαθέσεις	_	_
2.2	228	[16]	,	b	_
2.2	229	[1]	ἑκάστην	_	_
2.2	230	[1]	ἰδίᾳ	_	_
2.2	231	[1]	τετελειωμένην	_	_
2.2	232	[1]	τ	_	_
2.2	233	[6]	’	b	_
2.2	234	[12]	.	b	_
2.2	235	[2]	ἤδη	_	_
2.2	236	[1]	γνωρίζειν	_	_
2.2	237	[1]	ἑτοίμως	_	_
2.2	238	[13]	.	b	_
2.2	239	[2]	εἰ	_	_
2.2	240	[1]	μὴ	_	_
2.2	241	[2]	γὰρ	_	_
2.2	242	[3]	ἐν	_	_
2.2	243	[1]	τούτῳ	_	_
2.2	244	[1]	προγυμνάσαιο	_	_
2.2	245	[1]	φιλοπόνως	_	_
2.2	246	[17]	,	b	_
2.2	247	[1]	οὐδὲ	_	_
2.2	248	[1]	ἀρχομένην	_	_
2.2	249	[1]	ἔτι	_	_
2.2	250	[18]	,	b	_
2.2	251	[12]	καὶ	_	_
2.2	252	[1]	σμικρὰν	_	_
2.2	253	[1]	οὖσαν	_	_
2.2	254	[1]	διαγνοίης	_	_
2.2	255	[14]	.	b	_
2.2	256	[3]	ὥσπερ	_	_
2.2	257	[1]	οὐδ	_	_
2.2	258	[7]	’	b	_
2.2	259	[1]	ἐλαίαν	_	_
2.2	260	[1]	ἢ	_	_
2.2	261	[1]	συκῆν	_	_
2.2	262	[2]	ἢ	_	_
2.2	263	[1]	δρῦν	_	_
2.2	264	[1]	ἄρτι	_	_
2.2	265	[7]	τῆς	_	_
2.2	266	[2]	γῆς	_	_
2.2	267	[1]	ἀνίσχοντα	_	_
2.2	268	[1]	δύναιο	_	_
2.2	269	[2]	ἄν	_	_
2.2	270	[1]	ποτε	_	_
2.2	271	[1]	διαγινώσκειν	_	_
2.2	272	[19]	,	b	_
2.2	273	[1]	ἀγνοῶν	_	_
2.2	274	[2]	ἔτι	_	_
2.2	275	[2]	τὰ	_	_
2.2	276	[1]	τέλεια	_	_
2.2	277	[1]	φυτά	_	_
2.2	278	[15]	.	b	_
2.2	279	[1]	τὸ	_	_
2.2	280	[3]	δὲ	_	_
2.2	281	[1]	τούτου	_	_
2.2	282	[1]	μεῖζον	_	_
2.2	283	[20]	,	b	_
2.2	284	[1]	ὡς	_	_
2.2	285	[2]	οὐδ	_	_
2.2	286	[8]	’	b	_
2.2	287	[1]	αὐτὰ	_	_
2.2	288	[2]	τέλεια	_	_
2.2	289	[1]	γινώσκειν	_	_
2.2	290	[2]	ἁπλῶς	_	_
2.2	291	[1]	ἀρκεῖ	_	_
2.2	292	[21]	,	b	_
2.2	293	[4]	ἀλλὰ	_	_
2.2	294	[1]	χωρὶς	_	_
2.2	295	[2]	μὲν	_	_
2.2	296	[5]	τοῦ	_	_
2.2	297	[1]	προγινώσκειν	_	_
2.2	298	[1]	ἐκεῖνα	_	_
2.2	299	[4]	τῶν	_	_
2.2	300	[1]	νεογνῶν	_	_
2.2	301	[1]	οὐδὲν	_	_
2.2	302	[1]	ἂν	_	_
2.2	303	[2]	ἰδίᾳ	_	_
2.2	304	[1]	γνωρίσαις	_	_
2.2	305	[16]	.	b	_
2.2	306	[2]	οὐ	_	_
2.2	307	[1]	μὴν	_	_
2.2	308	[3]	οὐδ	_	_
2.2	309	[9]	’	b	_
2.2	310	[1]	εὐθέως	_	_
2.2	311	[2]	τε	_	_
2.2	312	[13]	καὶ	_	_
2.2	313	[1]	πρώτως	_	_
2.2	314	[1]	ἐντυχὼν	_	_
2.2	315	[1]	νῦν	_	_
2.2	316	[22]	,	b	_
2.2	317	[1]	ἀλλ	_	_
2.2	318	[10]	’	b	_
2.2	319	[2]	ὡς	_	_
2.2	320	[14]	καὶ	_	_
2.2	321	[5]	τῶν	_	_
2.2	322	[1]	τελείων	_	_
2.2	323	[1]	ἕκαστον	_	_
2.2	324	[2]	οὐκ	_	_
2.2	325	[1]	ὀλιγάκις	_	_
2.2	326	[1]	θεασάμενος	_	_
2.2	327	[1]	ἱκανὸς	_	_
2.2	328	[2]	διαγινώσκειν	_	_
2.2	329	[2]	ἑτοίμως	_	_
2.2	330	[1]	ἐγένου	_	_
2.2	331	[23]	,	b	_
2.2	332	[3]	κατὰ	_	_
2.2	333	[7]	τὸν	_	_
2.2	334	[2]	αὐτὸν	_	_
2.2	335	[24]	,	b	_
2.2	336	[2]	οἶμαι	_	_
2.2	337	[25]	,	b	_
2.2	338	[2]	τρόπον	_	_
2.2	339	[1]	χρή	_	_
2.2	340	[1]	σε	_	_
2.2	341	[15]	καὶ	_	_
2.2	342	[6]	τῶν	_	_
2.2	343	[2]	ἄρτι	_	_
2.2	344	[1]	γεννωμένων	_	_
2.2	345	[2]	ἕκαστον	_	_
2.2	346	[26]	,	b	_
2.2	347	[2]	οὐχ	_	_
2.2	348	[1]	ἅπαξ	_	_
2.2	349	[2]	οὐδὲ	_	_
2.2	350	[1]	δὶς	_	_
2.2	351	[27]	,	b	_
2.2	352	[5]	ἀλλὰ	_	_
2.2	353	[2]	πολλάκις	_	_
2.2	354	[1]	θεασάμενον	_	_
2.2	355	[1]	ἱκανῶς	_	_
2.2	356	[1]	αὐτῶν	_	_
2.2	357	[1]	γενέσθαι	_	_
2.2	358	[1]	γνώριμον	_	_
2.2	359	[17]	.	b	_
2.2	360	[2]	μὴ	_	_
2.2	361	[2]	τοίνυν	_	_
2.2	362	[1]	ἐάν	_	_
2.2	363	[1]	τι	_	_
2.2	364	[7]	τῶν	_	_
2.2	365	[1]	τῇδε	_	_
2.2	366	[1]	γεγραμμένων	_	_
2.2	367	[1]	ἐπιχειρῶν	_	_
2.2	368	[1]	ἀσκεῖν	_	_
2.2	369	[4]	ἐν	_	_
2.2	370	[2]	τῇ	_	_
2.2	371	[2]	πρώτῃ	_	_
2.2	372	[1]	πείρᾳ	_	_
2.2	373	[1]	σφαλῇς	_	_
2.2	374	[28]	,	b	_
2.2	375	[1]	ἀπογινώσκειν	_	_
2.2	376	[1]	εὐθὺς	_	_
2.2	377	[3]	ὡς	_	_
2.2	378	[1]	ἀδυνάτου	_	_
2.2	379	[29]	,	b	_
2.2	380	[1]	μηδὲ	_	_
2.2	381	[1]	ἀποχωρεῖν	_	_
2.2	382	[8]	τῆς	_	_
2.2	383	[1]	μελέτης	_	_
2.2	384	[30]	,	b	_
2.2	385	[1]	πρὶν	_	_
2.2	386	[1]	πάνυ	_	_
2.2	387	[3]	πολλάκις	_	_
2.2	388	[5]	ἐν	_	_
2.2	389	[1]	αὐτῇ	_	_
2.2	390	[1]	γυμνάσασθαι	_	_
2.2	391	[18]	.	b	_
2.2	392	[3]	οὐδὲ	_	_
2.2	393	[3]	γὰρ	_	_
2.2	394	[1]	τοὺς	_	_
2.2	395	[5]	τὴν	_	_
2.2	396	[1]	τοξικὴν	_	_
2.2	397	[1]	μελετῶντας	_	_
2.2	398	[31]	,	b	_
2.2	399	[1]	καίτοι	_	_
2.2	400	[4]	πολλάκις	_	_
2.2	401	[1]	ἁμαρτάνοντας	_	_
2.2	402	[6]	τοῦ	_	_
2.2	403	[1]	σκοποῦ	_	_
2.2	404	[32]	,	b	_
2.2	405	[2]	τό	_	_
2.2	406	[3]	γε	_	_
2.2	407	[3]	κατ	_	_
2.2	408	[11]	’	b	_
2.2	409	[1]	ἀρχὰς	_	_
2.2	410	[33]	,	b	_
2.2	411	[1]	ὅμως	_	_
2.2	412	[4]	οὐδὲ	_	_
2.2	413	[1]	τούτους	_	_
2.2	414	[1]	ἀφισταμένους	_	_
2.2	415	[1]	ὁρᾷς	_	_
2.2	416	[9]	τῆς	_	_
2.2	417	[1]	ἀσκήσεως	_	_
2.2	418	[34]	,	b	_
2.2	419	[4]	οὐδ	_	_
2.2	420	[12]	’	b	_
2.2	421	[1]	ἀθυμοῦντας	_	_
2.2	422	[1]	ἀποτυχίας	_	_
2.2	423	[19]	.	b	_
2.2	424	[1]	﻿	_	_
2.2	425	[1]	ὁπότ	_	_
2.2	426	[13]	’	b	_
2.2	427	[4]	οὖν	_	_
2.2	428	[2]	τοξικὴν	_	_
2.2	429	[1]	οὕτω	_	_
2.2	430	[2]	σμικρὰν	_	_
2.2	431	[1]	τέχνην	_	_
2.2	432	[35]	,	b	_
2.2	433	[4]	ὡς	_	_
2.2	434	[16]	καὶ	_	_
2.2	435	[1]	τοῖς	_	_
2.2	436	[1]	ἀνδραπόδοις	_	_
2.2	437	[1]	ἀσκεῖσθαι	_	_
2.2	438	[1]	καλῶς	_	_
2.2	439	[36]	,	b	_
2.2	440	[3]	οὐ	_	_
2.2	441	[1]	δυνατόν	_	_
2.2	442	[2]	ἐστιν	_	_
2.2	443	[2]	εὐθὺς	_	_
2.2	444	[1]	ἐξ	_	_
2.2	445	[1]	ἀρχῆς	_	_
2.2	446	[1]	κατορθοῦσθαι	_	_
2.2	447	[37]	,	b	_
2.2	448	[1]	τί	_	_
2.2	449	[3]	χρὴ	_	_
2.2	450	[1]	νομίζειν	_	_
2.2	451	[1]	ἐπὶ	_	_
2.2	452	[10]	τῆς	_	_
2.2	453	[8]	τῶν	_	_
2.2	454	[1]	Ἀσκληπιῶν	_	_
2.2	455	[1]	τέχνης	_	_
2.2	456	[38]	,	b	_
2.2	457	[2]	οὕτω	_	_
2.2	458	[3]	μὲν	_	_
2.2	459	[1]	πολλῆς	_	_
2.2	460	[1]	θεωρίας	_	_
2.2	461	[1]	δεομένης	_	_
2.2	462	[39]	,	b	_
2.2	463	[3]	οὕτω	_	_
2.2	464	[3]	δ	_	_
2.2	465	[14]	’	b	_
2.2	466	[1]	ἀκριβοῦς	_	_
2.2	467	[3]	τε	_	_
2.2	468	[17]	καὶ	_	_
2.2	469	[1]	φιλοπόνου	_	_
2.2	470	[11]	τῆς	_	_
2.2	471	[1]	ἐπ	_	_
2.2	472	[15]	’	b	_
2.2	473	[2]	αὐτῶν	_	_
2.2	474	[9]	τῶν	_	_
2.2	475	[1]	ἔργων	_	_
2.2	476	[1]	τριβῆς	_	_
2.2	477	[1]	;	b	_
2.2	478	[3]	εἰ	_	_
2.2	479	[4]	μὲν	_	_
2.2	480	[1]	δή	_	_
2.2	481	[3]	τις	_	_
2.2	482	[1]	εἴης	_	_
2.2	483	[10]	τῶν	_	_
2.2	484	[2]	ἐπὶ	_	_
2.2	485	[2]	τοῖς	_	_
2.2	486	[1]	καλλίστοις	_	_
2.2	487	[1]	ταλαιπωρεῖσθαι	_	_
2.2	488	[1]	προῃρημένων	_	_
2.2	489	[40]	,	b	_
2.2	490	[1]	ἅπαντα	_	_
2.2	491	[5]	μὲν	_	_
2.2	492	[2]	πρώτως	_	_
2.2	493	[1]	ἔκμαθε	_	_
2.2	494	[3]	ἀκριβῶς	_	_
2.2	495	[41]	,	b	_
2.2	496	[3]	τὰ	_	_
2.2	497	[1]	λεγόμενα	_	_
2.2	498	[1]	καθ	_	_
2.2	499	[16]	’	b	_
2.2	500	[3]	ἕκαστον	_	_
2.2	501	[11]	τῶν	_	_
2.2	502	[2]	νοσημάτων	_	_
2.2	503	[42]	,	b	_
2.2	504	[1]	ἐφεξῆς	_	_
2.2	505	[4]	δ	_	_
2.2	506	[17]	’	b	_
2.2	507	[3]	ἐπὶ	_	_
2.2	508	[12]	τῶν	_	_
2.2	509	[2]	ἔργων	_	_
2.2	510	[1]	ἄσκησον	_	_
2.2	511	[20]	.	b	_
2.2	512	[1]	εἶθ	_	_
2.2	513	[18]	’	b	_
2.2	514	[2]	οὕτως	_	_
2.2	515	[1]	ἐπιχείρει	_	_
2.2	516	[1]	κρίνειν	_	_
2.2	517	[2]	αὐτὰ	_	_
2.2	518	[43]	,	b	_
2.2	519	[1]	πότερον	_	_
2.2	520	[1]	ἀληθῶς	_	_
2.2	521	[3]	ἢ	_	_
2.2	522	[1]	ψευδῶς	_	_
2.2	523	[1]	εἴρηται	_	_
2.2	524	[21]	.	b	_
2.2	525	[4]	εἰ	_	_
2.2	526	[5]	δ	_	_
2.2	527	[19]	’	b	_
2.2	528	[1]	ἀταλαίπωρός	_	_
2.2	529	[4]	τε	_	_
2.2	530	[18]	καὶ	_	_
2.2	531	[1]	ῥᾴθυμος	_	_
2.2	532	[2]	εἴης	_	_
2.2	533	[44]	,	b	_
2.2	534	[4]	ἢ	_	_
2.2	535	[1]	ταλαίπωρος	_	_
2.2	536	[6]	μὲν	_	_
2.2	537	[2]	ἀλλ	_	_
2.2	538	[20]	’	b	_
2.2	539	[2]	εἰς	_	_
2.2	540	[4]	τὰ	_	_
2.2	541	[1]	χείρω	_	_
2.2	542	[45]	,	b	_
2.2	543	[1]	πλοῦτόν	_	_
2.2	544	[5]	τε	_	_
2.2	545	[19]	καὶ	_	_
2.2	546	[1]	τιμὴν	_	_
2.2	547	[20]	καὶ	_	_
2.2	548	[1]	δύναμιν	_	_
2.2	549	[1]	πολιτικὴν	_	_
2.2	550	[1]	ἀληθείας	_	_
2.2	551	[1]	προαιρούμενος	_	_
2.2	552	[46]	,	b	_
2.2	553	[1]	ἄμεινόν	_	_
2.2	554	[1]	σοι	_	_
2.2	555	[1]	μηδ	_	_
2.2	556	[21]	’	b	_
2.2	557	[1]	ἅπτεσθαι	_	_
2.2	558	[1]	τῆσδε	_	_
2.2	559	[12]	τῆς	_	_
2.2	560	[2]	θεωρίας	_	_
2.2	561	[47]	,	b	_
2.2	562	[2]	μηδ	_	_
2.2	563	[22]	’	b	_
2.2	564	[3]	εἰς	_	_
2.2	565	[1]	ἀνάπλεων	_	_
2.2	566	[1]	βορβόρου	_	_
2.2	567	[1]	φρέαρ	_	_
2.2	568	[1]	ἐμβάλλειν	_	_
2.2	569	[1]	ὕδωρ	_	_
2.2	570	[1]	καθαρόν	_	_
2.2	571	[22]	.	b	_
2.2	572	[1]	ἀφανίσεις	_	_
2.2	573	[6]	τε	_	_
2.2	574	[4]	γὰρ	_	_
2.2	575	[2]	τὸ	_	_
2.2	576	[2]	ὕδωρ	_	_
2.2	577	[21]	καὶ	_	_
2.2	578	[3]	τὸ	_	_
2.2	579	[2]	φρέαρ	_	_
2.2	580	[2]	οὐδὲν	_	_
2.2	581	[1]	ὠφελήσεις	_	_
2.2	582	[23]	.	b	_
2.2	583	[6]	τὴν	_	_
2.2	584	[5]	οὖν	_	_
2.2	585	[3]	ἁπλῆν	_	_
2.2	586	[3]	διάθεσιν	_	_
2.2	587	[1]	ἑκάστου	_	_
2.2	588	[13]	τῶν	_	_
2.2	589	[3]	νοσημάτων	_	_
2.2	590	[48]	,	b	_
2.2	591	[4]	ἐπὶ	_	_
2.2	592	[5]	γὰρ	_	_
2.2	593	[8]	τὸν	_	_
2.2	594	[13]	τῆς	_	_
2.2	595	[2]	ἀληθείας	_	_
2.2	596	[1]	ἑταῖρον	_	_
2.2	597	[3]	ἤδη	_	_
2.2	598	[1]	τρέψομαι	_	_
2.2	599	[49]	,	b	_
2.2	600	[1]	πρῶτον	_	_
2.2	601	[1]	ἄσκησόν	_	_
2.2	602	[1]	μοι	_	_
2.2	603	[2]	γνωρίζειν	_	_
2.2	604	[1]	αὐτὴν	_	_
2.2	605	[1]	ἐφ	_	_
2.2	606	[23]	’	b	_
2.2	607	[1]	ἑαυτῆς	_	_
2.2	608	[50]	,	b	_
2.2	609	[3]	οὐκ	_	_
2.2	610	[2]	ἐκ	_	_
2.2	611	[14]	τῶν	_	_
2.2	612	[1]	ἔξωθεν	_	_
2.2	613	[2]	αὐτῇ	_	_
2.2	614	[1]	προσκειμένων	_	_
2.2	615	[2]	μόνον	_	_
2.2	616	[51]	,	b	_
2.2	617	[1]	ἅπερ	_	_
2.2	618	[1]	οἱ	_	_
2.2	619	[1]	πολλοὶ	_	_
2.2	620	[1]	θεῶνται	_	_
2.2	621	[52]	,	b	_
2.2	622	[6]	ἀλλὰ	_	_
2.2	623	[2]	πρῶτον	_	_
2.2	624	[7]	μὲν	_	_
2.2	625	[22]	καὶ	_	_
2.2	626	[1]	μάλιστα	_	_
2.2	627	[3]	ἐκ	_	_
2.2	628	[15]	τῶν	_	_
2.2	629	[4]	κατὰ	_	_
2.2	630	[7]	τὴν	_	_
2.2	631	[1]	ἰδίαν	_	_
2.2	632	[1]	οὐσίαν	_	_
2.2	633	[1]	ὑπαρχόντων	_	_
2.2	634	[2]	·	b	_
2.2	635	[1]	ἐπεὶ	_	_
2.2	636	[6]	δ	_	_
2.2	637	[24]	’	b	_
2.2	638	[4]	ἤδη	_	_
2.2	639	[23]	καὶ	_	_
2.2	640	[16]	τῶν	_	_
2.2	641	[5]	ὡς	_	_
2.2	642	[5]	ἐπὶ	_	_
2.2	643	[4]	τὸ	_	_
2.2	644	[1]	πολὺ	_	_
2.2	645	[1]	συμβεβηκότων	_	_
2.2	646	[24]	.	b	_
2.2	647	[1]	οἷον	_	_
2.2	648	[6]	ἐπὶ	_	_
2.2	649	[7]	τοῦ	_	_
2.2	650	[1]	καλουμένου	_	_
2.2	651	[1]	τριταίου	_	_
2.2	652	[3]	μὴ	_	_
2.2	653	[2]	τοῦτο	_	_
2.2	654	[3]	μόνον	_	_
2.2	655	[1]	ἐπισκέπτου	_	_
2.2	656	[53]	,	b	_
2.2	657	[5]	τὸ	_	_
2.2	658	[1]	διὰ	_	_
2.2	659	[1]	τρίτης	_	_
2.2	660	[1]	γίνεσθαι	_	_
2.2	661	[2]	τοὺς	_	_
2.2	662	[1]	παροξυσμοὺς	_	_
2.2	663	[54]	,	b	_
2.2	664	[4]	εἰς	_	_
2.2	665	[1]	ἀπυρεξίαν	_	_
2.2	666	[1]	τελευτῶντας	_	_
2.2	667	[25]	.	b	_
2.2	668	[5]	εἰ	_	_
2.2	669	[6]	γὰρ	_	_
2.2	670	[1]	ἤτοι	_	_
2.2	671	[1]	δύο	_	_
2.2	672	[1]	τριταῖοι	_	_
2.2	673	[1]	γενηθεῖεν	_	_
2.2	674	[55]	,	b	_
2.2	675	[5]	ἢ	_	_
2.2	676	[2]	δύο	_	_
2.2	677	[1]	τεταρταῖοι	_	_
2.2	678	[56]	,	b	_
2.2	679	[2]	καθ	_	_
2.2	680	[25]	’	b	_
2.2	681	[2]	ἑκάστην	_	_
2.2	682	[8]	μὲν	_	_
2.2	683	[4]	ἡμέραν	_	_
2.2	684	[2]	οἱ	_	_
2.2	685	[3]	δύο	_	_
2.2	686	[2]	τριταῖοι	_	_
2.2	687	[3]	·	b	_
2.2	688	[2]	διὰ	_	_
2.2	689	[2]	τρίτης	_	_
2.2	690	[7]	δ	_	_
2.2	691	[26]	’	b	_
2.2	692	[3]	οἱ	_	_
2.2	693	[4]	δύο	_	_
2.2	694	[2]	τεταρταῖοι	_	_
2.2	695	[1]	παροξύνονται	_	_
2.2	696	[57]	,	b	_
2.2	697	[6]	ἢ	_	_
2.2	698	[3]	τοὺς	_	_
2.2	699	[5]	δύο	_	_
2.2	700	[1]	τριταίους	_	_
2.2	701	[1]	ἕνα	_	_
2.2	702	[1]	νομίσεις	_	_
2.2	703	[1]	ἀμφημερινόν	_	_
2.2	704	[4]	·	b	_
2.2	705	[7]	ἢ	_	_
2.2	706	[4]	τοὺς	_	_
2.2	707	[6]	δύο	_	_
2.2	708	[1]	τεταρταίους	_	_
2.2	709	[2]	ἕνα	_	_
2.2	710	[1]	τριταῖον	_	_
2.2	711	[26]	.	b	_
2.2	712	[7]	ἀλλὰ	_	_
2.2	713	[8]	τὴν	_	_
2.2	714	[1]	ἰδέαν	_	_
2.2	715	[1]	ἐπισκοπεῖσθαί	_	_
2.2	716	[2]	σε	_	_
2.2	717	[1]	κελεύω	_	_
2.2	718	[17]	τῶν	_	_
2.2	719	[1]	πυρετῶν	_	_
2.2	720	[27]	.	b	_
2.2	721	[1]	οὔτε	_	_
2.2	722	[7]	γὰρ	_	_
2.2	723	[1]	ταῖς	_	_
2.2	724	[1]	εἰσβολαῖς	_	_
2.2	725	[18]	τῶν	_	_
2.2	726	[1]	παροξυσμῶν	_	_
2.2	727	[1]	ἐοίκασιν	_	_
2.2	728	[58]	,	b	_
2.2	729	[2]	οὔτε	_	_
2.2	730	[2]	ταῖς	_	_
2.2	731	[1]	ἀναβάσεσιν	_	_
2.2	732	[59]	,	b	_
2.2	733	[3]	οὔτε	_	_
2.2	734	[3]	ταῖς	_	_
2.2	735	[1]	ἀκμαῖς	_	_
2.2	736	[60]	,	b	_
2.2	737	[4]	οὔτε	_	_
2.2	738	[4]	ταῖς	_	_
2.2	739	[1]	παρακμαῖς	_	_
2.2	740	[61]	,	b	_
2.2	741	[5]	οὔτε	_	_
2.2	742	[3]	τῇ	_	_
2.2	743	[1]	ποιότητι	_	_
2.2	744	[14]	τῆς	_	_
2.2	745	[1]	θερμασίας	_	_
2.2	746	[62]	,	b	_
2.2	747	[6]	οὔτε	_	_
2.2	748	[4]	τῇ	_	_
2.2	749	[1]	κινήσει	_	_
2.2	750	[19]	τῶν	_	_
2.2	751	[1]	ἀρτηριῶν	_	_
2.2	752	[63]	,	b	_
2.2	753	[7]	οὔτε	_	_
2.2	754	[3]	τοῖς	_	_
2.2	755	[1]	ἐπιγινομένοις	_	_
2.2	756	[1]	συμπτώμασιν	_	_
2.2	757	[28]	.	b	_
2.2	758	[6]	εἰ	_	_
2.2	759	[9]	μὲν	_	_
2.2	760	[6]	οὖν	_	_
2.2	761	[1]	μηδέποτ	_	_
2.2	762	[27]	’	b	_
2.2	763	[1]	ἦν	_	_
2.2	764	[1]	θεάσασθαι	_	_
2.2	765	[1]	τριταῖόν	_	_
2.2	766	[7]	τε	_	_
2.2	767	[24]	καὶ	_	_
2.2	768	[1]	ἀμφημερινὸν	_	_
2.2	769	[64]	,	b	_
2.2	770	[3]	αὐτὸν	_	_
2.2	771	[3]	καθ	_	_
2.2	772	[28]	’	b	_
2.2	773	[1]	ἑαυτὸν	_	_
2.2	774	[1]	ἑκάτερον	_	_
2.2	775	[65]	,	b	_
2.2	776	[1]	ἄδηλος	_	_
2.2	777	[2]	ἂν	_	_
2.2	778	[2]	ἦν	_	_
2.2	779	[3]	αὐτῶν	_	_
2.2	780	[1]	ἡ	_	_
2.2	781	[1]	διάγνωσις	_	_
2.2	782	[66]	,	b	_
2.2	783	[2]	ἐπεὶ	_	_
2.2	784	[4]	δὲ	_	_
2.2	785	[25]	καὶ	_	_
2.2	786	[2]	τριταῖον	_	_
2.2	787	[67]	,	b	_
2.2	788	[1]	αὐτόν	_	_
2.2	789	[3]	ἐστιν	_	_
2.2	790	[1]	ἰδεῖν	_	_
2.2	791	[4]	καθ	_	_
2.2	792	[29]	’	b	_
2.2	793	[2]	ἑαυτὸν	_	_
2.2	794	[68]	,	b	_
2.2	795	[1]	ἀρξάμενόν	_	_
2.2	796	[8]	τε	_	_
2.2	797	[26]	καὶ	_	_
2.2	798	[1]	προελθόντα	_	_
2.2	799	[27]	καὶ	_	_
2.2	800	[1]	τελειωθέντα	_	_
2.2	801	[28]	καὶ	_	_
2.2	802	[1]	λυθέντα	_	_
2.2	803	[69]	,	b	_
2.2	804	[29]	καὶ	_	_
2.2	805	[2]	ἀμφημερινὸν	_	_
2.2	806	[1]	ὡσαύτως	_	_
2.2	807	[70]	,	b	_
2.2	808	[2]	οὐδέν	_	_
2.2	809	[4]	ἐστιν	_	_
2.2	810	[1]	χαλεπὸν	_	_
2.2	811	[1]	ἀμφημερινοῦ	_	_
2.2	812	[1]	ἑνὸς	_	_
2.2	813	[1]	διακρῖναι	_	_
2.2	814	[7]	δύο	_	_
2.2	815	[2]	τριταίους	_	_
2.2	816	[29]	.	b	_
2.3	1	[1]	Ἄρξαι	_	_
2.3	2	[1]	δή	_	_
2.3	3	[1]	μοι	_	_
2.3	4	[1]	πρῶτον	_	_
2.3	5	[1]	ἀσκεῖν	_	_
2.3	6	[1]	ἀπὸ	_	_
2.3	7	[1]	τῶν	_	_
2.3	8	[1]	ἀκριβῶν	_	_
2.3	9	[1]	τύπων	_	_
2.3	10	[1]	.	b	_
2.3	11	[1]	οὔτε	_	_
2.3	12	[1]	γὰρ	_	_
2.3	13	[1]	ἄλλο	_	_
2.3	14	[1]	τι	_	_
2.3	15	[1]	μάτην	_	_
2.3	16	[1]	ὁ	_	_
2.3	17	[1]	Ἱπποκράτης	_	_
2.3	18	[1]	εἶπεν	_	_
2.3	19	[1]	οὔθ	_	_
2.3	20	[1]	’	b	_
2.3	21	[1]	ὡς	_	_
2.3	22	[2]	ὁ	_	_
2.3	23	[1]	ἀκριβὴς	_	_
2.3	24	[1]	τριταῖος	_	_
2.3	25	[1]	ἐν	_	_
2.3	26	[1]	ἑπτὰ	_	_
2.3	27	[1]	περιόδοις	_	_
2.3	28	[1]	κρίνεται	_	_
2.3	29	[1]	τὸ	_	_
2.3	30	[1]	μακρότατον	_	_
2.3	31	[2]	.	b	_
2.3	32	[1]	τίς	_	_
2.3	33	[1]	οὖν	_	_
2.3	34	[3]	ὁ	_	_
2.3	35	[2]	ἀκριβὴς	_	_
2.3	36	[2]	τριταῖος	_	_
2.3	37	[1]	οὗτος	_	_
2.3	38	[1]	;	b	_
2.3	39	[1]	οὐδὲν	_	_
2.3	40	[2]	γὰρ	_	_
2.3	41	[1]	παρ	_	_
2.3	42	[2]	’	b	_
2.3	43	[1]	Ἱπποκράτους	_	_
2.3	44	[1]	αὐτοῦ	_	_
2.3	45	[1]	γνώρισμα	_	_
2.3	46	[1]	γέγραπταί	_	_
2.3	47	[2]	τι	_	_
2.3	48	[1]	τοιοῦτον	_	_
2.3	49	[1]	,	b	_
2.3	50	[1]	οἷον	_	_
2.3	51	[1]	καὶ	_	_
2.3	52	[1]	τοῖς	_	_
2.3	53	[1]	ἐπιτυχοῦσιν	_	_
2.3	54	[1]	εἷναι	_	_
2.3	55	[1]	πρόδηλον	_	_
2.3	56	[3]	.	b	_
2.3	57	[1]	ἀλλ	_	_
2.3	58	[3]	’	b	_
2.3	59	[1]	εἰ	_	_
2.3	60	[1]	μέν	_	_
2.3	61	[1]	σε	_	_
2.3	62	[1]	χειραγωγήσαιμι	_	_
2.3	63	[2]	,	b	_
2.3	64	[1]	μαθήσῃ	_	_
2.3	65	[1]	ῥᾳδίως	_	_
2.3	66	[1]	τίνα	_	_
2.3	67	[1]	λέγει	_	_
2.3	68	[1]	τὸν	_	_
2.3	69	[1]	ἀκριβῆ	_	_
2.3	70	[1]	τριταῖον	_	_
2.3	71	[4]	.	b	_
2.3	72	[2]	εἰ	_	_
2.3	73	[1]	δ	_	_
2.3	74	[4]	’	b	_
2.3	75	[1]	ἐάσαιμί	_	_
2.3	76	[2]	σε	_	_
2.3	77	[1]	κυλινδεῖσθαι	_	_
2.3	78	[1]	κατὰ	_	_
2.3	79	[1]	τὰ	_	_
2.3	80	[1]	βιβλία	_	_
2.3	81	[3]	,	b	_
2.3	82	[1]	πρὶν	_	_
2.3	83	[1]	εἰσαχθῆναι	_	_
2.3	84	[1]	προσηκόντως	_	_
2.3	85	[4]	,	b	_
2.3	86	[1]	οὐκ	_	_
2.3	87	[1]	ἂν	_	_
2.3	88	[1]	οὐ	_	_
2.3	89	[1]	μόνον	_	_
2.3	90	[1]	ἐκμάθοις	_	_
2.3	91	[2]	οὐδὲν	_	_
2.3	92	[5]	,	b	_
2.3	93	[2]	οὔτε	_	_
2.3	94	[1]	περὶ	_	_
2.3	95	[1]	τριταίου	_	_
2.3	96	[3]	τι	_	_
2.3	97	[1]	χρηστὸν	_	_
2.3	98	[6]	,	b	_
2.3	99	[1]	οὔτ	_	_
2.3	100	[5]	’	b	_
2.3	101	[1]	ἄλλου	_	_
2.3	102	[1]	τινὸς	_	_
2.3	103	[2]	τῶν	_	_
2.3	104	[1]	ἁπάντων	_	_
2.3	105	[7]	,	b	_
2.3	106	[1]	ἀλλὰ	_	_
2.3	107	[2]	καὶ	_	_
2.3	108	[1]	παρακούσαις	_	_
2.3	109	[1]	μυρίων	_	_
2.3	110	[5]	.	b	_
2.3	111	[1]	ὅταν	_	_
2.3	112	[2]	οὖν	_	_
2.3	113	[1]	ἀναγνῷς	_	_
2.3	114	[2]	ἐν	_	_
2.3	115	[1]	ἀφορισμοῖς	_	_
2.3	116	[2]	τὰ	_	_
2.3	117	[1]	πλεονάζοντα	_	_
2.3	118	[2]	κατὰ	_	_
2.3	119	[2]	τὸ	_	_
2.3	120	[1]	θέρος	_	_
2.3	121	[1]	νοσήματα	_	_
2.3	122	[1]	πυρετούς	_	_
2.3	123	[1]	τε	_	_
2.3	124	[1]	εἶναι	_	_
2.3	125	[1]	συνεχεῖς	_	_
2.3	126	[3]	καὶ	_	_
2.3	127	[1]	καύσους	_	_
2.3	128	[4]	καὶ	_	_
2.3	129	[1]	τριταίους	_	_
2.3	130	[1]	πλείστους	_	_
2.3	131	[8]	,	b	_
2.3	132	[2]	πρῶτον	_	_
2.3	133	[1]	μὲν	_	_
2.3	134	[1]	αὐτὸ	_	_
2.3	135	[1]	δὴ	_	_
2.3	136	[1]	τοῦτο	_	_
2.3	137	[1]	μὴ	_	_
2.3	138	[1]	παρακούσῃς	_	_
2.3	139	[9]	,	b	_
2.3	140	[3]	τὸ	_	_
2.3	141	[2]	ὡς	_	_
2.3	142	[1]	θέρους	_	_
2.3	143	[1]	μέμνηται	_	_
2.3	144	[2]	οὐ	_	_
2.3	145	[1]	τοῦ	_	_
2.3	146	[1]	παρὰ	_	_
2.3	147	[1]	φύσιν	_	_
2.3	148	[1]	ἔχοντος	_	_
2.3	149	[10]	,	b	_
2.3	150	[2]	οἷον	_	_
2.3	151	[3]	ἐν	_	_
2.3	152	[1]	Κρανῶνί	_	_
2.3	153	[1]	ποτε	_	_
2.3	154	[1]	γενέσθαι	_	_
2.3	155	[1]	φησί	_	_
2.3	156	[11]	,	b	_
2.3	157	[1]	ὕοντος	_	_
2.3	158	[1]	καύματι	_	_
2.3	159	[1]	λάβρῳ	_	_
2.3	160	[1]	δι	_	_
2.3	161	[6]	’	b	_
2.3	162	[1]	ὅλου	_	_
2.3	163	[6]	.	b	_
2.3	164	[2]	ἀλλ	_	_
2.3	165	[7]	’	b	_
2.3	166	[1]	εἴ	_	_
2.3	167	[1]	ποτέ	_	_
2.3	168	[1]	τινα	_	_
2.3	169	[1]	τάξιν	_	_
2.3	170	[5]	καὶ	_	_
2.3	171	[1]	κόσμον	_	_
2.3	172	[1]	ἑκάστῃ	_	_
2.3	173	[3]	τῶν	_	_
2.3	174	[1]	ὡρῶν	_	_
2.3	175	[1]	ἐνενόησας	_	_
2.3	176	[12]	,	b	_
2.3	177	[1]	ἀναμνήσθητί	_	_
2.3	178	[2]	μοι	_	_
2.3	179	[6]	καὶ	_	_
2.3	180	[1]	νῦν	_	_
2.3	181	[13]	,	b	_
2.3	182	[3]	ὡς	_	_
2.3	183	[4]	ὁ	_	_
2.3	184	[2]	μὲν	_	_
2.3	185	[1]	χειμὼν	_	_
2.3	186	[1]	ἅπαντος	_	_
2.3	187	[2]	τοῦ	_	_
2.3	188	[1]	ἔτους	_	_
2.3	189	[1]	ὑγρότατός	_	_
2.3	190	[1]	ἐστι	_	_
2.3	191	[7]	καὶ	_	_
2.3	192	[1]	ψυχρότατος	_	_
2.3	193	[14]	,	b	_
2.3	194	[1]	ἐναντίως	_	_
2.3	195	[2]	δ	_	_
2.3	196	[8]	’	b	_
2.3	197	[1]	αὐτῷ	_	_
2.3	198	[4]	τὸ	_	_
2.3	199	[2]	θέρος	_	_
2.3	200	[1]	ξηρότατόν	_	_
2.3	201	[2]	τε	_	_
2.3	202	[8]	καὶ	_	_
2.3	203	[1]	θερμότατον	_	_
2.3	204	[7]	.	b	_
2.3	205	[3]	εἰ	_	_
2.3	206	[3]	δ	_	_
2.3	207	[9]	’	b	_
2.3	208	[1]	ἔμπαλιν	_	_
2.3	209	[5]	ὁ	_	_
2.3	210	[3]	μὲν	_	_
2.3	211	[2]	χειμὼν	_	_
2.3	212	[1]	ξηρός	_	_
2.3	213	[15]	,	b	_
2.3	214	[1]	ὑγρὸν	_	_
2.3	215	[1]	δὲ	_	_
2.3	216	[1]	γίγνοιτο	_	_
2.3	217	[5]	τὸ	_	_
2.3	218	[3]	θέρος	_	_
2.3	219	[16]	,	b	_
2.3	220	[3]	οὐ	_	_
2.3	221	[3]	κατὰ	_	_
2.3	222	[2]	φύσιν	_	_
2.3	223	[1]	ἔχει	_	_
2.3	224	[3]	τὰ	_	_
2.3	225	[4]	τῶν	_	_
2.3	226	[2]	ὡρῶν	_	_
2.3	227	[8]	.	b	_
2.3	228	[2]	οὐκ	_	_
2.3	229	[3]	οὖν	_	_
2.3	230	[1]	οὐδὲ	_	_
2.3	231	[4]	τὰ	_	_
2.3	232	[1]	θερινὰ	_	_
2.3	233	[2]	νοσήματα	_	_
2.3	234	[1]	τηνικαῦτα	_	_
2.3	235	[4]	ἐν	_	_
2.3	236	[1]	θέρει	_	_
2.3	237	[1]	πλεονάσει	_	_
2.3	238	[9]	.	b	_
2.3	239	[2]	μὴ	_	_
2.3	240	[1]	γάρ	_	_
2.3	241	[1]	πω	_	_
2.3	242	[1]	δόκει	_	_
2.3	243	[1]	διὰ	_	_
2.3	244	[1]	τὴν	_	_
2.3	245	[1]	προσηγορίαν	_	_
2.3	246	[5]	τῶν	_	_
2.3	247	[3]	ὡρῶν	_	_
2.3	248	[1]	ἕκαστον	_	_
2.3	249	[6]	τῶν	_	_
2.3	250	[1]	νοσημάτων	_	_
2.3	251	[1]	γίνεσθαι	_	_
2.3	252	[1]	τοῖον	_	_
2.3	253	[1]	ἢ	_	_
2.3	254	[2]	τοῖον	_	_
2.3	255	[17]	,	b	_
2.3	256	[2]	ἀλλὰ	_	_
2.3	257	[2]	διὰ	_	_
2.3	258	[2]	τὴν	_	_
2.3	259	[1]	περιέχοντος	_	_
2.3	260	[1]	ἡμᾶς	_	_
2.3	261	[1]	ἀέρος	_	_
2.3	262	[1]	κρᾶσιν	_	_
2.3	263	[10]	.	b	_
2.3	264	[4]	ὡς	_	_
2.3	265	[3]	γὰρ	_	_
2.3	266	[2]	ἂν	_	_
2.3	267	[2]	οὗτος	_	_
2.3	268	[1]	ἔχῃ	_	_
2.3	269	[1]	φύσεως	_	_
2.3	270	[18]	,	b	_
2.3	271	[1]	οὕτω	_	_
2.3	272	[9]	καὶ	_	_
2.3	273	[2]	ἡμᾶς	_	_
2.3	274	[1]	διατίθησι	_	_
2.3	275	[11]	.	b	_
2.3	276	[4]	κατὰ	_	_
2.3	277	[2]	τοῦτο	_	_
2.3	278	[4]	οὖν	_	_
2.3	279	[1]	ἔλεγεν	_	_
2.3	280	[6]	ὁ	_	_
2.3	281	[2]	Ἱπποκράτης	_	_
2.3	282	[1]	ὁπόταν	_	_
2.3	283	[1]	ἔαρ	_	_
2.3	284	[1]	ὅμοιον	_	_
2.3	285	[1]	τῷ	_	_
2.3	286	[1]	φθινοπώρῳ	_	_
2.3	287	[1]	γένηται	_	_
2.3	288	[19]	,	b	_
2.3	289	[1]	φθινοπωρινὰ	_	_
2.3	290	[5]	τὰ	_	_
2.3	291	[3]	νοσήματα	_	_
2.3	292	[1]	προσδέχεσθαι	_	_
2.3	293	[1]	δεῖ	_	_
2.3	294	[12]	.	b	_
2.3	295	[1]	θερμὴν	_	_
2.3	296	[1]	δέ	_	_
2.3	297	[2]	τινα	_	_
2.3	298	[10]	καὶ	_	_
2.3	299	[1]	ξηρὰν	_	_
2.3	300	[1]	κατάστασιν	_	_
2.3	301	[1]	ἔχειν	_	_
2.3	302	[1]	χρὴ	_	_
2.3	303	[6]	τὸ	_	_
2.3	304	[4]	θέρος	_	_
2.3	305	[20]	,	b	_
2.3	306	[1]	ἐπειδὰν	_	_
2.3	307	[1]	ἀκριβῶς	_	_
2.3	308	[1]	διασώζῃ	_	_
2.3	309	[3]	τὴν	_	_
2.3	310	[1]	ἑαυτοῦ	_	_
2.3	311	[3]	φύσιν	_	_
2.3	312	[13]	.	b	_
2.3	313	[3]	ἀλλ	_	_
2.3	314	[10]	’	b	_
2.3	315	[1]	εἴπερ	_	_
2.3	316	[2]	οὕτω	_	_
2.3	317	[1]	τοῦτ	_	_
2.3	318	[11]	’	b	_
2.3	319	[2]	ἔχει	_	_
2.3	320	[21]	,	b	_
2.3	321	[1]	δῆλον	_	_
2.3	322	[22]	,	b	_
2.3	323	[5]	ὡς	_	_
2.3	324	[7]	τὸ	_	_
2.3	325	[1]	μάλιστα	_	_
2.3	326	[2]	τοιοῦτον	_	_
2.3	327	[5]	θέρος	_	_
2.3	328	[2]	πλείστους	_	_
2.3	329	[1]	οἴσει	_	_
2.3	330	[2]	τριταίους	_	_
2.3	331	[2]	πυρετούς	_	_
2.3	332	[14]	.	b	_
2.3	333	[1]	ἆρ	_	_
2.3	334	[12]	’	b	_
2.3	335	[5]	οὖν	_	_
2.3	336	[1]	ὥρα	_	_
2.3	337	[4]	μὲν	_	_
2.3	338	[1]	ἡ	_	_
2.3	339	[1]	θερμὴ	_	_
2.3	340	[11]	καὶ	_	_
2.3	341	[1]	ξηρὰ	_	_
2.3	342	[1]	τριταίων	_	_
2.3	343	[1]	πυρετῶν	_	_
2.3	344	[1]	εὔφορος	_	_
2.3	345	[23]	,	b	_
2.3	346	[2]	ἡ	_	_
2.3	347	[1]	χώρα	_	_
2.3	348	[4]	δ	_	_
2.3	349	[13]	’	b	_
2.3	350	[1]	οὐχ	_	_
2.3	351	[1]	ὁμοίως	_	_
2.3	352	[3]	ἡ	_	_
2.3	353	[2]	θερμὴ	_	_
2.3	354	[12]	καὶ	_	_
2.3	355	[2]	ξηρὰ	_	_
2.3	356	[1]	τῆς	_	_
2.3	357	[1]	ὑγρᾶς	_	_
2.3	358	[13]	καὶ	_	_
2.3	359	[1]	ψυχρᾶς	_	_
2.3	360	[1]	εὐφορωτέρα	_	_
2.3	361	[2]	;	b	_
2.3	362	[1]	παντί	_	_
2.3	363	[1]	που	_	_
2.3	364	[2]	δῆλον	_	_
2.3	365	[1]	·	b	_
2.3	366	[1]	τί	_	_
2.3	367	[1]	οὐχὶ	_	_
2.3	368	[14]	καὶ	_	_
2.3	369	[3]	τοῦ	_	_
2.3	370	[1]	κάμνοντος	_	_
2.3	371	[4]	ἡ	_	_
2.3	372	[1]	κρᾶσις	_	_
2.3	373	[2]	αὐτοῦ	_	_
2.3	374	[3]	;	b	_
2.3	375	[15]	καὶ	_	_
2.3	376	[2]	τοῦτ	_	_
2.3	377	[14]	’	b	_
2.3	378	[1]	ἀναγκαῖον	_	_
2.3	379	[15]	.	b	_
2.3	380	[4]	εἰ	_	_
2.3	381	[2]	δὲ	_	_
2.3	382	[16]	καὶ	_	_
2.3	383	[1]	διαιτηθείη	_	_
2.3	384	[1]	θερμότερόν	_	_
2.3	385	[3]	τε	_	_
2.3	386	[17]	καὶ	_	_
2.3	387	[1]	ξηρότερον	_	_
2.3	388	[24]	,	b	_
2.3	389	[1]	ὅπερ	_	_
2.3	390	[1]	ἐστὶν	_	_
2.3	391	[5]	ἐν	_	_
2.3	392	[1]	πόνοις	_	_
2.3	393	[5]	μὲν	_	_
2.3	394	[1]	πλείοσι	_	_
2.3	395	[18]	καὶ	_	_
2.3	396	[1]	ἀγρυπνίαις	_	_
2.3	397	[19]	καὶ	_	_
2.3	398	[1]	φροντίσι	_	_
2.3	399	[20]	καὶ	_	_
2.3	400	[1]	λύπαις	_	_
2.3	401	[25]	,	b	_
2.3	402	[1]	ἐδέσμασί	_	_
2.3	403	[1]	τ	_	_
2.3	404	[15]	’	b	_
2.3	405	[1]	ἐλάττοσί	_	_
2.3	406	[4]	τε	_	_
2.3	407	[21]	καὶ	_	_
2.3	408	[1]	χολωδεστέροις	_	_
2.3	409	[26]	,	b	_
2.3	410	[2]	ἆρ	_	_
2.3	411	[16]	’	b	_
2.3	412	[6]	οὖν	_	_
2.3	413	[2]	οὐχὶ	_	_
2.3	414	[22]	καὶ	_	_
2.3	415	[5]	κατὰ	_	_
2.3	416	[1]	ταῦτα	_	_
2.3	417	[1]	χολωδέστερος	_	_
2.3	418	[3]	ἂν	_	_
2.3	419	[1]	αὐτὸς	_	_
2.3	420	[2]	ἑαυτοῦ	_	_
2.3	421	[1]	γένοιτο	_	_
2.3	422	[27]	,	b	_
2.3	423	[23]	καὶ	_	_
2.3	424	[1]	δηλονότι	_	_
2.3	425	[1]	θερμότερός	_	_
2.3	426	[5]	τε	_	_
2.3	427	[24]	καὶ	_	_
2.3	428	[1]	ξηρότερος	_	_
2.3	429	[4]	;	b	_
2.3	430	[1]	ὅτι	_	_
2.3	431	[6]	μὲν	_	_
2.3	432	[4]	γὰρ	_	_
2.3	433	[1]	ἐπὶ	_	_
2.3	434	[1]	θερμοῖς	_	_
2.3	435	[25]	καὶ	_	_
2.3	436	[1]	ξηροῖς	_	_
2.3	437	[1]	αἰτίοις	_	_
2.3	438	[5]	ἡ	_	_
2.3	439	[1]	ξανθὴ	_	_
2.3	440	[1]	χολὴ	_	_
2.3	441	[1]	πέφυκεν	_	_
2.3	442	[1]	ἀθροίζεσθαι	_	_
2.3	443	[28]	,	b	_
2.3	444	[2]	παρ	_	_
2.3	445	[17]	’	b	_
2.3	446	[2]	Ἱπποκράτους	_	_
2.3	447	[1]	ἐμάθομεν	_	_
2.3	448	[29]	,	b	_
2.3	449	[1]	ἄλλοθί	_	_
2.3	450	[6]	τε	_	_
2.3	451	[1]	πολλαχόθι	_	_
2.3	452	[1]	κἀξ	_	_
2.3	453	[1]	ὧν	_	_
2.3	454	[6]	ἐν	_	_
2.3	455	[2]	θέρει	_	_
2.3	456	[1]	πλεονάζειν	_	_
2.3	457	[1]	αὐτήν	_	_
2.3	458	[1]	φησι	_	_
2.3	459	[16]	.	b	_
2.3	460	[1]	ταῦτ	_	_
2.3	461	[18]	’	b	_
2.3	462	[1]	εἴρηταί	_	_
2.3	463	[3]	μοι	_	_
2.3	464	[2]	·	b	_
2.3	465	[26]	καὶ	_	_
2.3	466	[2]	τριταίου	_	_
2.3	467	[1]	πυρετοῦ	_	_
2.3	468	[1]	γένεσιν	_	_
2.3	469	[1]	ἤδη	_	_
2.3	470	[1]	μεμάθηκας	_	_
2.3	471	[17]	.	b	_
2.3	472	[1]	ὃς	_	_
2.3	473	[5]	γὰρ	_	_
2.3	474	[4]	ἂν	_	_
2.3	475	[7]	ἐν	_	_
2.3	476	[3]	θέρει	_	_
2.3	477	[7]	μὲν	_	_
2.3	478	[2]	γένηται	_	_
2.3	479	[30]	,	b	_
2.3	480	[27]	καὶ	_	_
2.3	481	[1]	τούτῳ	_	_
2.3	482	[2]	μάλιστα	_	_
2.3	483	[1]	θερμῷ	_	_
2.3	484	[7]	τε	_	_
2.3	485	[28]	καὶ	_	_
2.3	486	[1]	ξη	_	_
2.3	487	[1]	ρῷ	_	_
2.3	488	[31]	,	b	_
2.3	489	[3]	τοιοῦτον	_	_
2.3	490	[3]	δὲ	_	_
2.3	491	[1]	ᾖ	_	_
2.3	492	[29]	καὶ	_	_
2.3	493	[8]	τὸ	_	_
2.3	494	[1]	χωρίον	_	_
2.3	495	[32]	,	b	_
2.3	496	[30]	καὶ	_	_
2.3	497	[6]	ἡ	_	_
2.3	498	[4]	τοῦ	_	_
2.3	499	[2]	κάμνοντος	_	_
2.3	500	[1]	φύσις	_	_
2.3	501	[1]	ὁμοία	_	_
2.3	502	[33]	,	b	_
2.3	503	[31]	καὶ	_	_
2.3	504	[6]	τὰ	_	_
2.3	505	[1]	πρόσθεν	_	_
2.3	506	[1]	διαιτήματα	_	_
2.3	507	[1]	πρὸς	_	_
2.3	508	[2]	ταῦτ	_	_
2.3	509	[19]	’	b	_
2.3	510	[1]	ἄγοντα	_	_
2.3	511	[34]	,	b	_
2.3	512	[3]	τριταῖος	_	_
2.3	513	[3]	οὗτος	_	_
2.3	514	[1]	δύναται	_	_
2.3	515	[2]	εἶναι	_	_
2.3	516	[18]	.	b	_
2.3	517	[32]	καὶ	_	_
2.3	518	[1]	μὴν	_	_
2.3	519	[1]	ἄχρι	_	_
2.3	520	[1]	γε	_	_
2.3	521	[1]	τούτου	_	_
2.3	522	[1]	χολώδη	_	_
2.3	523	[1]	πυρετὸν	_	_
2.3	524	[1]	ἐγεννήσαμεν	_	_
2.3	525	[2]	τῷ	_	_
2.3	526	[1]	λόγῳ	_	_
2.3	527	[35]	,	b	_
2.3	528	[2]	τριταῖον	_	_
2.3	529	[5]	δ	_	_
2.3	530	[20]	’	b	_
2.3	531	[1]	οὔπω	_	_
2.3	532	[1]	δεόντως	_	_
2.3	533	[19]	.	b	_
2.3	534	[5]	εἰ	_	_
2.3	535	[6]	γὰρ	_	_
2.3	536	[2]	συνεχεῖς	_	_
2.3	537	[33]	καὶ	_	_
2.3	538	[2]	καύσους	_	_
2.3	539	[34]	καὶ	_	_
2.3	540	[3]	τριταίους	_	_
2.3	541	[3]	πλείστους	_	_
2.3	542	[1]	αὐτό	_	_
2.3	543	[8]	τε	_	_
2.3	544	[6]	θέρος	_	_
2.3	545	[1]	ἕκαστόν	_	_
2.3	546	[9]	τε	_	_
2.3	547	[7]	τῶν	_	_
2.3	548	[1]	εἰρημένων	_	_
2.3	549	[1]	αἰτίων	_	_
2.3	550	[1]	ἀπεργάζεται	_	_
2.3	551	[36]	,	b	_
2.3	552	[1]	κοινὴ	_	_
2.3	553	[1]	﻿	_	_
2.3	554	[1]	μέχρι	_	_
2.3	555	[1]	τοῦδε	_	_
2.3	556	[2]	τοῖς	_	_
2.3	557	[1]	καύσοις	_	_
2.3	558	[1]	πυρετοῖς	_	_
2.3	559	[7]	ἡ	_	_
2.3	560	[5]	τοῦ	_	_
2.3	561	[3]	τριταίου	_	_
2.3	562	[1]	γένεσις	_	_
2.3	563	[20]	.	b	_
2.3	564	[1]	ἀτὰρ	_	_
2.3	565	[7]	οὖν	_	_
2.3	566	[35]	καὶ	_	_
2.3	567	[1]	φαίνεται	_	_
2.3	568	[1]	τοῦτό	_	_
2.3	569	[2]	γε	_	_
2.3	570	[36]	καὶ	_	_
2.3	571	[2]	αὐτὸς	_	_
2.3	572	[7]	ὁ	_	_
2.3	573	[1]	παροξυσμὸς	_	_
2.3	574	[6]	τοῦ	_	_
2.3	575	[4]	τριταίου	_	_
2.3	576	[8]	τῶν	_	_
2.3	577	[1]	ὀξυτάτων	_	_
2.3	578	[10]	τε	_	_
2.3	579	[37]	καὶ	_	_
2.3	580	[1]	καυσωδεστάτων	_	_
2.3	581	[2]	πυρετῶν	_	_
2.3	582	[1]	οὐδενὸς	_	_
2.3	583	[1]	ἀπολείπεται	_	_
2.3	584	[21]	.	b	_
2.3	585	[2]	τί	_	_
2.3	586	[1]	ποτ	_	_
2.3	587	[21]	’	b	_
2.3	588	[8]	οὖν	_	_
2.3	589	[1]	διήνεγκεν	_	_
2.3	590	[5]	;	b	_
2.3	591	[2]	ὅτι	_	_
2.3	592	[4]	τὴν	_	_
2.3	593	[1]	χολὴν	_	_
2.3	594	[4]	οὗτος	_	_
2.3	595	[8]	μὲν	_	_
2.3	596	[1]	εἰς	_	_
2.3	597	[1]	ἅπαν	_	_
2.3	598	[9]	τὸ	_	_
2.3	599	[1]	σῶμα	_	_
2.3	600	[1]	φερομένην	_	_
2.3	601	[3]	ἔχει	_	_
2.3	602	[37]	,	b	_
2.3	603	[38]	καὶ	_	_
2.3	604	[3]	διὰ	_	_
2.3	605	[3]	τοῦτο	_	_
2.3	606	[1]	ῥίγος	_	_
2.3	607	[11]	τε	_	_
2.3	608	[1]	σφοδρὸν	_	_
2.3	609	[1]	αὐτοῖς	_	_
2.3	610	[1]	προσγίνεται	_	_
2.3	611	[38]	,	b	_
2.3	612	[39]	καὶ	_	_
2.3	613	[1]	χολῆς	_	_
2.3	614	[1]	ἔμετος	_	_
2.3	615	[1]	ἐπιφαίνεται	_	_
2.3	616	[39]	,	b	_
2.3	617	[40]	καὶ	_	_
2.3	618	[7]	τὰ	_	_
2.3	619	[1]	οὖρα	_	_
2.3	620	[41]	καὶ	_	_
2.3	621	[1]	οἱ	_	_
2.3	622	[1]	ἱδρῶτες	_	_
2.3	623	[2]	αὐτοῖς	_	_
2.3	624	[1]	χολώδεις	_	_
2.3	625	[1]	εἰσίν	_	_
2.3	626	[22]	.	b	_
2.3	627	[1]	εἴρηται	_	_
2.3	628	[4]	δὲ	_	_
2.3	629	[42]	καὶ	_	_
2.3	630	[2]	περὶ	_	_
2.3	631	[1]	τούτων	_	_
2.3	632	[1]	ἑτέρωθι	_	_
2.3	633	[40]	,	b	_
2.3	634	[3]	τοῖς	_	_
2.3	635	[6]	δ	_	_
2.3	636	[22]	’	b	_
2.3	637	[1]	ἄλλοις	_	_
2.3	638	[2]	καύσοις	_	_
2.3	639	[2]	πυρετοῖς	_	_
2.3	640	[41]	,	b	_
2.3	641	[1]	ὅσοι	_	_
2.3	642	[3]	μὴ	_	_
2.3	643	[1]	διαλείπουσιν	_	_
2.3	644	[42]	,	b	_
2.3	645	[2]	τῆς	_	_
2.3	646	[1]	ξανθῆς	_	_
2.3	647	[2]	χολῆς	_	_
2.3	648	[1]	χυμὸς	_	_
2.3	649	[1]	ἐδείκνυτο	_	_
2.3	650	[1]	περιεχόμενος	_	_
2.3	651	[8]	ἐν	_	_
2.3	652	[4]	τοῖς	_	_
2.3	653	[1]	ἀγγείοις	_	_
2.3	654	[1]	ἅμα	_	_
2.3	655	[3]	τῷ	_	_
2.3	656	[1]	αἵματι	_	_
2.3	657	[23]	.	b	_
2.3	658	[43]	καὶ	_	_
2.3	659	[1]	ταύτῃ	_	_
2.3	660	[1]	διαφέρουσιν	_	_
2.3	661	[1]	οὗτοι	_	_
2.3	662	[9]	τῶν	_	_
2.3	663	[2]	τριταίων	_	_
2.3	664	[43]	,	b	_
2.3	665	[6]	εἰ	_	_
2.3	666	[44]	καὶ	_	_
2.3	667	[2]	τὸν	_	_
2.3	668	[1]	ἐργαζόμενον	_	_
2.3	669	[1]	αὐτοὺς	_	_
2.3	670	[1]	χυμὸν	_	_
2.3	671	[1]	ἔχουσι	_	_
2.3	672	[3]	τὸν	_	_
2.3	673	[1]	αὐτὸν	_	_
2.3	674	[44]	,	b	_
2.3	675	[3]	ὅτι	_	_
2.3	676	[5]	τοῖς	_	_
2.3	677	[9]	μὲν	_	_
2.3	678	[1]	ἐντὸς	_	_
2.3	679	[10]	τῶν	_	_
2.3	680	[1]	φλεβῶν	_	_
2.3	681	[2]	ἐστι	_	_
2.3	682	[45]	,	b	_
2.3	683	[6]	τοῖς	_	_
2.3	684	[5]	δὲ	_	_
2.3	685	[1]	σφοδρῶς	_	_
2.3	686	[1]	κινούμενος	_	_
2.3	687	[2]	ἐπὶ	_	_
2.3	688	[1]	παντὸς	_	_
2.3	689	[7]	τοῦ	_	_
2.3	690	[1]	σώματος	_	_
2.3	691	[1]	διασπείρεται	_	_
2.3	692	[8]	τὰ	_	_
2.3	693	[1]	μόρια	_	_
2.3	694	[3]	·	b	_
2.3	695	[45]	καὶ	_	_
2.3	696	[4]	διὰ	_	_
2.3	697	[3]	τοῦτ	_	_
2.3	698	[23]	’	b	_
2.3	699	[3]	αὐτὸς	_	_
2.3	700	[1]	ἑαυτὸν	_	_
2.3	701	[1]	ἐκκαθαίρει	_	_
2.3	702	[4]	τῷ	_	_
2.3	703	[1]	σφοδρῷ	_	_
2.3	704	[3]	τῆς	_	_
2.3	705	[1]	φορᾶς	_	_
2.3	706	[24]	.	b	_
2.3	707	[1]	αὕτη	_	_
2.3	708	[46]	καὶ	_	_
2.3	709	[8]	τοῦ	_	_
2.3	710	[1]	παύεσθαι	_	_
2.3	711	[4]	τὸν	_	_
2.3	712	[2]	πυρετὸν	_	_
2.3	713	[3]	ἐπὶ	_	_
2.3	714	[7]	τοῖς	_	_
2.3	715	[1]	ἱδρῶσί	_	_
2.3	716	[12]	τε	_	_
2.3	717	[47]	καὶ	_	_
2.3	718	[8]	τοῖς	_	_
2.3	719	[1]	ἐμέτοις	_	_
2.3	720	[8]	ἡ	_	_
2.3	721	[1]	αἰτία	_	_
2.3	722	[25]	.	b	_
2.3	723	[9]	τοῖς	_	_
2.3	724	[3]	καύσοις	_	_
2.3	725	[7]	δ	_	_
2.3	726	[24]	’	b	_
2.3	727	[1]	ἕκαστος	_	_
2.3	728	[11]	τῶν	_	_
2.3	729	[6]	κατὰ	_	_
2.3	730	[1]	μέρος	_	_
2.3	731	[1]	παροξυσμῶν	_	_
2.3	732	[2]	εἰς	_	_
2.3	733	[1]	ἀπυρεξίαν	_	_
2.3	734	[3]	οὐκ	_	_
2.3	735	[1]	ἔρχεται	_	_
2.3	736	[46]	,	b	_
2.3	737	[5]	διὰ	_	_
2.3	738	[10]	τὸ	_	_
2.3	739	[1]	μηδ	_	_
2.3	740	[25]	’	b	_
2.3	741	[1]	ἐκκαθαίρεσθαι	_	_
2.3	742	[5]	τὸν	_	_
2.3	743	[1]	αἴτιον	_	_
2.3	744	[1]	χυμόν	_	_
2.3	745	[26]	.	b	_
2.3	746	[4]	ἀλλ	_	_
2.3	747	[26]	’	b	_
2.3	748	[2]	ἐπειδὰν	_	_
2.3	749	[48]	καὶ	_	_
2.3	750	[1]	τούτοις	_	_
2.3	751	[9]	ἡ	_	_
2.3	752	[2]	χολὴ	_	_
2.3	753	[1]	σφοδρότερον	_	_
2.3	754	[1]	κινηθεῖσα	_	_
2.3	755	[49]	καὶ	_	_
2.3	756	[3]	οἷον	_	_
2.3	757	[1]	ζέσασα	_	_
2.3	758	[47]	,	b	_
2.3	759	[11]	τὸ	_	_
2.3	760	[6]	δὲ	_	_
2.3	761	[4]	τι	_	_
2.3	762	[50]	καὶ	_	_
2.3	763	[2]	πρὸς	_	_
2.3	764	[1]	αὐτῆς	_	_
2.3	765	[4]	τῆς	_	_
2.3	766	[2]	φύσεως	_	_
2.3	767	[1]	ῥωσθείσης	_	_
2.3	768	[1]	ὠθουμένη	_	_
2.3	769	[1]	πάντῃ	_	_
2.3	770	[9]	τοῦ	_	_
2.3	771	[2]	σώματος	_	_
2.3	772	[1]	ἴῃ	_	_
2.3	773	[48]	,	b	_
2.3	774	[2]	ῥίγος	_	_
2.3	775	[13]	τε	_	_
2.3	776	[2]	προσγίνεται	_	_
2.3	777	[51]	καὶ	_	_
2.3	778	[1]	λύσις	_	_
2.3	779	[1]	ἐπιγίνεται	_	_
2.3	780	[27]	.	b	_
2.3	781	[1]	ὑπὸ	_	_
2.3	782	[1]	καύσου	_	_
2.3	783	[2]	γάρ	_	_
2.3	784	[1]	φησιν	_	_
2.3	785	[1]	ἐχομένῳ	_	_
2.3	786	[1]	ῥίγεος	_	_
2.3	787	[1]	ἐπιγενομένου	_	_
2.3	788	[2]	λύσις	_	_
2.3	789	[28]	.	b	_
2.3	790	[4]	ὅτι	_	_
2.3	791	[8]	δ	_	_
2.3	792	[27]	’	b	_
2.3	793	[4]	οὐ	_	_
2.3	794	[2]	μόνον	_	_
2.3	795	[12]	τὸ	_	_
2.3	796	[1]	ψυχρὸν	_	_
2.3	797	[2]	αἴτιον	_	_
2.3	798	[49]	,	b	_
2.3	799	[3]	ἀλλὰ	_	_
2.3	800	[52]	καὶ	_	_
2.3	801	[13]	τὸ	_	_
2.3	802	[1]	δριμὺ	_	_
2.3	803	[53]	καὶ	_	_
2.3	804	[14]	τὸ	_	_
2.3	805	[1]	θερμὸν	_	_
2.3	806	[1]	ἐργάζεσθαι	_	_
2.3	807	[3]	ῥίγος	_	_
2.3	808	[2]	δύναται	_	_
2.3	809	[50]	,	b	_
2.3	810	[9]	ἐν	_	_
2.3	811	[10]	τοῖς	_	_
2.3	812	[12]	τῶν	_	_
2.3	813	[1]	συμπτωμάτων	_	_
2.3	814	[2]	αἰτίοις	_	_
2.3	815	[1]	ἀποδέδεικται	_	_
2.3	816	[51]	,	b	_
2.3	817	[1]	παραθεμένων	_	_
2.3	818	[1]	ἡμῶν	_	_
2.3	819	[1]	τούς	_	_
2.3	820	[14]	τε	_	_
2.3	821	[6]	διὰ	_	_
2.3	822	[2]	δριμὺ	_	_
2.3	823	[54]	καὶ	_	_
2.3	824	[2]	θερμὸν	_	_
2.3	825	[1]	φάρμακον	_	_
2.3	826	[1]	ἐπιτεθὲν	_	_
2.3	827	[1]	ἕλκει	_	_
2.3	828	[1]	δηχθέντας	_	_
2.3	829	[2]	σφοδρῶς	_	_
2.3	830	[52]	,	b	_
2.3	831	[1]	εἶτα	_	_
2.3	832	[1]	ῥιγώσαντας	_	_
2.3	833	[53]	,	b	_
2.3	834	[2]	τούς	_	_
2.3	835	[15]	τε	_	_
2.3	836	[1]	περιττωμάτων	_	_
2.3	837	[1]	πεπληρωμένους	_	_
2.3	838	[1]	καπνωδῶν	_	_
2.3	839	[54]	,	b	_
2.3	840	[1]	εἶτ	_	_
2.3	841	[28]	’	b	_
2.3	842	[3]	εἰς	_	_
2.3	843	[1]	βαλανεῖον	_	_
2.3	844	[1]	εἰσελθόντας	_	_
2.3	845	[55]	καὶ	_	_
2.3	846	[1]	φρίξαντας	_	_
2.3	847	[29]	.	b	_
2.3	848	[1]	οὕτως	_	_
2.3	849	[7]	γὰρ	_	_
2.3	850	[2]	δὴ	_	_
2.3	851	[56]	καὶ	_	_
2.3	852	[1]	τοὺς	_	_
2.3	853	[1]	πυρέσσοντας	_	_
2.3	854	[57]	καὶ	_	_
2.3	855	[2]	τοὺς	_	_
2.3	856	[1]	ἀπεπτήσαντας	_	_
2.3	857	[3]	σφοδρῶς	_	_
2.3	858	[55]	,	b	_
2.3	859	[58]	καὶ	_	_
2.3	860	[1]	πάντας	_	_
2.3	861	[1]	οἷς	_	_
2.3	862	[5]	ἂν	_	_
2.3	863	[2]	ᾖ	_	_
2.3	864	[15]	τὸ	_	_
2.3	865	[2]	σῶμα	_	_
2.3	866	[1]	μεστὸν	_	_
2.3	867	[1]	ἀκαθαρσίας	_	_
2.3	868	[1]	δριμείας	_	_
2.3	869	[56]	,	b	_
2.3	870	[1]	ἐάν	_	_
2.3	871	[2]	τ	_	_
2.3	872	[29]	’	b	_
2.3	873	[4]	εἰς	_	_
2.3	874	[2]	βαλανεῖον	_	_
2.3	875	[1]	εἰσέλθωσιν	_	_
2.3	876	[57]	,	b	_
2.3	877	[2]	ἐάν	_	_
2.3	878	[3]	τ	_	_
2.3	879	[30]	’	b	_
2.3	880	[5]	εἰς	_	_
2.3	881	[2]	χωρίον	_	_
2.3	882	[1]	ἡλιούμενον	_	_
2.3	883	[4]	σφοδρῶς	_	_
2.3	884	[58]	,	b	_
2.3	885	[3]	ἐάν	_	_
2.3	886	[4]	τ	_	_
2.3	887	[31]	’	b	_
2.3	888	[1]	ἄλλην	_	_
2.3	889	[1]	ἡντιναοῦν	_	_
2.3	890	[1]	κίνησιν	_	_
2.3	891	[1]	σφοδροτέραν	_	_
2.3	892	[1]	κινηθῶσι	_	_
2.3	893	[59]	,	b	_
2.3	894	[1]	εὐθὺς	_	_
2.3	895	[10]	μὲν	_	_
2.3	896	[1]	φρίττοντας	_	_
2.3	897	[1]	ὁρῶμεν	_	_
2.3	898	[4]	·	b	_
2.3	899	[1]	ἢν	_	_
2.3	900	[7]	δὲ	_	_
2.3	901	[59]	καὶ	_	_
2.3	902	[1]	διατρίψωσιν	_	_
2.3	903	[4]	ἐπὶ	_	_
2.3	904	[1]	πλέον	_	_
2.3	905	[10]	ἐν	_	_
2.3	906	[3]	αὐτοῖς	_	_
2.3	907	[60]	,	b	_
2.3	908	[6]	εἰς	_	_
2.3	909	[4]	ῥίγος	_	_
2.3	910	[16]	τε	_	_
2.3	911	[60]	καὶ	_	_
2.3	912	[1]	κλόνον	_	_
2.3	913	[1]	ἀγομένους	_	_
2.3	914	[61]	,	b	_
2.3	915	[6]	ὡς	_	_
2.3	916	[6]	ἂν	_	_
2.3	917	[7]	εἰς	_	_
2.3	918	[2]	κίνησιν	_	_
2.3	919	[2]	σφοδροτέραν	_	_
2.3	920	[62]	,	b	_
2.3	921	[1]	ἔν	_	_
2.3	922	[17]	τε	_	_
2.3	923	[11]	τοῖς	_	_
2.3	924	[1]	βαλανείοις	_	_
2.3	925	[61]	καὶ	_	_
2.3	926	[12]	τοῖς	_	_
2.3	927	[1]	γυμνασίοις	_	_
2.3	928	[1]	ἐρχομένων	_	_
2.3	929	[63]	,	b	_
2.3	930	[13]	τῶν	_	_
2.3	931	[1]	τέως	_	_
2.3	932	[1]	ἡσυχαζόντων	_	_
2.3	933	[2]	περιττωμάτων	_	_
2.3	934	[30]	.	b	_
2.3	935	[1]	ἅπαντα	_	_
2.3	936	[8]	γὰρ	_	_
2.3	937	[2]	ταῦτα	_	_
2.3	938	[1]	κινούμενά	_	_
2.3	939	[18]	τε	_	_
2.3	940	[62]	καὶ	_	_
2.3	941	[7]	διὰ	_	_
2.3	942	[14]	τῶν	_	_
2.3	943	[1]	αἰσθητικῶν	_	_
2.3	944	[1]	σωμάτων	_	_
2.3	945	[1]	ἐπιφερόμενα	_	_
2.3	946	[1]	νύττει	_	_
2.3	947	[19]	τε	_	_
2.3	948	[63]	καὶ	_	_
2.3	949	[1]	κεντεῖ	_	_
2.3	950	[64]	καὶ	_	_
2.3	951	[1]	τιτρώσκει	_	_
2.3	952	[31]	.	b	_
2.3	953	[1]	κἀντεῦθεν	_	_
2.3	954	[1]	τήν	_	_
2.3	955	[20]	τε	_	_
2.3	956	[1]	ἀνώμαλον	_	_
2.3	957	[1]	αἴσθησιν	_	_
2.3	958	[65]	καὶ	_	_
2.3	959	[16]	τὸ	_	_
2.3	960	[5]	ῥίγος	_	_
2.3	961	[66]	καὶ	_	_
2.3	962	[6]	τὸν	_	_
2.3	963	[2]	κλόνον	_	_
2.3	964	[1]	ἐπιφέρει	_	_
2.3	965	[32]	.	b	_
2.3	966	[1]	ταυτὶ	_	_
2.3	967	[11]	μὲν	_	_
2.3	968	[9]	οὖν	_	_
2.3	969	[2]	ἑτέρωθι	_	_
2.3	970	[1]	λέλεκται	_	_
2.3	971	[33]	.	b	_
2.3	972	[4]	τριταῖος	_	_
2.3	973	[8]	δὲ	_	_
2.3	974	[1]	πυρετὸς	_	_
2.3	975	[1]	ἔκγονος	_	_
2.3	976	[1]	ὑπάρχων	_	_
2.3	977	[5]	τῆς	_	_
2.3	978	[2]	ξανθῆς	_	_
2.3	979	[3]	χολῆς	_	_
2.3	980	[1]	κινουμένης	_	_
2.3	981	[64]	,	b	_
2.3	982	[1]	εὐλόγως	_	_
2.3	983	[2]	εὐθὺς	_	_
2.3	984	[1]	καταρχὰς	_	_
2.3	985	[65]	,	b	_
2.3	986	[6]	ῥίγος	_	_
2.3	987	[4]	οὐκ	_	_
2.3	988	[1]	ἀγεννὲς	_	_
2.3	989	[2]	ἐπιφέρει	_	_
2.3	990	[66]	,	b	_
2.3	991	[1]	διαφέρων	_	_
2.3	992	[2]	αὐτῷ	_	_
2.3	993	[2]	τούτῳ	_	_
2.3	994	[3]	πρῶτον	_	_
2.3	995	[10]	τοῦ	_	_
2.3	996	[1]	τεταρταϊκοῦ	_	_
2.3	997	[1]	ῥίγους	_	_
2.3	998	[67]	,	b	_
2.3	999	[5]	τῷ	_	_
2.3	1000	[1]	κεντεῖσθαι	_	_
2.3	1001	[1]	δοκεῖν	_	_
2.3	1002	[67]	καὶ	_	_
2.3	1003	[1]	τιτρώσκεσθαι	_	_
2.3	1004	[7]	τὸν	_	_
2.3	1005	[1]	χρῶτα	_	_
2.3	1006	[34]	.	b	_
2.3	1007	[1]	τοιαύτη	_	_
2.3	1008	[9]	γὰρ	_	_
2.3	1009	[11]	ἐν	_	_
2.3	1010	[1]	τριταίοις	_	_
2.3	1011	[3]	πυρετοῖς	_	_
2.3	1012	[10]	ἡ	_	_
2.3	1013	[11]	τοῦ	_	_
2.3	1014	[2]	ῥίγους	_	_
2.3	1015	[1]	αἴσθησις	_	_
2.3	1016	[68]	,	b	_
2.3	1017	[1]	ὥσπερ	_	_
2.3	1018	[12]	ἐν	_	_
2.3	1019	[1]	τεταρταίῳ	_	_
2.3	1020	[69]	,	b	_
2.3	1021	[1]	κατάψυξιν	_	_
2.3	1022	[1]	ἔχουσα	_	_
2.3	1023	[1]	σφοδρὰν	_	_
2.3	1024	[70]	,	b	_
2.3	1025	[1]	ὁμοιοτάτην	_	_
2.3	1026	[1]	τῇ	_	_
2.3	1027	[8]	διὰ	_	_
2.3	1028	[1]	κρύος	_	_
2.3	1029	[13]	ἐν	_	_
2.3	1030	[1]	χειμῶνι	_	_
2.3	1031	[1]	γινομένῃ	_	_
2.3	1032	[35]	.	b	_
2.3	1033	[2]	ἐδείκνυτο	_	_
2.3	1034	[10]	γὰρ	_	_
2.3	1035	[3]	δὴ	_	_
2.3	1036	[68]	καὶ	_	_
2.3	1037	[6]	τῷ	_	_
2.3	1038	[2]	τεταρταίῳ	_	_
2.3	1039	[1]	πυρετῷ	_	_
2.3	1040	[3]	χολὴ	_	_
2.3	1041	[1]	μέλαινα	_	_
2.3	1042	[1]	πλεονάζουσα	_	_
2.3	1043	[3]	μάλιστα	_	_
2.3	1044	[71]	,	b	_
2.3	1045	[1]	καθάπερ	_	_
2.3	1046	[14]	ἐν	_	_
2.3	1047	[13]	τοῖς	_	_
2.3	1048	[1]	ἀμφημερινοῖς	_	_
2.3	1049	[17]	τὸ	_	_
2.3	1050	[1]	φλέγμα	_	_
2.3	1051	[36]	.	b	_
2.3	1052	[8]	τὸν	_	_
2.3	1053	[10]	οὖν	_	_
2.3	1054	[2]	ἀκριβῆ	_	_
2.3	1055	[3]	τριταῖον	_	_
2.3	1056	[5]	οὐκ	_	_
2.3	1057	[1]	ἐνδέχεται	_	_
2.3	1058	[4]	μὴ	_	_
2.3	1059	[5]	οὐ	_	_
2.3	1060	[1]	μετὰ	_	_
2.3	1061	[3]	ῥίγους	_	_
2.3	1062	[1]	σφοδροῦ	_	_
2.3	1063	[2]	γενέσθαι	_	_
2.3	1064	[72]	,	b	_
2.3	1065	[1]	νύττοντος	_	_
2.3	1066	[69]	καὶ	_	_
2.3	1067	[1]	τιτρώσκοντος	_	_
2.3	1068	[5]	τὴν	_	_
2.3	1069	[1]	σάρκα	_	_
2.3	1070	[37]	.	b	_
2.3	1071	[1]	τεταρταῖος	_	_
2.3	1072	[9]	δὲ	_	_
2.3	1073	[2]	πυρετὸς	_	_
2.3	1074	[6]	οὐκ	_	_
2.3	1075	[3]	εὐθὺς	_	_
2.3	1076	[2]	ἀπὸ	_	_
2.3	1077	[6]	τῆς	_	_
2.3	1078	[1]	πρώτης	_	_
2.3	1079	[1]	ἡμέρας	_	_
2.3	1080	[1]	εἰσβάλλει	_	_
2.3	1081	[2]	μετὰ	_	_
2.3	1082	[4]	ῥίγους	_	_
2.3	1083	[2]	σφοδροῦ	_	_
2.3	1084	[5]	·	b	_
2.3	1085	[1]	προϊόντι	_	_
2.3	1086	[11]	γὰρ	_	_
2.3	1087	[3]	αὐτῷ	_	_
2.3	1088	[70]	καὶ	_	_
2.3	1089	[1]	αὐξανομένῳ	_	_
2.3	1090	[1]	συναύξεται	_	_
2.3	1091	[71]	καὶ	_	_
2.3	1092	[18]	τὸ	_	_
2.3	1093	[7]	ῥίγος	_	_
2.3	1094	[73]	,	b	_
2.3	1095	[1]	ἥτ	_	_
2.3	1096	[32]	’	b	_
2.3	1097	[2]	αἴσθησις	_	_
2.3	1098	[6]	οὐ	_	_
2.3	1099	[1]	νυττομένων	_	_
2.3	1100	[1]	ἐστὶ	_	_
2.3	1101	[15]	τῶν	_	_
2.3	1102	[1]	καμνόντων	_	_
2.3	1103	[74]	,	b	_
2.3	1104	[4]	ἀλλὰ	_	_
2.3	1105	[1]	καταψυχομένων	_	_
2.3	1106	[21]	τε	_	_
2.3	1107	[72]	καὶ	_	_
2.3	1108	[4]	οἷον	_	_
2.3	1109	[1]	θλωμένων	_	_
2.3	1110	[2]	ἄχρι	_	_
2.3	1111	[73]	καὶ	_	_
2.3	1112	[16]	τῶν	_	_
2.3	1113	[1]	ὀστῶν	_	_
2.3	1114	[38]	.	b	_
2.3	1115	[2]	οὕτως	_	_
2.3	1116	[1]	γ	_	_
2.3	1117	[33]	’	b	_
2.3	1118	[11]	οὖν	_	_
2.3	1119	[1]	ἀκοῦσαι	_	_
2.3	1120	[1]	λεγόντων	_	_
2.3	1121	[1]	αὐτῶν	_	_
2.3	1122	[3]	ἐστι	_	_
2.3	1123	[75]	,	b	_
2.3	1124	[7]	ὡς	_	_
2.3	1125	[1]	ὀστοκόπῳ	_	_
2.3	1126	[22]	τε	_	_
2.3	1127	[1]	συνέχεσθαι	_	_
2.3	1128	[74]	καὶ	_	_
2.3	1129	[1]	συνθλάσαι	_	_
2.3	1130	[6]	τὴν	_	_
2.3	1131	[2]	σάρκα	_	_
2.3	1132	[1]	φαντάζονται	_	_
2.3	1133	[39]	.	b	_
2.3	1134	[17]	τῶν	_	_
2.3	1135	[9]	δ	_	_
2.3	1136	[34]	’	b	_
2.3	1137	[1]	ἀμφημερινῶν	_	_
2.3	1138	[2]	οὐδὲ	_	_
2.3	1139	[1]	προηγεῖται	_	_
2.3	1140	[8]	ῥίγος	_	_
2.3	1141	[76]	,	b	_
2.3	1142	[2]	οὔτ	_	_
2.3	1143	[35]	’	b	_
2.3	1144	[4]	εὐθὺς	_	_
2.3	1145	[1]	ἐξ	_	_
2.3	1146	[1]	ἀρχῆς	_	_
2.3	1147	[3]	οὔτε	_	_
2.3	1148	[1]	προϊόντων	_	_
2.3	1149	[77]	,	b	_
2.3	1150	[5]	ἀλλὰ	_	_
2.3	1151	[1]	περιψύχονται	_	_
2.3	1152	[3]	μόνον	_	_
2.3	1153	[40]	.	b	_
2.3	1154	[3]	ἆρ	_	_
2.3	1155	[36]	’	b	_
2.3	1156	[12]	οὖν	_	_
2.3	1157	[3]	ταῦτα	_	_
2.3	1158	[1]	μόνα	_	_
2.3	1159	[9]	τὰ	_	_
2.3	1160	[1]	γνωρίσματα	_	_
2.3	1161	[18]	τῶν	_	_
2.3	1162	[3]	τριταίων	_	_
2.3	1163	[3]	πυρετῶν	_	_
2.3	1164	[1]	ἐστιν	_	_
2.3	1165	[78]	,	b	_
2.3	1166	[2]	ἢ	_	_
2.3	1167	[75]	καὶ	_	_
2.3	1168	[10]	τὰ	_	_
2.3	1169	[19]	τῶν	_	_
2.3	1170	[1]	σφυγμῶν	_	_
2.3	1171	[79]	,	b	_
2.3	1172	[3]	οὐδὲν	_	_
2.3	1173	[1]	οὐδ	_	_
2.3	1174	[37]	’	b	_
2.3	1175	[1]	ἐγγὺς	_	_
2.3	1176	[4]	ἔχει	_	_
2.3	1177	[14]	τοῖς	_	_
2.3	1178	[1]	τεταρταίοις	_	_
2.3	1179	[6]	;	b	_
2.3	1180	[2]	οὗτοι	_	_
2.3	1181	[12]	μὲν	_	_
2.3	1182	[12]	γὰρ	_	_
2.3	1183	[1]	μικροὺς	_	_
2.3	1184	[76]	καὶ	_	_
2.3	1185	[1]	ἀμυδροὺς	_	_
2.3	1186	[77]	καὶ	_	_
2.3	1187	[1]	βραδεῖς	_	_
2.3	1188	[78]	καὶ	_	_
2.3	1189	[1]	ἀραιοὺς	_	_
2.3	1190	[8]	εἰς	_	_
2.3	1191	[1]	τοσοῦτον	_	_
2.3	1192	[1]	ἐργάζονται	_	_
2.3	1193	[3]	τοὺς	_	_
2.3	1194	[1]	σφυγμοὺς	_	_
2.3	1195	[15]	ἐν	_	_
2.3	1196	[1]	ταῖς	_	_
2.3	1197	[1]	ἐπισημασίαις	_	_
2.3	1198	[80]	,	b	_
2.3	1199	[8]	ὡς	_	_
2.3	1200	[1]	οὐδεμία	_	_
2.3	1201	[1]	διάθεσις	_	_
2.3	1202	[1]	ἄλλη	_	_
2.3	1203	[41]	.	b	_
2.3	1204	[2]	τριταίοις	_	_
2.3	1205	[10]	δὲ	_	_
2.3	1206	[1]	μικροὶ	_	_
2.3	1207	[13]	μὲν	_	_
2.3	1208	[79]	καὶ	_	_
2.3	1209	[1]	ἀμυδροὶ	_	_
2.3	1210	[80]	καὶ	_	_
2.3	1211	[2]	βραδεῖς	_	_
2.3	1212	[81]	καὶ	_	_
2.3	1213	[1]	ἀραιοὶ	_	_
2.3	1214	[7]	κατὰ	_	_
2.3	1215	[1]	τὰς	_	_
2.3	1216	[1]	εἰσβολὰς	_	_
2.3	1217	[2]	ἐξ	_	_
2.3	1218	[1]	ἀνάγκης	_	_
2.3	1219	[1]	γίνονται	_	_
2.3	1220	[6]	·	b	_
2.3	1221	[5]	ἀλλ	_	_
2.3	1222	[38]	’	b	_
2.3	1223	[11]	ἡ	_	_
2.3	1224	[1]	βραδύτης	_	_
2.3	1225	[23]	τε	_	_
2.3	1226	[82]	καὶ	_	_
2.3	1227	[1]	ἀραιότης	_	_
2.3	1228	[7]	οὐ	_	_
2.3	1229	[1]	μικρῷ	_	_
2.3	1230	[1]	τινι	_	_
2.3	1231	[20]	τῶν	_	_
2.3	1232	[16]	ἐν	_	_
2.3	1233	[15]	τοῖς	_	_
2.3	1234	[2]	τεταρταίοις	_	_
2.3	1235	[2]	ἀπολείπεται	_	_
2.3	1236	[42]	.	b	_
2.3	1237	[1]	δεδέσθαι	_	_
2.3	1238	[3]	γάρ	_	_
2.3	1239	[1]	σοι	_	_
2.3	1240	[1]	δόξει	_	_
2.3	1241	[8]	κατὰ	_	_
2.3	1242	[2]	τὰς	_	_
2.3	1243	[2]	εἰσβολὰς	_	_
2.3	1244	[21]	τῶν	_	_
2.3	1245	[1]	τεταρταίων	_	_
2.3	1246	[12]	ἡ	_	_
2.3	1247	[1]	ἀρτηρία	_	_
2.3	1248	[83]	καὶ	_	_
2.3	1249	[1]	εἴσω	_	_
2.3	1250	[1]	καθέλκεσθαι	_	_
2.3	1251	[84]	καὶ	_	_
2.3	1252	[1]	ἀνιέναι	_	_
2.3	1253	[1]	κωλύεσθαι	_	_
2.3	1254	[43]	.	b	_
2.3	1255	[9]	κατὰ	_	_
2.3	1256	[11]	δὲ	_	_
2.3	1257	[3]	τὰς	_	_
2.3	1258	[1]	τριταϊκὰς	_	_
2.3	1259	[4]	οὔτε	_	_
2.3	1260	[4]	τοιοῦτον	_	_
2.3	1261	[4]	οὐδὲν	_	_
2.3	1262	[81]	,	b	_
2.3	1263	[1]	ἥτε	_	_
2.3	1264	[2]	βραδύτης	_	_
2.3	1265	[2]	ἐγγὺς	_	_
2.3	1266	[2]	τῇ	_	_
2.3	1267	[10]	κατὰ	_	_
2.3	1268	[4]	φύσιν	_	_
2.3	1269	[2]	ἑκάστῃ	_	_
2.3	1270	[1]	κινήσει	_	_
2.3	1271	[44]	.	b	_
2.3	1272	[2]	τεταρταίων	_	_
2.3	1273	[12]	δὲ	_	_
2.3	1274	[4]	πυρετῶν	_	_
2.3	1275	[1]	εἰσβαλλόντων	_	_
2.3	1276	[82]	,	b	_
2.3	1277	[7]	εἰ	_	_
2.3	1278	[85]	καὶ	_	_
2.3	1279	[1]	νέος	_	_
2.3	1280	[8]	ὁ	_	_
2.3	1281	[1]	κάμνων	_	_
2.3	1282	[1]	εἴη	_	_
2.3	1283	[83]	,	b	_
2.3	1284	[1]	γεροντικῆς	_	_
2.3	1285	[1]	ἐσχάτης	_	_
2.3	1286	[1]	ἡλικίας	_	_
2.3	1287	[13]	ἡ	_	_
2.3	1288	[2]	ἀρτηρία	_	_
2.3	1289	[2]	τούτου	_	_
2.3	1290	[1]	μιμεῖται	_	_
2.3	1291	[7]	τὴν	_	_
2.3	1292	[3]	κίνησιν	_	_
2.3	1293	[45]	.	b	_
2.3	1294	[3]	ἐξ	_	_
2.3	1295	[13]	οὖν	_	_
2.3	1296	[2]	τούτων	_	_
2.3	1297	[2]	ἁπάντων	_	_
2.3	1298	[9]	ὁ	_	_
2.3	1299	[12]	τοῦ	_	_
2.3	1300	[1]	γνησίου	_	_
2.3	1301	[5]	τριταίου	_	_
2.3	1302	[2]	ἐστὶ	_	_
2.3	1303	[2]	παροξυσμὸς	_	_
2.3	1304	[1]	διενήνοχε	_	_
2.3	1305	[84]	,	b	_
2.3	1306	[86]	καὶ	_	_
2.3	1307	[3]	πρὸς	_	_
2.3	1308	[2]	τούτοις	_	_
2.3	1309	[1]	ἔτι	_	_
2.3	1310	[1]	τάξις	_	_
2.3	1311	[1]	ἀκριβής	_	_
2.3	1312	[2]	ἐστιν	_	_
2.3	1313	[87]	καὶ	_	_
2.3	1314	[1]	ὁμαλότης	_	_
2.3	1315	[17]	ἐν	_	_
2.3	1316	[16]	τοῖς	_	_
2.3	1317	[1]	σφυγμοῖς	_	_
2.3	1318	[46]	.	b	_
2.3	1319	[5]	οὔτε	_	_
2.3	1320	[13]	γὰρ	_	_
2.3	1321	[18]	ἐν	_	_
2.3	1322	[1]	μιᾷ	_	_
2.3	1323	[2]	κινήσει	_	_
2.3	1324	[1]	τις	_	_
2.3	1325	[1]	ἀνωμαλία	_	_
2.3	1326	[1]	κατ	_	_
2.3	1327	[39]	’	b	_
2.3	1328	[2]	αὐτοὺς	_	_
2.3	1329	[3]	οὔτ	_	_
2.3	1330	[40]	’	b	_
2.3	1331	[19]	ἐν	_	_
2.3	1332	[1]	ἀθροίσματι	_	_
2.3	1333	[47]	.	b	_
2.3	1334	[1]	καίτοι	_	_
2.3	1335	[1]	σπάνιον	_	_
2.3	1336	[2]	τοῦτό	_	_
2.3	1337	[3]	γε	_	_
2.3	1338	[88]	καὶ	_	_
2.3	1339	[1]	παντάπασιν	_	_
2.3	1340	[1]	ὀλίγαις	_	_
2.3	1341	[1]	ἀρχαῖς	_	_
2.3	1342	[2]	παροξυσμῶν	_	_
2.3	1343	[1]	ὑπάρχον	_	_
2.3	1344	[48]	.	b	_
2.3	1345	[2]	ἤδη	_	_
2.3	1346	[24]	τε	_	_
2.3	1347	[14]	οὖν	_	_
2.3	1348	[1]	εἰσβάλλων	_	_
2.3	1349	[10]	ὁ	_	_
2.3	1350	[1]	τοιοῦτος	_	_
2.3	1351	[3]	πυρετὸς	_	_
2.3	1352	[85]	,	b	_
2.3	1353	[7]	οὐκ	_	_
2.3	1354	[7]	ἂν	_	_
2.3	1355	[1]	οὐδένα	_	_
2.3	1356	[1]	λάθοι	_	_
2.3	1357	[22]	τῶν	_	_
2.3	1358	[1]	πολλάκις	_	_
2.3	1359	[1]	ἑωρακότων	_	_
2.3	1360	[1]	αὐτόν	_	_
2.3	1361	[49]	.	b	_
2.3	1362	[2]	ἔτι	_	_
2.3	1363	[13]	δὲ	_	_
2.3	1364	[89]	καὶ	_	_
2.3	1365	[1]	μᾶλλον	_	_
2.3	1366	[20]	ἐν	_	_
2.3	1367	[2]	ταῖς	_	_
2.3	1368	[1]	καλουμέναις	_	_
2.3	1369	[1]	ἀναβάσεσί	_	_
2.3	1370	[25]	τε	_	_
2.3	1371	[90]	καὶ	_	_
2.3	1372	[1]	αὐξήσεσιν	_	_
2.3	1373	[7]	·	b	_
2.3	1374	[1]	ὁμαλὸν	_	_
2.3	1375	[14]	μὲν	_	_
2.3	1376	[14]	γὰρ	_	_
2.3	1377	[91]	καὶ	_	_
2.3	1378	[1]	ἀκώλυτον	_	_
2.3	1379	[5]	ἔχει	_	_
2.3	1380	[19]	τὸ	_	_
2.3	1381	[1]	τάχος	_	_
2.3	1382	[86]	,	b	_
2.3	1383	[1]	ἐγείρεται	_	_
2.3	1384	[14]	δὲ	_	_
2.3	1385	[9]	εἰς	_	_
2.3	1386	[1]	μέγεθος	_	_
2.3	1387	[92]	καὶ	_	_
2.3	1388	[1]	σφοδρότητα	_	_
2.3	1389	[1]	παραχρῆμα	_	_
2.3	1390	[87]	,	b	_
2.3	1391	[1]	κἀν	_	_
2.3	1392	[3]	τούτοις	_	_
2.3	1393	[1]	ἅπασιν	_	_
2.3	1394	[1]	ἀνάλογον	_	_
2.3	1395	[88]	,	b	_
2.3	1396	[10]	εἰς	_	_
2.3	1397	[1]	πυκνότητα	_	_
2.3	1398	[50]	.	b	_
2.3	1399	[93]	καὶ	_	_
2.3	1400	[20]	τὸ	_	_
2.3	1401	[7]	τῆς	_	_
2.3	1402	[1]	φλεγμονῆς	_	_
2.3	1403	[4]	αὐτῷ	_	_
2.3	1404	[1]	σημεῖον	_	_
2.3	1405	[8]	οὐ	_	_
2.3	1406	[1]	πάρεστιν	_	_
2.3	1407	[51]	.	b	_
2.3	1408	[3]	ἤδη	_	_
2.3	1409	[26]	τε	_	_
2.3	1410	[15]	οὖν	_	_
2.3	1411	[1]	δίψος	_	_
2.3	1412	[3]	ἐπιφέρει	_	_
2.3	1413	[94]	καὶ	_	_
2.3	1414	[1]	διακαίει	_	_
2.3	1415	[9]	τὸν	_	_
2.3	1416	[1]	ἄνθρωπον	_	_
2.3	1417	[95]	καὶ	_	_
2.3	1418	[1]	μικρὸν	_	_
2.3	1419	[1]	ὕστερον	_	_
2.3	1420	[1]	ἀκμάζει	_	_
2.3	1421	[96]	καὶ	_	_
2.3	1422	[21]	τὸ	_	_
2.3	1423	[3]	θερμὸν	_	_
2.3	1424	[1]	ὁμαλῶς	_	_
2.3	1425	[1]	ἐκτέταται	_	_
2.3	1426	[1]	πάντη	_	_
2.3	1427	[89]	,	b	_
2.3	1428	[97]	καὶ	_	_
2.3	1429	[2]	κατ	_	_
2.3	1430	[41]	’	b	_
2.3	1431	[5]	οὐδὲν	_	_
2.3	1432	[11]	ὁ	_	_
2.3	1433	[1]	θώραξ	_	_
2.3	1434	[23]	τῶν	_	_
2.3	1435	[1]	ἄκρων	_	_
2.3	1436	[2]	θερμότερός	_	_
2.3	1437	[3]	ἐστιν	_	_
2.3	1438	[52]	.	b	_
2.3	1439	[8]	εἰ	_	_
2.3	1440	[10]	δ	_	_
2.3	1441	[42]	’	b	_
2.3	1442	[1]	ἐπιβάλλοις	_	_
2.3	1443	[8]	τὴν	_	_
2.3	1444	[1]	χεῖρα	_	_
2.3	1445	[90]	,	b	_
2.3	1446	[11]	κατὰ	_	_
2.3	1447	[15]	μὲν	_	_
2.3	1448	[9]	τὴν	_	_
2.3	1449	[1]	πρώτην	_	_
2.3	1450	[1]	προσβολὴν	_	_
2.3	1451	[1]	ἀπαντᾷ	_	_
2.3	1452	[1]	θερμασία	_	_
2.3	1453	[1]	πολλὴ	_	_
2.3	1454	[98]	καὶ	_	_
2.3	1455	[1]	δριμεῖα	_	_
2.3	1456	[91]	,	b	_
2.3	1457	[99]	καὶ	_	_
2.3	1458	[5]	οἷον	_	_
2.3	1459	[1]	μετ	_	_
2.3	1460	[43]	’	b	_
2.3	1461	[1]	ἀτμοῦ	_	_
2.3	1462	[1]	τινος	_	_
2.3	1463	[1]	ἀναφερομένη	_	_
2.3	1464	[53]	.	b	_
2.3	1465	[1]	νικᾶται	_	_
2.3	1466	[11]	δ	_	_
2.3	1467	[44]	’	b	_
2.3	1468	[1]	ὀλίγον	_	_
2.3	1469	[2]	﻿	_	_
2.3	1470	[2]	ὕστερον	_	_
2.3	1471	[2]	ὑπὸ	_	_
2.3	1472	[8]	τῆς	_	_
2.3	1473	[1]	χειρὸς	_	_
2.3	1474	[92]	,	b	_
2.3	1475	[2]	οὐχ	_	_
2.3	1476	[2]	ὥσπερ	_	_
2.3	1477	[5]	ἐπὶ	_	_
2.3	1478	[24]	τῶν	_	_
2.3	1479	[1]	κακοήθων	_	_
2.3	1480	[1]	καύσων	_	_
2.3	1481	[54]	.	b	_
2.3	1482	[2]	ἔμπαλιν	_	_
2.3	1483	[15]	γὰρ	_	_
2.3	1484	[1]	ἐκεῖναι	_	_
2.3	1485	[1]	δεινότεραι	_	_
2.3	1486	[100]	καὶ	_	_
2.3	1487	[1]	ἀηδέστεραι	_	_
2.3	1488	[1]	χρονίζουσαι	_	_
2.3	1489	[1]	φαίνονται	_	_
2.3	1490	[55]	.	b	_
2.3	1491	[101]	καὶ	_	_
2.3	1492	[4]	δὴ	_	_
2.3	1493	[102]	καὶ	_	_
2.3	1494	[1]	πίνειν	_	_
2.3	1495	[5]	δὴ	_	_
2.3	1496	[1]	καιρὸς	_	_
2.3	1497	[7]	τῷ	_	_
2.3	1498	[1]	κάμνοντι	_	_
2.3	1499	[56]	.	b	_
2.3	1500	[103]	καὶ	_	_
2.3	1501	[1]	πιόντι	_	_
2.3	1502	[1]	αὐτίκα	_	_
2.3	1503	[6]	δὴ	_	_
2.3	1504	[1]	μάλα	_	_
2.3	1505	[1]	πλῆθος	_	_
2.3	1506	[16]	μὲν	_	_
2.3	1507	[1]	ἄνεισιν	_	_
2.3	1508	[2]	ἀτμοῦ	_	_
2.3	1509	[1]	θερμοῦ	_	_
2.3	1510	[9]	διὰ	_	_
2.3	1511	[13]	τοῦ	_	_
2.3	1512	[1]	δέρματος	_	_
2.3	1513	[93]	,	b	_
2.3	1514	[1]	ἀγγέλλον	_	_
2.3	1515	[1]	ἱδρῶτας	_	_
2.3	1516	[8]	·	b	_
2.3	1517	[2]	ἔμετος	_	_
2.3	1518	[12]	δ	_	_
2.3	1519	[45]	’	b	_
2.3	1520	[2]	ἐπιφαίνεται	_	_
2.3	1521	[4]	χολῆς	_	_
2.3	1522	[94]	,	b	_
2.3	1523	[3]	ἢ	_	_
2.3	1524	[1]	γαστήρ	_	_
2.3	1525	[2]	που	_	_
2.3	1526	[1]	κατέῤῥηξε	_	_
2.3	1527	[104]	καὶ	_	_
2.3	1528	[1]	οὔρησε	_	_
2.3	1529	[2]	χολώδη	_	_
2.3	1530	[57]	.	b	_
2.3	1531	[1]	νυνὶ	_	_
2.3	1532	[17]	μὲν	_	_
2.3	1533	[16]	γὰρ	_	_
2.3	1534	[105]	καὶ	_	_
2.3	1535	[12]	ὁ	_	_
2.3	1536	[1]	τυχὼν	_	_
2.3	1537	[1]	γνωρίσειε	_	_
2.3	1538	[10]	τὸν	_	_
2.3	1539	[3]	ἀκριβῆ	_	_
2.3	1540	[4]	τριταῖον	_	_
2.3	1541	[58]	.	b	_
2.3	1542	[1]	ἀνέρχεται	_	_
2.3	1543	[18]	μὲν	_	_
2.3	1544	[17]	γὰρ	_	_
2.3	1545	[1]	ἱδρὼς	_	_
2.3	1546	[1]	ἀτμώδης	_	_
2.3	1547	[27]	τε	_	_
2.3	1548	[106]	καὶ	_	_
2.3	1549	[1]	θερμὸς	_	_
2.3	1550	[95]	,	b	_
2.3	1551	[3]	ὥσπερ	_	_
2.3	1552	[21]	ἐν	_	_
2.3	1553	[1]	βαλανείῳ	_	_
2.3	1554	[59]	.	b	_
2.3	1555	[2]	ἅπαν	_	_
2.3	1556	[13]	δ	_	_
2.3	1557	[46]	’	b	_
2.3	1558	[4]	αὐτοῖς	_	_
2.3	1559	[2]	ὁμαλῶς	_	_
2.3	1560	[1]	ἱδροῖ	_	_
2.3	1561	[22]	τὸ	_	_
2.3	1562	[3]	σῶμα	_	_
2.3	1563	[96]	,	b	_
2.3	1564	[107]	καὶ	_	_
2.3	1565	[13]	ὁ	_	_
2.3	1566	[1]	σφυγμὸς	_	_
2.3	1567	[1]	οἷος	_	_
2.3	1568	[14]	ὁ	_	_
2.3	1569	[25]	τῶν	_	_
2.3	1570	[2]	ἀκριβῶς	_	_
2.3	1571	[1]	ὑγιαινόντων	_	_
2.3	1572	[22]	ἐν	_	_
2.3	1573	[2]	γυμνασίοις	_	_
2.3	1574	[28]	τε	_	_
2.3	1575	[108]	καὶ	_	_
2.3	1576	[1]	λουτροῖς	_	_
2.3	1577	[97]	,	b	_
2.3	1578	[1]	ταχὺς	_	_
2.3	1579	[109]	καὶ	_	_
2.3	1580	[1]	μέγας	_	_
2.3	1581	[110]	καὶ	_	_
2.3	1582	[1]	σφοδρὸς	_	_
2.3	1583	[111]	καὶ	_	_
2.3	1584	[1]	πυκνός	_	_
2.3	1585	[60]	.	b	_
2.3	1586	[1]	ἦν	_	_
2.3	1587	[15]	δὲ	_	_
2.3	1588	[1]	δήπουθεν	_	_
2.3	1589	[5]	εὐθὺς	_	_
2.3	1590	[4]	ἐξ	_	_
2.3	1591	[2]	ἀρχῆς	_	_
2.3	1592	[4]	ἤδη	_	_
2.3	1593	[112]	καὶ	_	_
2.3	1594	[1]	ὁμαλός	_	_
2.3	1595	[61]	.	b	_
2.3	1596	[6]	ἐπὶ	_	_
2.3	1597	[4]	τούτοις	_	_
2.3	1598	[2]	ἅπασιν	_	_
2.3	1599	[11]	εἰς	_	_
2.3	1600	[2]	ἀπυρεξίαν	_	_
2.3	1601	[1]	παύεται	_	_
2.3	1602	[11]	τὸν	_	_
2.3	1603	[1]	σύμπαντα	_	_
2.3	1604	[1]	χρόνον	_	_
2.3	1605	[14]	τοῦ	_	_
2.3	1606	[1]	παροξυσμοῦ	_	_
2.3	1607	[98]	,	b	_
2.3	1608	[1]	ποιησάμενος	_	_
2.3	1609	[4]	ὡρῶν	_	_
2.3	1610	[9]	οὐ	_	_
2.3	1611	[1]	πλειόνων	_	_
2.3	1612	[1]	δώδεκα	_	_
2.3	1613	[62]	.	b	_
2.3	1614	[1]	πλεῖστος	_	_
2.3	1615	[18]	γὰρ	_	_
2.3	1616	[5]	οὗτος	_	_
2.3	1617	[15]	ὁ	_	_
2.3	1618	[1]	χρόνος	_	_
2.3	1619	[23]	ἐν	_	_
2.3	1620	[3]	τριταίοις	_	_
2.3	1621	[1]	γνησίοις	_	_
2.3	1622	[9]	·	b	_
2.3	1623	[9]	ὡς	_	_
2.3	1624	[11]	τὰ	_	_
2.3	1625	[1]	πολλὰ	_	_
2.3	1626	[16]	δὲ	_	_
2.3	1627	[1]	ποτὲ	_	_
2.3	1628	[19]	μὲν	_	_
2.3	1629	[2]	ἑπτὰ	_	_
2.3	1630	[1]	πασῶν	_	_
2.3	1631	[5]	ὡρῶν	_	_
2.3	1632	[16]	ὁ	_	_
2.3	1633	[3]	παροξυσμὸς	_	_
2.3	1634	[5]	αὐτοῖς	_	_
2.3	1635	[1]	γίνεται	_	_
2.3	1636	[99]	,	b	_
2.3	1637	[2]	ποτὲ	_	_
2.3	1638	[14]	δ	_	_
2.3	1639	[47]	’	b	_
2.3	1640	[1]	ἤτοι	_	_
2.3	1641	[1]	πρωϊαίτερον	_	_
2.3	1642	[4]	ἢ	_	_
2.3	1643	[1]	ὀψιαίτερον	_	_
2.3	1644	[10]	οὐ	_	_
2.3	1645	[1]	πολλῷ	_	_
2.3	1646	[2]	παύεται	_	_
2.3	1647	[63]	.	b	_
2.3	1648	[1]	τοῦτον	_	_
2.3	1649	[20]	μὲν	_	_
2.3	1650	[9]	εἰ	_	_
2.3	1651	[1]	μήπω	_	_
2.3	1652	[1]	γνωρίσαις	_	_
2.3	1653	[1]	ἀκριβῇ	_	_
2.3	1654	[5]	τριταῖον	_	_
2.3	1655	[1]	ὑπάρχειν	_	_
2.3	1656	[100]	,	b	_
2.3	1657	[6]	ἀλλ	_	_
2.3	1658	[48]	’	b	_
2.3	1659	[1]	ἔτ	_	_
2.3	1660	[49]	’	b	_
2.3	1661	[1]	ἀναμένεις	_	_
2.3	1662	[10]	τὴν	_	_
2.3	1663	[1]	ληρώδη	_	_
2.3	1664	[1]	διάτριτον	_	_
2.3	1665	[101]	,	b	_
2.3	1666	[8]	οὐκ	_	_
2.3	1667	[8]	ἂν	_	_
2.3	1668	[2]	οὐδ	_	_
2.3	1669	[50]	’	b	_
2.3	1670	[1]	ὄνος	_	_
2.3	1671	[3]	ἔτι	_	_
2.3	1672	[1]	Θεσσάλειος	_	_
2.3	1673	[102]	,	b	_
2.3	1674	[1]	ἀλλά	_	_
2.3	1675	[2]	τις	_	_
2.3	1676	[1]	εἴης	_	_
2.3	1677	[1]	λίθος	_	_
2.3	1678	[64]	.	b	_
2.3	1679	[10]	εἰ	_	_
2.3	1680	[17]	δὲ	_	_
2.3	1681	[113]	καὶ	_	_
2.3	1682	[1]	οὐρήσαντος	_	_
2.3	1683	[3]	αὐτοῦ	_	_
2.3	1684	[23]	τὸ	_	_
2.3	1685	[1]	οὖρον	_	_
2.3	1686	[1]	ὑπόπυῤῥόν	_	_
2.3	1687	[29]	τε	_	_
2.3	1688	[114]	καὶ	_	_
2.3	1689	[1]	ὑπόξανθον	_	_
2.3	1690	[2]	εἴη	_	_
2.3	1691	[115]	καὶ	_	_
2.3	1692	[1]	συμμέτρως	_	_
2.3	1693	[1]	παχύ	_	_
2.3	1694	[103]	,	b	_
2.3	1695	[116]	καὶ	_	_
2.3	1696	[2]	μικρὸν	_	_
2.3	1697	[3]	ὕστερον	_	_
2.3	1698	[5]	ἢ	_	_
2.3	1699	[1]	νεφέλην	_	_
2.3	1700	[1]	λευκὴν	_	_
2.3	1701	[6]	ἢ	_	_
2.3	1702	[1]	ἐναιώρημα	_	_
2.3	1703	[2]	χρηστὸν	_	_
2.3	1704	[1]	ἐργάζοιτο	_	_
2.3	1705	[104]	,	b	_
2.3	1706	[2]	νῦν	_	_
2.3	1707	[21]	μὲν	_	_
2.3	1708	[9]	ἂν	_	_
2.3	1709	[1]	οὐκέτ	_	_
2.3	1710	[51]	’	b	_
2.3	1711	[3]	οὐδὲ	_	_
2.3	1712	[2]	λίθος	_	_
2.3	1713	[1]	ἁπλῶς	_	_
2.3	1714	[105]	,	b	_
2.3	1715	[6]	ἀλλὰ	_	_
2.3	1716	[1]	μυλίας	_	_
2.3	1717	[3]	τις	_	_
2.3	1718	[10]	ἂν	_	_
2.3	1719	[2]	εἴης	_	_
2.3	1720	[3]	λίθος	_	_
2.3	1721	[106]	,	b	_
2.3	1722	[11]	εἰ	_	_
2.3	1723	[2]	μήπω	_	_
2.3	1724	[1]	γνωρίζεις	_	_
2.3	1725	[107]	,	b	_
2.3	1726	[5]	ὅτι	_	_
2.3	1727	[117]	καὶ	_	_
2.3	1728	[5]	τριταῖος	_	_
2.3	1729	[6]	οὗτος	_	_
2.3	1730	[17]	ὁ	_	_
2.3	1731	[1]	πυρετός	_	_
2.3	1732	[4]	ἐστι	_	_
2.3	1733	[118]	καὶ	_	_
2.3	1734	[3]	ἀκριβὴς	_	_
2.3	1735	[6]	τριταῖος	_	_
2.3	1736	[108]	,	b	_
2.3	1737	[119]	καὶ	_	_
2.3	1738	[11]	τὴν	_	_
2.3	1739	[1]	τετάρτην	_	_
2.3	1740	[3]	οὐχ	_	_
2.3	1741	[1]	ὑπερβαίνοι	_	_
2.3	1742	[1]	περίοδον	_	_
2.3	1743	[65]	.	b	_
2.3	1744	[1]	πυῤῥοτέρων	_	_
2.3	1745	[18]	δὲ	_	_
2.3	1746	[26]	τῶν	_	_
2.3	1747	[1]	οὔρων	_	_
2.3	1748	[1]	ὄντων	_	_
2.3	1749	[109]	,	b	_
2.3	1750	[120]	καὶ	_	_
2.3	1751	[1]	μήτ	_	_
2.3	1752	[52]	’	b	_
2.3	1753	[1]	ἐναιωρήματος	_	_
2.3	1754	[1]	μηδενὸς	_	_
2.3	1755	[1]	μήτε	_	_
2.3	1756	[1]	νεφέλης	_	_
2.3	1757	[24]	ἐν	_	_
2.3	1758	[3]	τῇ	_	_
2.3	1759	[1]	πρώτῃ	_	_
2.3	1760	[1]	περιόδῳ	_	_
2.3	1761	[1]	φανείσης	_	_
2.3	1762	[110]	,	b	_
2.3	1763	[12]	εἰς	_	_
2.3	1764	[4]	τὰς	_	_
2.3	1765	[3]	ἑπτὰ	_	_
2.3	1766	[1]	περιόδους	_	_
2.3	1767	[1]	ἐκταθήσεται	_	_
2.3	1768	[66]	.	b	_
2.3	1769	[1]	πάντων	_	_
2.3	1770	[15]	δ	_	_
2.3	1771	[53]	’	b	_
2.3	1772	[1]	ἁπλούστατός	_	_
2.3	1773	[5]	ἐστι	_	_
2.3	1774	[4]	τριταίων	_	_
2.3	1775	[5]	πυρετῶν	_	_
2.3	1776	[111]	,	b	_
2.3	1777	[2]	ὃς	_	_
2.3	1778	[11]	ἂν	_	_
2.3	1779	[1]	ἅπανθ	_	_
2.3	1780	[54]	’	b	_
2.3	1781	[1]	ὅσα	_	_
2.3	1782	[1]	περ	_	_
2.3	1783	[1]	εἶπον	_	_
2.3	1784	[1]	ἔμπροσθεν	_	_
2.3	1785	[112]	,	b	_
2.3	1786	[3]	ἀκριβῶς	_	_
2.3	1787	[3]	εἶναι	_	_
2.3	1788	[6]	τριταίου	_	_
2.3	1789	[2]	γνωρίσματα	_	_
2.3	1790	[1]	προσδείξας	_	_
2.3	1791	[113]	,	b	_
2.3	1792	[1]	ὑπόστασιν	_	_
2.3	1793	[25]	ἐν	_	_
2.3	1794	[17]	τοῖς	_	_
2.3	1795	[1]	οὔροις	_	_
2.3	1796	[2]	λευκὴν	_	_
2.3	1797	[121]	καὶ	_	_
2.3	1798	[1]	λείαν	_	_
2.3	1799	[122]	καὶ	_	_
2.3	1800	[1]	ὁμαλὴν	_	_
2.3	1801	[1]	ποιήσεται	_	_
2.3	1802	[12]	κατὰ	_	_
2.3	1803	[12]	τὴν	_	_
2.3	1804	[2]	πρώτην	_	_
2.3	1805	[1]	ἡμέραν	_	_
2.3	1806	[67]	.	b	_
2.3	1807	[11]	οὐ	_	_
2.3	1808	[19]	γὰρ	_	_
2.3	1809	[1]	ὑπερβήσεται	_	_
2.3	1810	[13]	τὴν	_	_
2.3	1811	[1]	τρίτην	_	_
2.3	1812	[7]	οὗτος	_	_
2.3	1813	[2]	περίοδον	_	_
2.3	1814	[68]	.	b	_
2.3	1815	[1]	ἄγε	_	_
2.3	1816	[16]	οὖν	_	_
2.3	1817	[1]	ἐπειδὴ	_	_
2.3	1818	[1]	πάντ	_	_
2.3	1819	[55]	’	b	_
2.3	1820	[2]	εἴρηται	_	_
2.3	1821	[12]	τὰ	_	_
2.3	1822	[15]	τοῦ	_	_
2.3	1823	[2]	γνησίου	_	_
2.3	1824	[7]	τριταίου	_	_
2.3	1825	[3]	γνωρίσματα	_	_
2.3	1826	[114]	,	b	_
2.3	1827	[2]	καθάπερ	_	_
2.3	1828	[1]	τινὰ	_	_
2.3	1829	[1]	γενεαλογίαν	_	_
2.3	1830	[4]	αὐτοῦ	_	_
2.3	1831	[10]	διὰ	_	_
2.3	1832	[1]	κεφαλαίων	_	_
2.3	1833	[1]	ποιησάμενοι	_	_
2.3	1834	[1]	μεταβῶμεν	_	_
2.3	1835	[3]	οὕτως	_	_
2.3	1836	[1]	ἐφ	_	_
2.3	1837	[56]	’	b	_
2.3	1838	[1]	ἕτερον	_	_
2.3	1839	[69]	.	b	_
2.3	1840	[18]	ὁ	_	_
2.3	1841	[22]	μὲν	_	_
2.3	1842	[4]	παροξυσμὸς	_	_
2.3	1843	[2]	εἰσβάλλει	_	_
2.3	1844	[3]	μετὰ	_	_
2.3	1845	[5]	ῥίγους	_	_
2.3	1846	[3]	σφοδροῦ	_	_
2.3	1847	[115]	,	b	_
2.3	1848	[4]	τοὺς	_	_
2.3	1849	[2]	σφυγμοὺς	_	_
2.3	1850	[1]	οἵους	_	_
2.3	1851	[1]	εἴρηκα	_	_
2.3	1852	[1]	ποιούμενος	_	_
2.3	1853	[70]	.	b	_
2.3	1854	[1]	ἔπειτ	_	_
2.3	1855	[57]	’	b	_
2.3	1856	[2]	ὀλίγον	_	_
2.3	1857	[4]	ὕστερον	_	_
2.3	1858	[1]	αὔξεταί	_	_
2.3	1859	[30]	τε	_	_
2.3	1860	[123]	καὶ	_	_
2.3	1861	[4]	πρὸς	_	_
2.3	1862	[14]	τὴν	_	_
2.3	1863	[1]	ἀκμὴν	_	_
2.3	1864	[1]	ἐπείγεται	_	_
2.3	1865	[1]	σὺν	_	_
2.3	1866	[2]	οἷς	_	_
2.3	1867	[3]	εἴρηται	_	_
2.3	1868	[1]	πᾶσιν	_	_
2.3	1869	[71]	.	b	_
2.3	1870	[2]	εἶτα	_	_
2.3	1871	[1]	λύεται	_	_
2.3	1872	[1]	καθ	_	_
2.3	1873	[58]	’	b	_
2.3	1874	[1]	ὃν	_	_
2.3	1875	[4]	εἴρηται	_	_
2.3	1876	[1]	τρόπον	_	_
2.3	1877	[72]	.	b	_
2.3	1878	[14]	ἡ	_	_
2.3	1879	[2]	γένεσις	_	_
2.3	1880	[19]	δὲ	_	_
2.3	1881	[5]	αὐτοῦ	_	_
2.3	1882	[1]	καταστάσεως	_	_
2.3	1883	[23]	μὲν	_	_
2.3	1884	[1]	αὐχμηρᾶς	_	_
2.3	1885	[124]	καὶ	_	_
2.3	1886	[1]	θερμῆς	_	_
2.3	1887	[1]	δεῖται	_	_
2.3	1888	[116]	,	b	_
2.3	1889	[125]	καὶ	_	_
2.3	1890	[24]	τὸ	_	_
2.3	1891	[1]	σύμπαν	_	_
2.3	1892	[1]	φάναι	_	_
2.3	1893	[117]	,	b	_
2.3	1894	[1]	θερινῆς	_	_
2.3	1895	[1]	ὥρας	_	_
2.3	1896	[118]	,	b	_
2.3	1897	[2]	ἡλικίας	_	_
2.3	1898	[16]	δ	_	_
2.3	1899	[59]	’	b	_
2.3	1900	[1]	ἀκμαστικῆς	_	_
2.3	1901	[126]	καὶ	_	_
2.3	1902	[1]	χολώδους	_	_
2.3	1903	[3]	φύσεως	_	_
2.3	1904	[119]	,	b	_
2.3	1905	[26]	ἐν	_	_
2.3	1906	[2]	πόνοις	_	_
2.3	1907	[127]	καὶ	_	_
2.3	1908	[2]	φροντίσι	_	_
2.3	1909	[128]	καὶ	_	_
2.3	1910	[2]	ἀγρυπνίαις	_	_
2.3	1911	[129]	καὶ	_	_
2.3	1912	[1]	τροφῶν	_	_
2.3	1913	[1]	ἐνδείαις	_	_
2.3	1914	[1]	γεγενημένης	_	_
2.3	1915	[73]	.	b	_
2.3	1916	[130]	καὶ	_	_
2.3	1917	[12]	εἰ	_	_
2.3	1918	[1]	βούλει	_	_
2.3	1919	[1]	πρόσθες	_	_
2.3	1920	[5]	τούτοις	_	_
2.3	1921	[11]	διὰ	_	_
2.3	1922	[5]	τοὺς	_	_
2.3	1923	[1]	λιθίνους	_	_
2.3	1924	[1]	τούτους	_	_
2.3	1925	[1]	μεθοδικοὺς	_	_
2.3	1926	[120]	,	b	_
2.3	1927	[2]	ὅπερ	_	_
2.3	1928	[1]	εἴωθέ	_	_
2.3	1929	[3]	που	_	_
2.3	1930	[131]	καὶ	_	_
2.3	1931	[19]	ὁ	_	_
2.3	1932	[1]	Ἀρχιγένης	_	_
2.3	1933	[1]	προσγράφειν	_	_
2.3	1934	[74]	.	b	_
2.3	1935	[1]	ἔστω	_	_
2.3	1936	[20]	δὲ	_	_
2.3	1937	[2]	δή	_	_
2.3	1938	[4]	που	_	_
2.3	1939	[132]	καὶ	_	_
2.3	1940	[15]	ἡ	_	_
2.3	1941	[1]	παροῦσα	_	_
2.3	1942	[1]	κατάστασις	_	_
2.3	1943	[1]	ἐπιδημίαν	_	_
2.3	1944	[1]	ἐνηνοχυῖα	_	_
2.3	1945	[5]	τριταίων	_	_
2.3	1946	[121]	,	b	_
2.3	1947	[1]	ἵνα	_	_
2.3	1948	[18]	τοῖς	_	_
2.3	1949	[1]	τεχνικοῖς	_	_
2.3	1950	[1]	γνωρίσμασι	_	_
2.3	1951	[133]	καὶ	_	_
2.3	1952	[12]	τὸν	_	_
2.3	1953	[1]	ἰδιωτικὸν	_	_
2.3	1954	[24]	μὲν	_	_
2.3	1955	[122]	,	b	_
2.3	1956	[1]	ἀληθῆ	_	_
2.3	1957	[21]	δὲ	_	_
2.3	1958	[1]	στοχασμὸν	_	_
2.3	1959	[1]	προσθεὶς	_	_
2.3	1960	[123]	,	b	_
2.3	1961	[1]	αὐξήσῃς	_	_
2.3	1962	[25]	τὸ	_	_
2.3	1963	[1]	πιστὸν	_	_
2.3	1964	[9]	τῆς	_	_
2.3	1965	[1]	προγνώσεως	_	_
2.3	1966	[75]	.	b	_
2.3	1967	[1]	ὦ	_	_
2.3	1968	[5]	πρὸς	_	_
2.3	1969	[27]	τῶν	_	_
2.3	1970	[1]	θεῶν	_	_
2.3	1971	[2]	οὔπω	_	_
2.3	1972	[2]	τοῦτον	_	_
2.3	1973	[1]	ἐροῦμεν	_	_
2.3	1974	[4]	εἶναι	_	_
2.3	1975	[6]	τριταῖον	_	_
2.3	1976	[124]	,	b	_
2.3	1977	[7]	ἀλλὰ	_	_
2.3	1978	[15]	τὴν	_	_
2.3	1979	[28]	τῶν	_	_
2.3	1980	[1]	ἐριουργῶν	_	_
2.3	1981	[1]	ἀναμενοῦμεν	_	_
2.3	1982	[2]	διάτριτον	_	_
2.3	1983	[125]	,	b	_
2.3	1984	[1]	ἣν	_	_
2.3	1985	[27]	ἐν	_	_
2.3	1986	[4]	τῇ	_	_
2.3	1987	[1]	γυναικωνίτιδι	_	_
2.3	1988	[1]	τρεφόμενος	_	_
2.3	1989	[20]	ὁ	_	_
2.3	1990	[1]	ληρώδης	_	_
2.3	1991	[1]	Θεσσαλὸς	_	_
2.3	1992	[3]	ὑπὸ	_	_
2.3	1993	[1]	πατρὶ	_	_
2.3	1994	[1]	μοχθηρῶς	_	_
2.3	1995	[1]	ἔρια	_	_
2.3	1996	[1]	ξαίνοντι	_	_
2.3	1997	[126]	,	b	_
2.3	1998	[1]	κακῶς	_	_
2.3	1999	[1]	ἐτόλμα	_	_
2.3	2000	[1]	λέγειν	_	_
2.3	2001	[1]	Ἱπποκράτην	_	_
2.3	2002	[31]	τε	_	_
2.3	2003	[134]	καὶ	_	_
2.3	2004	[6]	τοὺς	_	_
2.3	2005	[1]	ἄλλους	_	_
2.3	2006	[1]	παλαιούς	_	_
2.3	2007	[7]	;	b	_
2.3	2008	[21]	ὁ	_	_
2.3	2009	[13]	τὰ	_	_
2.3	2010	[10]	τῆς	_	_
2.3	2011	[1]	ἰατρικῆς	_	_
2.3	2012	[2]	ἅπαντα	_	_
2.3	2013	[1]	θεωρήματα	_	_
2.3	2014	[1]	καταλαζονευσάμενος	_	_
2.3	2015	[1]	ἑστῶτα	_	_
2.3	2016	[1]	ὑπάρχοντα	_	_
2.3	2017	[135]	καὶ	_	_
2.3	2018	[1]	βέβαια	_	_
2.3	2019	[127]	,	b	_
2.3	2020	[7]	τριταῖον	_	_
2.3	2021	[1]	εἰσβάλλοντα	_	_
2.3	2022	[3]	πυρετὸν	_	_
2.3	2023	[4]	οὐχ	_	_
2.3	2024	[1]	οἷός	_	_
2.3	2025	[6]	ἐστι	_	_
2.3	2026	[1]	γνωρίζειν	_	_
2.3	2027	[128]	,	b	_
2.3	2028	[7]	ἀλλ	_	_
2.3	2029	[60]	’	b	_
2.3	2030	[1]	ἀναμένει	_	_
2.3	2031	[16]	τὴν	_	_
2.3	2032	[3]	διάτριτον	_	_
2.3	2033	[76]	.	b	_
2.3	2034	[4]	τοῦτο	_	_
2.3	2035	[4]	γάρ	_	_
2.3	2036	[1]	τοι	_	_
2.3	2037	[1]	θαυμαστόν	_	_
2.3	2038	[4]	ἐστιν	_	_
2.3	2039	[77]	.	b	_
2.3	2040	[2]	ὅσα	_	_
2.3	2041	[25]	μὲν	_	_
2.3	2042	[9]	οὐκ	_	_
2.3	2043	[2]	ἦν	_	_
2.3	2044	[2]	βέβαια	_	_
2.3	2045	[129]	,	b	_
2.3	2046	[4]	ταῦτα	_	_
2.3	2047	[2]	εἶπεν	_	_
2.3	2048	[5]	εἶναι	_	_
2.3	2049	[3]	βέβαια	_	_
2.3	2050	[130]	,	b	_
2.3	2051	[2]	σύμπαντα	_	_
2.3	2052	[22]	δὲ	_	_
2.3	2053	[1]	ἠγνόησε	_	_
2.3	2054	[14]	τὰ	_	_
2.3	2055	[13]	κατὰ	_	_
2.3	2056	[17]	τὴν	_	_
2.3	2057	[1]	ἀλήθειαν	_	_
2.3	2058	[4]	βέβαια	_	_
2.3	2059	[78]	.	b	_
2.3	2060	[1]	ταύτης	_	_
2.3	2061	[26]	μὲν	_	_
2.3	2062	[7]	δὴ	_	_
2.3	2063	[11]	τῆς	_	_
2.3	2064	[1]	γραὸς	_	_
2.3	2065	[4]	οὐδὲ	_	_
2.3	2066	[1]	μεμνῆσθαι	_	_
2.3	2067	[1]	προσήκει	_	_
2.3	2068	[79]	.	b	_
2.4	1	[1]	Τοῦ	_	_
2.4	2	[1]	δ	_	_
2.4	3	[1]	’	b	_
2.4	4	[1]	ἀκριβοῦς	_	_
2.4	5	[1]	τριταίου	_	_
2.4	6	[1]	ἤδη	_	_
2.4	7	[1]	γνωρισθέντος	_	_
2.4	8	[1]	,	b	_
2.4	9	[1]	ἐπὶ	_	_
2.4	10	[1]	τὸν	_	_
2.4	11	[1]	ἀκριβῆ	_	_
2.4	12	[1]	τεταρταῖον	_	_
2.4	13	[1]	μετιέναι	_	_
2.4	14	[2]	ἤδη	_	_
2.4	15	[1]	καιρὸς	_	_
2.4	16	[2]	,	b	_
2.4	17	[1]	οὗ	_	_
2.4	18	[1]	τὴν	_	_
2.4	19	[1]	μὲν	_	_
2.4	20	[1]	ἀρχὴν	_	_
2.4	21	[1]	ὁποία	_	_
2.4	22	[1]	τίς	_	_
2.4	23	[1]	ἐστιν	_	_
2.4	24	[3]	,	b	_
2.4	25	[3]	ἤδη	_	_
2.4	26	[1]	προειρήκαμεν	_	_
2.4	27	[4]	,	b	_
2.4	28	[1]	ὡς	_	_
2.4	29	[1]	οὐδὲν	_	_
2.4	30	[1]	ὅμοιον	_	_
2.4	31	[1]	ἔχουσαν	_	_
2.4	32	[1]	τῇ	_	_
2.4	33	[1]	τριταϊκῇ	_	_
2.4	34	[1]	περιόδῳ	_	_
2.4	35	[5]	,	b	_
2.4	36	[1]	κατά	_	_
2.4	37	[1]	τε	_	_
2.4	38	[1]	τὸ	_	_
2.4	39	[1]	ῥίγος	_	_
2.4	40	[1]	καὶ	_	_
2.4	41	[1]	τοὺς	_	_
2.4	42	[1]	σφυγμούς	_	_
2.4	43	[1]	.	b	_
2.4	44	[1]	τὰ	_	_
2.4	45	[2]	δ	_	_
2.4	46	[2]	’	b	_
2.4	47	[1]	ἐφεξῆς	_	_
2.4	48	[4]	ἤδη	_	_
2.4	49	[1]	λέγωμεν	_	_
2.4	50	[2]	.	b	_
2.4	51	[1]	καίτοι	_	_
2.4	52	[1]	τό	_	_
2.4	53	[1]	γε	_	_
2.4	54	[1]	τῶν	_	_
2.4	55	[1]	ἐν	_	_
2.4	56	[1]	τοῖς	_	_
2.4	57	[1]	παροξυσμοῖς	_	_
2.4	58	[1]	σφυγμῶν	_	_
2.4	59	[1]	ἔμπροσθεν	_	_
2.4	60	[1]	εἰρημένων	_	_
2.4	61	[1]	ὑπομνῆσαι	_	_
2.4	62	[2]	καὶ	_	_
2.4	63	[1]	νῦν	_	_
2.4	64	[1]	εὔλογον	_	_
2.4	65	[3]	.	b	_
2.4	66	[1]	εἰ	_	_
2.4	67	[1]	γὰρ	_	_
2.4	68	[1]	εἰδείης	_	_
2.4	69	[1]	τοῦ	_	_
2.4	70	[1]	νοσοῦντος	_	_
2.4	71	[2]	τὸν	_	_
2.4	72	[1]	κατὰ	_	_
2.4	73	[1]	φύσιν	_	_
2.4	74	[1]	σφυγμὸν	_	_
2.4	75	[6]	,	b	_
2.4	76	[1]	ἢ	_	_
2.4	77	[2]	εἰ	_	_
2.4	78	[3]	καὶ	_	_
2.4	79	[1]	καθ	_	_
2.4	80	[3]	’	b	_
2.4	81	[1]	ἑτέραν	_	_
2.4	82	[1]	αὐτοῦ	_	_
2.4	83	[1]	νόσον	_	_
2.4	84	[7]	,	b	_
2.4	85	[2]	ἐν	_	_
2.4	86	[1]	ἀρχῇ	_	_
2.4	87	[1]	παροξυσμοῦ	_	_
2.4	88	[1]	παραγεγονὼς	_	_
2.4	89	[1]	εἴης	_	_
2.4	90	[8]	,	b	_
2.4	91	[1]	μηκέτ	_	_
2.4	92	[4]	’	b	_
2.4	93	[1]	ἄλλο	_	_
2.4	94	[1]	μηδὲν	_	_
2.4	95	[1]	ἀναμείνῃς	_	_
2.4	96	[1]	εἰς	_	_
2.4	97	[1]	ἀπόφασιν	_	_
2.4	98	[2]	τοῦ	_	_
2.4	99	[2]	τεταρταῖον	_	_
2.4	100	[1]	εἶναι	_	_
2.4	101	[3]	τὸν	_	_
2.4	102	[1]	εἰσβάλλοντα	_	_
2.4	103	[1]	πυρετόν	_	_
2.4	104	[4]	.	b	_
2.4	105	[1]	ἐξαίσιος	_	_
2.4	106	[1]	γάρ	_	_
2.4	107	[1]	τις	_	_
2.4	108	[1]	ἡ	_	_
2.4	109	[2]	εἰς	_	_
2.4	110	[1]	ἀραιότητά	_	_
2.4	111	[2]	τε	_	_
2.4	112	[4]	καὶ	_	_
2.4	113	[1]	βραδύτητα	_	_
2.4	114	[1]	τροπὴ	_	_
2.4	115	[1]	γίνεται	_	_
2.4	116	[5]	.	b	_
2.4	117	[5]	καὶ	_	_
2.4	118	[1]	ἔγωγε	_	_
2.4	119	[2]	τῶν	_	_
2.4	120	[1]	ἐμαυτοῦ	_	_
2.4	121	[1]	συνήθων	_	_
2.4	122	[1]	τινὰς	_	_
2.4	123	[9]	,	b	_
2.4	124	[1]	ὧν	_	_
2.4	125	[1]	ἀκριβῶς	_	_
2.4	126	[1]	εἶδον	_	_
2.4	127	[2]	τοὺς	_	_
2.4	128	[1]	σφυγμοὺς	_	_
2.4	129	[1]	εἰσβάλλοντος	_	_
2.4	130	[3]	τοῦ	_	_
2.4	131	[2]	παροξυσμοῦ	_	_
2.4	132	[1]	θεασάμενος	_	_
2.4	133	[10]	,	b	_
2.4	134	[1]	ἀπεφῃνάμην	_	_
2.4	135	[2]	ὡς	_	_
2.4	136	[1]	οὐκ	_	_
2.4	137	[1]	ἐνδέχεται	_	_
2.4	138	[2]	τὴν	_	_
2.4	139	[2]	ἀρχὴν	_	_
2.4	140	[1]	ταύτην	_	_
2.4	141	[1]	ἄλλου	_	_
2.4	142	[1]	τινὸς	_	_
2.4	143	[1]	ὑπάρχειν	_	_
2.4	144	[11]	,	b	_
2.4	145	[2]	ἢ	_	_
2.4	146	[1]	τεταρταίου	_	_
2.4	147	[1]	πυρετοῦ	_	_
2.4	148	[12]	,	b	_
2.4	149	[6]	καὶ	_	_
2.4	150	[1]	οὕτως	_	_
2.4	151	[1]	ἀπέβη	_	_
2.4	152	[6]	.	b	_
2.4	153	[1]	σὺ	_	_
2.4	154	[3]	δ	_	_
2.4	155	[5]	’	b	_
2.4	156	[3]	εἰ	_	_
2.4	157	[1]	τῆς	_	_
2.4	158	[1]	περὶ	_	_
2.4	159	[3]	τοὺς	_	_
2.4	160	[2]	σφυγμοὺς	_	_
2.4	161	[1]	τέχνης	_	_
2.4	162	[1]	ἀπειροτέρως	_	_
2.4	163	[1]	ἔχεις	_	_
2.4	164	[13]	,	b	_
2.4	165	[1]	εἶθ	_	_
2.4	166	[6]	’	b	_
2.4	167	[2]	ἡ	_	_
2.4	168	[2]	μὲν	_	_
2.4	169	[1]	ἀραιότης	_	_
2.4	170	[1]	αὐτῶν	_	_
2.4	171	[7]	καὶ	_	_
2.4	172	[1]	βραδύτης	_	_
2.4	173	[1]	κινήσειέ	_	_
2.4	174	[1]	σε	_	_
2.4	175	[14]	,	b	_
2.4	176	[1]	ἀσφαλέστερον	_	_
2.4	177	[4]	δ	_	_
2.4	178	[7]	’	b	_
2.4	179	[1]	ἔτι	_	_
2.4	180	[8]	καὶ	_	_
2.4	181	[1]	ἀκριβέστερον	_	_
2.4	182	[1]	διορίσασθαι	_	_
2.4	183	[1]	βούλοιο	_	_
2.4	184	[15]	,	b	_
2.4	185	[3]	τῶν	_	_
2.4	186	[1]	Ἱπποκράτους	_	_
2.4	187	[1]	ἀναμιμνήσκου	_	_
2.4	188	[1]	κἀνταῦθα	_	_
2.4	189	[1]	παραγγελμάτων	_	_
2.4	190	[7]	.	b	_
2.4	191	[3]	ὡς	_	_
2.4	192	[2]	γὰρ	_	_
2.4	193	[3]	ἐν	_	_
2.4	194	[1]	θέρει	_	_
2.4	195	[1]	τριταίους	_	_
2.4	196	[1]	πυρετοὺς	_	_
2.4	197	[1]	πλεονάζειν	_	_
2.4	198	[16]	,	b	_
2.4	199	[2]	οὕτως	_	_
2.4	200	[4]	ἐν	_	_
2.4	201	[1]	φθινοπώρῳ	_	_
2.4	202	[1]	τεταρταίους	_	_
2.4	203	[1]	ἔφησε	_	_
2.4	204	[8]	.	b	_
2.4	205	[1]	ἐπίσκεψαι	_	_
2.4	206	[1]	δὲ	_	_
2.4	207	[1]	πρῶτον	_	_
2.4	208	[3]	μὲν	_	_
2.4	209	[1]	αὐτὸ	_	_
2.4	210	[1]	τοῦτο	_	_
2.4	211	[17]	,	b	_
2.4	212	[4]	εἰ	_	_
2.4	213	[1]	ξηρὸν	_	_
2.4	214	[9]	καὶ	_	_
2.4	215	[1]	ψυχρὸν	_	_
2.4	216	[10]	καὶ	_	_
2.4	217	[1]	ἀνώμαλον	_	_
2.4	218	[5]	ἐν	_	_
2.4	219	[2]	τῇ	_	_
2.4	220	[1]	κράσει	_	_
2.4	221	[2]	τὸ	_	_
2.4	222	[1]	φθινόπωρον	_	_
2.4	223	[1]	ἐγένετο	_	_
2.4	224	[18]	,	b	_
2.4	225	[11]	καὶ	_	_
2.4	226	[1]	μᾶλλον	_	_
2.4	227	[1]	ἔλπιζε	_	_
2.4	228	[1]	τεταρταίας	_	_
2.4	229	[1]	περιόδους	_	_
2.4	230	[6]	ἐν	_	_
2.4	231	[1]	αὐτῷ	_	_
2.4	232	[1]	συστήσασθαι	_	_
2.4	233	[1]	πολλάς	_	_
2.4	234	[9]	.	b	_
2.4	235	[2]	εἶθ	_	_
2.4	236	[8]	’	b	_
2.4	237	[1]	ἑξῆς	_	_
2.4	238	[19]	,	b	_
2.4	239	[5]	εἰ	_	_
2.4	240	[12]	καὶ	_	_
2.4	241	[3]	τὸ	_	_
2.4	242	[1]	χωρίον	_	_
2.4	243	[2]	αὐτὸ	_	_
2.4	244	[1]	τοιούτων	_	_
2.4	245	[1]	πυρετῶν	_	_
2.4	246	[1]	εὔφορον	_	_
2.4	247	[1]	ᾖ	_	_
2.4	248	[20]	,	b	_
2.4	249	[13]	καὶ	_	_
2.4	250	[3]	ἡ	_	_
2.4	251	[1]	φύσις	_	_
2.4	252	[4]	τοῦ	_	_
2.4	253	[1]	κάμνοντος	_	_
2.4	254	[1]	μελαγχολικωτέρα	_	_
2.4	255	[10]	.	b	_
2.4	256	[14]	καὶ	_	_
2.4	257	[2]	τὰ	_	_
2.4	258	[2]	τῆς	_	_
2.4	259	[1]	προγεγενημένης	_	_
2.4	260	[1]	διαίτης	_	_
2.4	261	[21]	,	b	_
2.4	262	[1]	οἷα	_	_
2.4	263	[1]	μέλαιναν	_	_
2.4	264	[1]	ἀθροῖσαι	_	_
2.4	265	[1]	χολήν	_	_
2.4	266	[11]	.	b	_
2.4	267	[15]	καὶ	_	_
2.4	268	[1]	εἴ	_	_
2.4	269	[2]	τις	_	_
2.4	270	[1]	ἐπιδημία	_	_
2.4	271	[2]	νῦν	_	_
2.4	272	[1]	ἐστι	_	_
2.4	273	[1]	τεταρταίων	_	_
2.4	274	[2]	πυρετῶν	_	_
2.4	275	[12]	.	b	_
2.4	276	[1]	ἐπισφραγίζου	_	_
2.4	277	[2]	δὲ	_	_
2.4	278	[1]	ταῦτα	_	_
2.4	279	[2]	τοῖς	_	_
2.4	280	[2]	ἐφεξῆς	_	_
2.4	281	[1]	εἰρησομένοις	_	_
2.4	282	[1]	·	b	_
2.4	283	[6]	εἰ	_	_
2.4	284	[16]	καὶ	_	_
2.4	285	[1]	ὑπόσπληνος	_	_
2.4	286	[1]	ὁ	_	_
2.4	287	[1]	ἄνθρωπος	_	_
2.4	288	[2]	ᾖ	_	_
2.4	289	[22]	,	b	_
2.4	290	[3]	ἢ	_	_
2.4	291	[7]	εἰ	_	_
2.4	292	[1]	ἐκ	_	_
2.4	293	[1]	πεπλανημένων	_	_
2.4	294	[3]	πυρετῶν	_	_
2.4	295	[23]	,	b	_
2.4	296	[4]	ἢ	_	_
2.4	297	[8]	εἰ	_	_
2.4	298	[17]	καὶ	_	_
2.4	299	[3]	τὰ	_	_
2.4	300	[3]	τῆς	_	_
2.4	301	[1]	ἀναβάσεως	_	_
2.4	302	[18]	καὶ	_	_
2.4	303	[4]	τὰ	_	_
2.4	304	[4]	τῆς	_	_
2.4	305	[1]	ἀκμῆς	_	_
2.4	306	[24]	,	b	_
2.4	307	[1]	ἐναντιώτατα	_	_
2.4	308	[3]	τοῖς	_	_
2.4	309	[1]	τριταίοις	_	_
2.4	310	[1]	εἴη	_	_
2.4	311	[1]	πυρετοῖς	_	_
2.4	312	[25]	,	b	_
2.4	313	[2]	κατά	_	_
2.4	314	[3]	τε	_	_
2.4	315	[1]	τὰς	_	_
2.4	316	[5]	τοῦ	_	_
2.4	317	[1]	﻿	_	_
2.4	318	[1]	θερμοῦ	_	_
2.4	319	[1]	κινήσεις	_	_
2.4	320	[26]	,	b	_
2.4	321	[19]	καὶ	_	_
2.4	322	[2]	κατὰ	_	_
2.4	323	[2]	τὰς	_	_
2.4	324	[4]	τῶν	_	_
2.4	325	[2]	σφυγμῶν	_	_
2.4	326	[27]	,	b	_
2.4	327	[20]	καὶ	_	_
2.4	328	[2]	ἐπὶ	_	_
2.4	329	[1]	τούτοις	_	_
2.4	330	[1]	ἅπασιν	_	_
2.4	331	[9]	εἰ	_	_
2.4	332	[1]	λεπτὰ	_	_
2.4	333	[21]	καὶ	_	_
2.4	334	[1]	λευκὰ	_	_
2.4	335	[22]	καὶ	_	_
2.4	336	[1]	ὑδατώδη	_	_
2.4	337	[5]	τὰ	_	_
2.4	338	[1]	οὖρα	_	_
2.4	339	[28]	,	b	_
2.4	340	[1]	παντάπασι	_	_
2.4	341	[3]	γὰρ	_	_
2.4	342	[1]	ταῦτά	_	_
2.4	343	[2]	γε	_	_
2.4	344	[4]	τοῖς	_	_
2.4	345	[5]	τῶν	_	_
2.4	346	[1]	τριταίων	_	_
2.4	347	[2]	ἐναντιώτατα	_	_
2.4	348	[13]	.	b	_
2.4	349	[1]	τριταῖον	_	_
2.4	350	[4]	μὲν	_	_
2.4	351	[1]	δὴ	_	_
2.4	352	[2]	τεταρταίου	_	_
2.4	353	[3]	κατὰ	_	_
2.4	354	[3]	τὴν	_	_
2.4	355	[1]	πρώτην	_	_
2.4	356	[1]	εὐθὺς	_	_
2.4	357	[1]	ἡμέραν	_	_
2.4	358	[2]	ὁ	_	_
2.4	359	[1]	μὴ	_	_
2.4	360	[1]	δυνάμενος	_	_
2.4	361	[1]	διακρίνειν	_	_
2.4	362	[29]	,	b	_
2.4	363	[1]	οὐδ	_	_
2.4	364	[9]	’	b	_
2.4	365	[1]	ἰατρὸς	_	_
2.4	366	[1]	ὅλως	_	_
2.4	367	[1]	ἐστί	_	_
2.4	368	[14]	.	b	_
2.5	1	[1]	Ἀμφημερινὸν	_	_
2.5	2	[1]	δὲ	_	_
2.5	3	[1]	τριταίου	_	_
2.5	4	[1]	μὲν	_	_
2.5	5	[1]	ἑτοιμότερον	_	_
2.5	6	[1]	διορίζειν	_	_
2.5	7	[1]	,	b	_
2.5	8	[1]	οὔτε	_	_
2.5	9	[1]	γὰρ	_	_
2.5	10	[1]	μετὰ	_	_
2.5	11	[1]	ῥίγους	_	_
2.5	12	[1]	εἰσβάλλει	_	_
2.5	13	[1]	κατὰ	_	_
2.5	14	[1]	τὴν	_	_
2.5	15	[1]	πρώτην	_	_
2.5	16	[1]	ἡμέραν	_	_
2.5	17	[1]	εὐθὺς	_	_
2.5	18	[2]	,	b	_
2.5	19	[1]	ἀλλὰ	_	_
2.5	20	[1]	καὶ	_	_
2.5	21	[1]	προϊόντος	_	_
2.5	22	[1]	τοῦ	_	_
2.5	23	[1]	χρόνου	_	_
2.5	24	[1]	περίψυξις	_	_
2.5	25	[1]	αὐτοῖς	_	_
2.5	26	[1]	μᾶλλον	_	_
2.5	27	[3]	,	b	_
2.5	28	[1]	ἢ	_	_
2.5	29	[1]	ῥίγος	_	_
2.5	30	[1]	γίνεται	_	_
2.5	31	[4]	,	b	_
2.5	32	[2]	καὶ	_	_
2.5	33	[1]	σαφὴς	_	_
2.5	34	[1]	ἀταξία	_	_
2.5	35	[1]	τε	_	_
2.5	36	[3]	καὶ	_	_
2.5	37	[1]	ἀνωμαλία	_	_
2.5	38	[1]	συνεδρεύει	_	_
2.5	39	[1]	τοῖς	_	_
2.5	40	[1]	σφυγμοῖς	_	_
2.5	41	[5]	,	b	_
2.5	42	[2]	κατὰ	_	_
2.5	43	[2]	τὴν	_	_
2.5	44	[1]	ἀρχὴν	_	_
2.5	45	[1]	τῶν	_	_
2.5	46	[1]	παροξυσμῶν	_	_
2.5	47	[1]	.	b	_
2.5	48	[1]	ἴσμεν	_	_
2.5	49	[2]	δὲ	_	_
2.5	50	[1]	ὅτι	_	_
2.5	51	[1]	κἀν	_	_
2.5	52	[1]	ταῖς	_	_
2.5	53	[1]	ἀναβάσεσι	_	_
2.5	54	[1]	τὸ	_	_
2.5	55	[1]	ταχὺ	_	_
2.5	56	[1]	τῆς	_	_
2.5	57	[1]	κινήσεως	_	_
2.5	58	[4]	καὶ	_	_
2.5	59	[2]	τὸ	_	_
2.5	60	[1]	μέγα	_	_
2.5	61	[5]	καὶ	_	_
2.5	62	[3]	τὸ	_	_
2.5	63	[1]	σφοδρὸν	_	_
2.5	64	[6]	,	b	_
2.5	65	[1]	ὅπερ	_	_
2.5	66	[2]	τοῖς	_	_
2.5	67	[1]	τριταίοις	_	_
2.5	68	[1]	ὑπῆρχε	_	_
2.5	69	[1]	σαφέστατον	_	_
2.5	70	[7]	,	b	_
2.5	71	[1]	οὐχ	_	_
2.5	72	[1]	ὑπάρχει	_	_
2.5	73	[3]	τοῖς	_	_
2.5	74	[1]	ἀμφημερινοῖς	_	_
2.5	75	[2]	.	b	_
2.5	76	[1]	οὐ	_	_
2.5	77	[1]	μὴν	_	_
2.5	78	[1]	οὐδὲ	_	_
2.5	79	[1]	διακαίουσι	_	_
2.5	80	[1]	τοὺς	_	_
2.5	81	[1]	κάμνοντας	_	_
2.5	82	[8]	,	b	_
2.5	83	[2]	οὐδὲ	_	_
2.5	84	[1]	γυμνοῦσθαί	_	_
2.5	85	[2]	τε	_	_
2.5	86	[6]	καὶ	_	_
2.5	87	[3]	τὴν	_	_
2.5	88	[1]	ἐσθῆτα	_	_
2.5	89	[1]	ῥίπτειν	_	_
2.5	90	[1]	ἀφ	_	_
2.5	91	[1]	’	b	_
2.5	92	[1]	ἑαυτῶν	_	_
2.5	93	[1]	ἀναγκάζουσιν	_	_
2.5	94	[9]	,	b	_
2.5	95	[3]	οὐδὲ	_	_
2.5	96	[1]	πολὺ	_	_
2.5	97	[7]	καὶ	_	_
2.5	98	[1]	πυκνὸν	_	_
2.5	99	[1]	ἀναπνεῖν	_	_
2.5	100	[10]	,	b	_
2.5	101	[1]	οὐδ	_	_
2.5	102	[2]	’	b	_
2.5	103	[1]	ἐκφυσᾷν	_	_
2.5	104	[11]	,	b	_
2.5	105	[1]	οἷον	_	_
2.5	106	[1]	φλόγα	_	_
2.5	107	[1]	τινὰ	_	_
2.5	108	[12]	,	b	_
2.5	109	[8]	καὶ	_	_
2.5	110	[1]	πιεῖν	_	_
2.5	111	[1]	αἰτεῖν	_	_
2.5	112	[1]	ψυχρὸν	_	_
2.5	113	[13]	,	b	_
2.5	114	[1]	ἀλλ	_	_
2.5	115	[3]	’	b	_
2.5	116	[1]	ἥκιστα	_	_
2.5	117	[1]	πυρέττοντες	_	_
2.5	118	[1]	οὗτοι	_	_
2.5	119	[1]	διψώδεις	_	_
2.5	120	[1]	εἰσί	_	_
2.5	121	[3]	.	b	_
2.5	122	[9]	καὶ	_	_
2.5	123	[1]	οὖρον	_	_
2.5	124	[2]	αὐτοῖς	_	_
2.5	125	[1]	ἐν	_	_
2.5	126	[1]	τῇ	_	_
2.5	127	[1]	πρώτῃ	_	_
2.5	128	[2]	τῶν	_	_
2.5	129	[1]	ἡμερῶν	_	_
2.5	130	[14]	,	b	_
2.5	131	[2]	οἷον	_	_
2.5	132	[4]	τοῖς	_	_
2.5	133	[1]	τεταρταίοις	_	_
2.5	134	[1]	ἀρχομένοις	_	_
2.5	135	[15]	,	b	_
2.5	136	[10]	καὶ	_	_
2.5	137	[1]	ἱδροῦσιν	_	_
2.5	138	[2]	ἥκιστα	_	_
2.5	139	[1]	περὶ	_	_
2.5	140	[1]	τὰς	_	_
2.5	141	[1]	πρώτας	_	_
2.5	142	[1]	ἡμέρας	_	_
2.5	143	[4]	.	b	_
2.5	144	[1]	ἐπὶ	_	_
2.5	145	[1]	μέν	_	_
2.5	146	[1]	γε	_	_
2.5	147	[1]	τῷ	_	_
2.5	148	[1]	χρόνῳ	_	_
2.5	149	[1]	προϊόντι	_	_
2.5	150	[11]	καὶ	_	_
2.5	151	[1]	τοῦτ	_	_
2.5	152	[4]	’	b	_
2.5	153	[3]	αὐτοῖς	_	_
2.5	154	[1]	προσγίνεται	_	_
2.5	155	[5]	.	b	_
2.5	156	[2]	τριταίου	_	_
2.5	157	[2]	μὲν	_	_
2.5	158	[1]	δὴ	_	_
2.5	159	[1]	σαφῶς	_	_
2.5	160	[1]	διενήνοχεν	_	_
2.5	161	[16]	,	b	_
2.5	162	[1]	ὡς	_	_
2.5	163	[1]	ὅμοιον	_	_
2.5	164	[1]	ἔχειν	_	_
2.5	165	[1]	μηδέν	_	_
2.5	166	[6]	.	b	_
2.5	167	[1]	ἐγγυτέρω	_	_
2.5	168	[1]	δ	_	_
2.5	169	[5]	’	b	_
2.5	170	[1]	ἐστὶ	_	_
2.5	171	[1]	τεταρταίου	_	_
2.5	172	[17]	,	b	_
2.5	173	[1]	διαφέρει	_	_
2.5	174	[2]	γε	_	_
2.5	175	[2]	μὴν	_	_
2.5	176	[12]	καὶ	_	_
2.5	177	[1]	τούτου	_	_
2.5	178	[2]	σαφῶς	_	_
2.5	179	[7]	.	b	_
2.5	180	[1]	πρώτως	_	_
2.5	181	[3]	μὲν	_	_
2.5	182	[13]	καὶ	_	_
2.5	183	[1]	μάλιστα	_	_
2.5	184	[5]	τοῖς	_	_
2.5	185	[2]	σφυγμοῖς	_	_
2.5	186	[1]	οὓς	_	_
2.5	187	[2]	ἐπὶ	_	_
2.5	188	[1]	συνήθων	_	_
2.5	189	[1]	ἀῤῥώστων	_	_
2.5	190	[1]	ἀκριβῶς	_	_
2.5	191	[1]	ἄν	_	_
2.5	192	[1]	τις	_	_
2.5	193	[1]	φωράσειεν	_	_
2.5	194	[8]	.	b	_
2.5	195	[1]	ἤδη	_	_
2.5	196	[3]	δὲ	_	_
2.5	197	[14]	καὶ	_	_
2.5	198	[2]	τῷ	_	_
2.5	199	[1]	ῥίγει	_	_
2.5	200	[15]	καὶ	_	_
2.5	201	[6]	τοῖς	_	_
2.5	202	[1]	ἄλλοις	_	_
2.5	203	[1]	ἅπασι	_	_
2.5	204	[7]	τοῖς	_	_
2.5	205	[1]	ἔξωθεν	_	_
2.5	206	[1]	ἐφ	_	_
2.5	207	[6]	’	b	_
2.5	208	[1]	οἷς	_	_
2.5	209	[2]	γίνεται	_	_
2.5	210	[9]	.	b	_
2.5	211	[16]	καὶ	_	_
2.5	212	[1]	φύσεως	_	_
2.5	213	[1]	ὑγροτέρας	_	_
2.5	214	[1]	δεῖται	_	_
2.5	215	[17]	καὶ	_	_
2.5	216	[1]	βίων	_	_
2.5	217	[1]	ἀργοτέρων	_	_
2.5	218	[3]	τε	_	_
2.5	219	[18]	καὶ	_	_
2.5	220	[2]	μετὰ	_	_
2.5	221	[1]	πλησμονῶν	_	_
2.5	222	[10]	.	b	_
2.5	223	[1]	οὗτός	_	_
2.5	224	[1]	γ	_	_
2.5	225	[7]	’	b	_
2.5	226	[1]	οὖν	_	_
2.5	227	[19]	καὶ	_	_
2.5	228	[1]	παιδίοις	_	_
2.5	229	[2]	μάλιστα	_	_
2.5	230	[1]	πλεονάζει	_	_
2.5	231	[18]	,	b	_
2.5	232	[20]	καὶ	_	_
2.5	233	[1]	σπάνιον	_	_
2.5	234	[1]	εἰ	_	_
2.5	235	[1]	μὴ	_	_
2.5	236	[21]	καὶ	_	_
2.5	237	[1]	στόμα	_	_
2.5	238	[2]	τῆς	_	_
2.5	239	[1]	γαστρὸς	_	_
2.5	240	[19]	,	b	_
2.5	241	[2]	ἢ	_	_
2.5	242	[22]	καὶ	_	_
2.5	243	[4]	τὸ	_	_
2.5	244	[1]	ἧπαρ	_	_
2.5	245	[4]	αὐτοῖς	_	_
2.5	246	[1]	ἐπόνησεν	_	_
2.5	247	[11]	.	b	_
2.5	248	[1]	ἀτὰρ	_	_
2.5	249	[2]	οὖν	_	_
2.5	250	[23]	καὶ	_	_
2.5	251	[1]	ἀπεψίαι	_	_
2.5	252	[1]	προηγοῦνται	_	_
2.5	253	[1]	πολλαὶ	_	_
2.5	254	[24]	καὶ	_	_
2.5	255	[1]	βραδυπεψίαι	_	_
2.5	256	[25]	καὶ	_	_
2.5	257	[1]	ὀξυρεγμίαι	_	_
2.5	258	[26]	καὶ	_	_
2.5	259	[1]	πυρέττειν	_	_
2.5	260	[1]	ἀρχομένων	_	_
2.5	261	[20]	,	b	_
2.5	262	[1]	ὑποχόνδριον	_	_
2.5	263	[4]	μὲν	_	_
2.5	264	[2]	ἐν	_	_
2.5	265	[1]	ὄγκῳ	_	_
2.5	266	[1]	μείζονι	_	_
2.5	267	[2]	τοῦ	_	_
2.5	268	[3]	κατὰ	_	_
2.5	269	[1]	φύσιν	_	_
2.5	270	[1]	ἐξ	_	_
2.5	271	[1]	ἅπαντος	_	_
2.5	272	[21]	,	b	_
2.5	273	[2]	ὡς	_	_
2.5	274	[1]	τὰ	_	_
2.5	275	[1]	πολλὰ	_	_
2.5	276	[4]	δὲ	_	_
2.5	277	[27]	καὶ	_	_
2.5	278	[1]	διαπεφυσημένον	_	_
2.5	279	[4]	τε	_	_
2.5	280	[28]	καὶ	_	_
2.5	281	[1]	περιτεταμένον	_	_
2.5	282	[22]	,	b	_
2.5	283	[1]	ὠχρόλευκός	_	_
2.5	284	[5]	τε	_	_
2.5	285	[1]	τούτοις	_	_
2.5	286	[1]	ἡ	_	_
2.5	287	[1]	χροιὰ	_	_
2.5	288	[23]	,	b	_
2.5	289	[1]	κἂν	_	_
2.5	290	[1]	ὁ	_	_
2.5	291	[1]	παροξυσμὸς	_	_
2.5	292	[1]	ἀκμάσῃ	_	_
2.5	293	[12]	.	b	_
2.5	294	[29]	καὶ	_	_
2.5	295	[2]	ὁ	_	_
2.5	296	[1]	χειμὼν	_	_
2.5	297	[1]	εὔφορος	_	_
2.5	298	[1]	τοιούτων	_	_
2.5	299	[1]	νοσημάτων	_	_
2.5	300	[13]	.	b	_
2.5	301	[30]	καὶ	_	_
2.5	302	[1]	κατάστασις	_	_
2.5	303	[1]	ὑγρὰ	_	_
2.5	304	[31]	καὶ	_	_
2.5	305	[1]	χωρίον	_	_
2.5	306	[1]	τοιοῦτον	_	_
2.5	307	[14]	.	b	_
2.5	308	[32]	καὶ	_	_
2.5	309	[2]	ἡ	_	_
2.5	310	[1]	ἀρχὴ	_	_
2.5	311	[3]	τῶν	_	_
2.5	312	[2]	παροξυσμῶν	_	_
2.5	313	[1]	εἰς	_	_
2.5	314	[1]	ἑσπέραν	_	_
2.5	315	[15]	.	b	_
2.5	316	[1]	οὕτω	_	_
2.5	317	[5]	μὲν	_	_
2.5	318	[1]	ἀμφημερινὸς	_	_
2.5	319	[33]	καὶ	_	_
2.5	320	[1]	τριταῖος	_	_
2.5	321	[34]	καὶ	_	_
2.5	322	[1]	τεταρταῖος	_	_
2.5	323	[1]	ἀλλήλων	_	_
2.5	324	[1]	διορίζονται	_	_
2.5	325	[4]	κατὰ	_	_
2.5	326	[4]	τὴν	_	_
2.5	327	[2]	πρώτην	_	_
2.5	328	[1]	ἡμέ	_	_
2.5	329	[1]	ραν	_	_
2.5	330	[16]	.	b	_
2.6	1	[1]	Τοὺς	_	_
2.6	2	[1]	δὲ	_	_
2.6	3	[1]	συνεχεῖς	_	_
2.6	4	[1]	μὲν	_	_
2.6	5	[1]	,	b	_
2.6	6	[1]	ὁμογενεῖς	_	_
2.6	7	[2]	δὲ	_	_
2.6	8	[1]	τοῖς	_	_
2.6	9	[1]	προειρημένοις	_	_
2.6	10	[1]	πυρετοῖς	_	_
2.6	11	[2]	,	b	_
2.6	12	[1]	γεγυμνασμένος	_	_
2.6	13	[1]	μέν	_	_
2.6	14	[1]	τις	_	_
2.6	15	[1]	οὐκ	_	_
2.6	16	[1]	ἂν	_	_
2.6	17	[1]	οὐδ	_	_
2.6	18	[1]	’	b	_
2.6	19	[1]	ἐν	_	_
2.6	20	[1]	τῇ	_	_
2.6	21	[1]	πρώτῃ	_	_
2.6	22	[1]	τῶν	_	_
2.6	23	[1]	ἡμερῶν	_	_
2.6	24	[1]	γνωρίζειν	_	_
2.6	25	[1]	τε	_	_
2.6	26	[1]	καὶ	_	_
2.6	27	[1]	διακρίνειν	_	_
2.6	28	[1]	ἀλλήλων	_	_
2.6	29	[1]	ἀδυνατήσειεν	_	_
2.6	30	[1]	.	b	_
2.6	31	[1]	ἐπὶ	_	_
2.6	32	[1]	δ	_	_
2.6	33	[2]	’	b	_
2.6	34	[1]	οὖν	_	_
2.6	35	[1]	τῆς	_	_
2.6	36	[1]	δευτέρας	_	_
2.6	37	[3]	,	b	_
2.6	38	[1]	εἰ	_	_
2.6	39	[1]	προσέχοι	_	_
2.6	40	[1]	τὸν	_	_
2.6	41	[1]	νοῦν	_	_
2.6	42	[4]	,	b	_
2.6	43	[1]	κἂν	_	_
2.6	44	[1]	ἀγύμναστος	_	_
2.6	45	[1]	εἴη	_	_
2.6	46	[2]	.	b	_
2.6	47	[1]	καλῶ	_	_
2.6	48	[3]	δὲ	_	_
2.6	49	[2]	ὁμογενεῖς	_	_
2.6	50	[1]	πυρετοὺς	_	_
2.6	51	[2]	συνεχεῖς	_	_
2.6	52	[1]	ἑκάστῳ	_	_
2.6	53	[2]	τῶν	_	_
2.6	54	[1]	διαλειπόντων	_	_
2.6	55	[5]	,	b	_
2.6	56	[1]	τριταίῳ	_	_
2.6	57	[2]	μὲν	_	_
2.6	58	[1]	ἀκριβεῖ	_	_
2.6	59	[6]	,	b	_
2.6	60	[2]	τὸν	_	_
2.6	61	[1]	ἀκριβῆ	_	_
2.6	62	[1]	καῦσον	_	_
2.6	63	[7]	,	b	_
2.6	64	[1]	ἀμφημερινῷ	_	_
2.6	65	[4]	δὲ	_	_
2.6	66	[3]	τὸν	_	_
2.6	67	[1]	καθ	_	_
2.6	68	[3]	’	b	_
2.6	69	[1]	ἑκάστην	_	_
2.6	70	[1]	ἡμέραν	_	_
2.6	71	[1]	παροξυνόμενον	_	_
2.6	72	[8]	,	b	_
2.6	73	[1]	εἰς	_	_
2.6	74	[1]	ἀπυρεξίαν	_	_
2.6	75	[5]	δὲ	_	_
2.6	76	[1]	μὴ	_	_
2.6	77	[1]	παυόμενον	_	_
2.6	78	[3]	.	b	_
2.6	79	[1]	οὕτω	_	_
2.6	80	[6]	δὲ	_	_
2.6	81	[2]	καὶ	_	_
2.6	82	[1]	τεταρταίῳ	_	_
2.6	83	[9]	,	b	_
2.6	84	[4]	τὸν	_	_
2.6	85	[1]	διὰ	_	_
2.6	86	[1]	τετάρτης	_	_
2.6	87	[4]	.	b	_
2.6	88	[1]	ὅ	_	_
2.6	89	[2]	τε	_	_
2.6	90	[1]	γὰρ	_	_
2.6	91	[1]	ἀκριβὴς	_	_
2.6	92	[1]	καῦσος	_	_
2.6	93	[1]	ἅπαντα	_	_
2.6	94	[1]	τἄλλα	_	_
2.6	95	[1]	φυλάττων	_	_
2.6	96	[1]	ἀκριβῶς	_	_
2.6	97	[1]	τριταίου	_	_
2.6	98	[1]	γνωρίσματα	_	_
2.6	99	[10]	,	b	_
2.6	100	[1]	μόνῳ	_	_
2.6	101	[1]	τῷ	_	_
2.6	102	[2]	μὴ	_	_
2.6	103	[1]	μετὰ	_	_
2.6	104	[1]	ῥίγους	_	_
2.6	105	[1]	εἰσβάλλειν	_	_
2.6	106	[1]	μήτ	_	_
2.6	107	[4]	’	b	_
2.6	108	[2]	εἰς	_	_
2.6	109	[2]	ἀπυρεξίαν	_	_
2.6	110	[1]	παύεσθαι	_	_
2.6	111	[1]	διενήνοχεν	_	_
2.6	112	[5]	.	b	_
2.6	113	[1]	ὁ	_	_
2.6	114	[7]	δὲ	_	_
2.6	115	[2]	καθ	_	_
2.6	116	[5]	’	b	_
2.6	117	[2]	ἑκάστην	_	_
2.6	118	[2]	ἡμέραν	_	_
2.6	119	[1]	παροξυνόμενος	_	_
2.6	120	[11]	,	b	_
2.6	121	[1]	ὅταν	_	_
2.6	122	[3]	καὶ	_	_
2.6	123	[1]	ὥραν	_	_
2.6	124	[4]	καὶ	_	_
2.6	125	[1]	κατάστασιν	_	_
2.6	126	[5]	καὶ	_	_
2.6	127	[1]	ἡλικίαν	_	_
2.6	128	[6]	καὶ	_	_
2.6	129	[1]	χώραν	_	_
2.6	130	[7]	καὶ	_	_
2.6	131	[1]	φύσιν	_	_
2.6	132	[1]	σώματος	_	_
2.6	133	[12]	,	b	_
2.6	134	[8]	καὶ	_	_
2.6	135	[1]	τὴν	_	_
2.6	136	[1]	προγεγενημένην	_	_
2.6	137	[1]	δίαιταν	_	_
2.6	138	[13]	,	b	_
2.6	139	[1]	ἔτι	_	_
2.6	140	[3]	τε	_	_
2.6	141	[2]	τὴν	_	_
2.6	142	[3]	τῶν	_	_
2.6	143	[1]	σφυγμῶν	_	_
2.6	144	[1]	ἰδέαν	_	_
2.6	145	[14]	,	b	_
2.6	146	[9]	καὶ	_	_
2.6	147	[3]	τὴν	_	_
2.6	148	[1]	θερμασίαν	_	_
2.6	149	[4]	τὴν	_	_
2.6	150	[1]	αὐτὴν	_	_
2.6	151	[1]	ἔχει	_	_
2.6	152	[2]	τοῖς	_	_
2.6	153	[1]	ἀκριβέσιν	_	_
2.6	154	[1]	ἀμφημερινοῖς	_	_
2.6	155	[15]	,	b	_
2.6	156	[3]	μὴ	_	_
2.6	157	[1]	παύηται	_	_
2.6	158	[8]	δὲ	_	_
2.6	159	[3]	εἰς	_	_
2.6	160	[3]	ἀπυρεξίαν	_	_
2.6	161	[16]	,	b	_
2.6	162	[1]	ὁμογενής	_	_
2.6	163	[1]	ἐστιν	_	_
2.6	164	[1]	αὐτοῖς	_	_
2.6	165	[6]	.	b	_
2.6	166	[1]	κατὰ	_	_
2.6	167	[1]	τὰ	_	_
2.6	168	[1]	αὐτὰ	_	_
2.6	169	[9]	δὲ	_	_
2.6	170	[10]	καὶ	_	_
2.6	171	[2]	ὁ	_	_
2.6	172	[2]	διὰ	_	_
2.6	173	[2]	τετάρτης	_	_
2.6	174	[3]	μὲν	_	_
2.6	175	[2]	παροξυνόμενος	_	_
2.6	176	[17]	,	b	_
2.6	177	[4]	εἰς	_	_
2.6	178	[4]	ἀπυρεξίαν	_	_
2.6	179	[10]	δὲ	_	_
2.6	180	[4]	μὴ	_	_
2.6	181	[1]	παυόμενος	_	_
2.6	182	[18]	,	b	_
2.6	183	[2]	ὁμογενής	_	_
2.6	184	[1]	ἐστι	_	_
2.6	185	[2]	τεταρταίῳ	_	_
2.6	186	[7]	.	b	_
2.6	187	[11]	καὶ	_	_
2.6	188	[1]	δῆλον	_	_
2.6	189	[19]	,	b	_
2.6	190	[1]	ὡς	_	_
2.6	191	[1]	οὔτε	_	_
2.6	192	[1]	ῥίγος	_	_
2.6	193	[1]	αὐτῷ	_	_
2.6	194	[1]	προηγήσεται	_	_
2.6	195	[4]	τῶν	_	_
2.6	196	[1]	παροξυσμῶν	_	_
2.6	197	[20]	,	b	_
2.6	198	[1]	οὔθ	_	_
2.6	199	[6]	’	b	_
2.6	200	[1]	ἱδρὼς	_	_
2.6	201	[1]	ἕψεται	_	_
2.6	202	[21]	,	b	_
2.6	203	[1]	καθάπερ	_	_
2.6	204	[1]	οὐδὲ	_	_
2.6	205	[2]	ἐν	_	_
2.6	206	[2]	τῷ	_	_
2.6	207	[1]	καύσῳ	_	_
2.6	208	[1]	τούτων	_	_
2.6	209	[1]	οὐδέτερον	_	_
2.6	210	[22]	,	b	_
2.6	211	[1]	οὔτ	_	_
2.6	212	[7]	’	b	_
2.6	213	[1]	εὐθὺς	_	_
2.6	214	[1]	κατ	_	_
2.6	215	[8]	’	b	_
2.6	216	[1]	ἀρχὰς	_	_
2.6	217	[2]	οὔτε	_	_
2.6	218	[1]	ἐφεξῆς	_	_
2.6	219	[1]	ἄχρι	_	_
2.6	220	[1]	κρίσεως	_	_
2.6	221	[23]	,	b	_
2.6	222	[1]	οἷόν	_	_
2.6	223	[4]	τε	_	_
2.6	224	[1]	γενέσθαι	_	_
2.6	225	[8]	.	b	_
2.6	226	[1]	τούτους	_	_
2.6	227	[2]	οὖν	_	_
2.6	228	[1]	πρώτους	_	_
2.6	229	[1]	ἀσκησάτω	_	_
2.6	230	[2]	τις	_	_
2.6	231	[2]	γνωρίζειν	_	_
2.6	232	[5]	τε	_	_
2.6	233	[12]	καὶ	_	_
2.6	234	[2]	διακρίνειν	_	_
2.6	235	[2]	ἀλλήλων	_	_
2.6	236	[1]	τοὺς	_	_
2.6	237	[1]	ἁπλούς	_	_
2.6	238	[6]	τε	_	_
2.6	239	[13]	καὶ	_	_
2.6	240	[1]	ἀμίκτους	_	_
2.6	241	[1]	ἑτερογενέσι	_	_
2.6	242	[2]	πυρετοῖς	_	_
2.6	243	[24]	,	b	_
2.6	244	[1]	οὓς	_	_
2.6	245	[1]	δι	_	_
2.6	246	[9]	’	b	_
2.6	247	[1]	αὐτὸ	_	_
2.6	248	[1]	τοῦτο	_	_
2.6	249	[25]	,	b	_
2.6	250	[1]	γνησίους	_	_
2.6	251	[7]	τε	_	_
2.6	252	[14]	καὶ	_	_
2.6	253	[1]	ἀκριβεῖς	_	_
2.6	254	[26]	,	b	_
2.6	255	[1]	οἱ	_	_
2.6	256	[1]	παλαιοὶ	_	_
2.6	257	[5]	τῶν	_	_
2.6	258	[1]	ἰατρῶν	_	_
2.6	259	[1]	ὀνομάζουσιν	_	_
2.6	260	[9]	.	b	_
2.6	261	[3]	ὁ	_	_
2.6	262	[2]	γὰρ	_	_
2.6	263	[2]	ἐπὶ	_	_
2.6	264	[1]	μόνῃ	_	_
2.6	265	[2]	τῇ	_	_
2.6	266	[1]	ξανθῇ	_	_
2.6	267	[1]	χολῇ	_	_
2.6	268	[1]	πυρετὸς	_	_
2.6	269	[1]	ἀναπτόμενος	_	_
2.6	270	[27]	,	b	_
2.6	271	[1]	ἄνευ	_	_
2.6	272	[1]	σπλάγχνου	_	_
2.6	273	[1]	κακώσεως	_	_
2.6	274	[28]	,	b	_
2.6	275	[2]	εἰ	_	_
2.6	276	[4]	μὲν	_	_
2.6	277	[3]	οὖν	_	_
2.6	278	[3]	ἐν	_	_
2.6	279	[3]	τοῖς	_	_
2.6	280	[1]	ἀγγείοις	_	_
2.6	281	[2]	ἔτι	_	_
2.6	282	[1]	μενούσης	_	_
2.6	283	[2]	τῆς	_	_
2.6	284	[1]	χολῆς	_	_
2.6	285	[1]	ἐξάπτοιτο	_	_
2.6	286	[29]	,	b	_
2.6	287	[2]	καῦσος	_	_
2.6	288	[1]	ἀκριβής	_	_
2.6	289	[2]	ἐστιν	_	_
2.6	290	[30]	,	b	_
2.6	291	[3]	εἰ	_	_
2.6	292	[11]	δὲ	_	_
2.6	293	[1]	πάντη	_	_
2.6	294	[1]	φερομένης	_	_
2.6	295	[31]	,	b	_
2.6	296	[1]	τριταῖος	_	_
2.6	297	[10]	.	b	_
2.6	298	[2]	οὕτω	_	_
2.6	299	[12]	δὲ	_	_
2.6	300	[4]	εἰ	_	_
2.6	301	[15]	καὶ	_	_
2.6	302	[1]	μελαίνης	_	_
2.6	303	[2]	χολῆς	_	_
2.6	304	[1]	ἔγγονος	_	_
2.6	305	[4]	ὁ	_	_
2.6	306	[2]	πυρετὸς	_	_
2.6	307	[1]	ὑπάρχει	_	_
2.6	308	[11]	.	b	_
2.6	309	[1]	κινουμένης	_	_
2.6	310	[5]	μὲν	_	_
2.6	311	[1]	τεταρταῖός	_	_
2.6	312	[3]	ἐστιν	_	_
2.6	313	[32]	,	b	_
2.6	314	[1]	ἡδρασμένης	_	_
2.6	315	[13]	δὲ	_	_
2.6	316	[3]	διὰ	_	_
2.6	317	[3]	τετάρτης	_	_
2.6	318	[12]	.	b	_
2.6	319	[1]	ὥσπερ	_	_
2.6	320	[5]	εἰ	_	_
2.6	321	[16]	καὶ	_	_
2.6	322	[1]	φλέγματος	_	_
2.6	323	[33]	,	b	_
2.6	324	[1]	ἤτοι	_	_
2.6	325	[1]	γε	_	_
2.6	326	[1]	ἀμφημερινὸς	_	_
2.6	327	[1]	ἢ	_	_
2.6	328	[3]	καθ	_	_
2.6	329	[10]	’	b	_
2.6	330	[3]	ἑκάστην	_	_
2.6	331	[3]	ἡμέραν	_	_
2.6	332	[3]	παροξυνόμενος	_	_
2.6	333	[13]	.	b	_
2.6	334	[2]	οἱ	_	_
2.6	335	[3]	γὰρ	_	_
2.6	336	[5]	εἰς	_	_
2.6	337	[5]	ἀπυρεξίαν	_	_
2.6	338	[1]	λήγοντες	_	_
2.6	339	[1]	πυρετοὶ	_	_
2.6	340	[34]	,	b	_
2.6	341	[1]	τριταῖοί	_	_
2.6	342	[8]	τε	_	_
2.6	343	[17]	καὶ	_	_
2.6	344	[1]	τεταρταῖοι	_	_
2.6	345	[18]	καὶ	_	_
2.6	346	[1]	ἀμφημερινοὶ	_	_
2.6	347	[35]	,	b	_
2.6	348	[5]	τὴν	_	_
2.6	349	[2]	αὐτὴν	_	_
2.6	350	[1]	ὑπόθεσιν	_	_
2.6	351	[1]	ἔχοντες	_	_
2.6	352	[4]	τοῖς	_	_
2.6	353	[1]	εἰρημένοις	_	_
2.6	354	[1]	συνεχέσιν	_	_
2.6	355	[36]	,	b	_
2.6	356	[1]	ἑνὶ	_	_
2.6	357	[2]	μόνῳ	_	_
2.6	358	[3]	τῷ	_	_
2.6	359	[2]	κατὰ	_	_
2.6	360	[1]	τὰς	_	_
2.6	361	[1]	φλέβας	_	_
2.6	362	[37]	,	b	_
2.6	363	[2]	ἢ	_	_
2.6	364	[2]	πάντη	_	_
2.6	365	[1]	φερομένους	_	_
2.6	366	[1]	ἔχειν	_	_
2.6	367	[2]	τοὺς	_	_
2.6	368	[1]	χυμοὺς	_	_
2.6	369	[38]	,	b	_
2.6	370	[1]	διενηνόχασιν	_	_
2.6	371	[14]	.	b	_
2.6	372	[1]	ὅθεν	_	_
2.6	373	[19]	καὶ	_	_
2.6	374	[2]	τἄλλα	_	_
2.6	375	[6]	μὲν	_	_
2.6	376	[2]	αὐτοῖς	_	_
2.6	377	[2]	τὰ	_	_
2.6	378	[1]	αὐτά	_	_
2.6	379	[39]	,	b	_
2.6	380	[4]	τῷ	_	_
2.6	381	[14]	δὲ	_	_
2.6	382	[2]	μετὰ	_	_
2.6	383	[2]	ῥίγους	_	_
2.6	384	[40]	,	b	_
2.6	385	[3]	ἢ	_	_
2.6	386	[5]	μὴ	_	_
2.6	387	[1]	σὺν	_	_
2.6	388	[1]	ῥίγει	_	_
2.6	389	[41]	,	b	_
2.6	390	[20]	καὶ	_	_
2.6	391	[2]	σὺν	_	_
2.6	392	[1]	ἐμέτοις	_	_
2.6	393	[1]	τισὶ	_	_
2.6	394	[21]	καὶ	_	_
2.6	395	[1]	ἱδρῶσι	_	_
2.6	396	[42]	,	b	_
2.6	397	[4]	ἢ	_	_
2.6	398	[2]	ἄνευ	_	_
2.6	399	[2]	τούτων	_	_
2.6	400	[1]	γίνεσθαι	_	_
2.6	401	[1]	διαφέρουσι	_	_
2.6	402	[15]	.	b	_
2.6	403	[1]	συνεχῆ	_	_
2.6	404	[7]	μὲν	_	_
2.6	405	[1]	δὴ	_	_
2.6	406	[1]	πυρετὸν	_	_
2.6	407	[1]	ὀνομάζω	_	_
2.6	408	[43]	,	b	_
2.6	409	[5]	τὸν	_	_
2.6	410	[6]	εἰς	_	_
2.6	411	[6]	ἀπυρεξίαν	_	_
2.6	412	[44]	,	b	_
2.6	413	[1]	πρὶν	_	_
2.6	414	[1]	τελέως	_	_
2.6	415	[1]	λυθῆναι	_	_
2.6	416	[6]	μὴ	_	_
2.6	417	[2]	παυόμενον	_	_
2.6	418	[45]	,	b	_
2.6	419	[2]	κἂν	_	_
2.6	420	[1]	παρακμή	_	_
2.6	421	[3]	τις	_	_
2.6	422	[1]	αἰσθητὴ	_	_
2.6	423	[1]	φαίνηται	_	_
2.6	424	[16]	.	b	_
2.6	425	[2]	ὅταν	_	_
2.6	426	[15]	δὲ	_	_
2.6	427	[1]	μηδὲ	_	_
2.6	428	[2]	παρακμή	_	_
2.6	429	[4]	τις	_	_
2.6	430	[2]	αἰσθητὴ	_	_
2.6	431	[1]	γένηται	_	_
2.6	432	[46]	,	b	_
2.6	433	[4]	διὰ	_	_
2.6	434	[1]	παντὸς	_	_
2.6	435	[16]	δὲ	_	_
2.6	436	[1]	ἀπὸ	_	_
2.6	437	[3]	τῆς	_	_
2.6	438	[1]	πρώτης	_	_
2.6	439	[1]	ἀρχῆς	_	_
2.6	440	[47]	,	b	_
2.6	441	[2]	ἄχρι	_	_
2.6	442	[2]	κρίσεως	_	_
2.6	443	[1]	ὅμοιος	_	_
2.6	444	[1]	διαμένει	_	_
2.6	445	[48]	,	b	_
2.6	446	[1]	τοῦ	_	_
2.6	447	[1]	γένους	_	_
2.6	448	[2]	μέν	_	_
2.6	449	[4]	ἐστιν	_	_
2.6	450	[49]	,	b	_
2.6	451	[22]	καὶ	_	_
2.6	452	[1]	οὗτος	_	_
2.6	453	[6]	τῶν	_	_
2.6	454	[1]	καυσωδῶν	_	_
2.6	455	[1]	πυρετῶν	_	_
2.6	456	[50]	,	b	_
2.6	457	[1]	ὀξύτητι	_	_
2.6	458	[2]	δ	_	_
2.6	459	[11]	’	b	_
2.6	460	[1]	αὐτῶν	_	_
2.6	461	[2]	διενήνοχεν	_	_
2.6	462	[17]	.	b	_
2.6	463	[1]	ἀλλ	_	_
2.6	464	[12]	’	b	_
2.6	465	[3]	οὔτε	_	_
2.6	466	[3]	κατὰ	_	_
2.6	467	[6]	τὴν	_	_
2.6	468	[1]	πρώτην	_	_
2.6	469	[4]	ἡμέραν	_	_
2.6	470	[5]	ἢ	_	_
2.6	471	[1]	δευτέραν	_	_
2.6	472	[2]	οἷόν	_	_
2.6	473	[9]	τε	_	_
2.6	474	[1]	προγνῶναι	_	_
2.6	475	[6]	τὸν	_	_
2.6	476	[1]	τοιοῦτον	_	_
2.6	477	[51]	,	b	_
2.6	478	[2]	οὔτ	_	_
2.6	479	[13]	’	b	_
2.6	480	[1]	ἄλλως	_	_
2.6	481	[1]	χρήσιμον	_	_
2.6	482	[52]	,	b	_
2.6	483	[1]	ἀρκεῖ	_	_
2.6	484	[4]	γὰρ	_	_
2.6	485	[1]	τὸ	_	_
2.6	486	[1]	γένος	_	_
2.6	487	[3]	γνωρίζειν	_	_
2.6	488	[53]	,	b	_
2.6	489	[1]	ὅτι	_	_
2.6	490	[1]	χολώδης	_	_
2.6	491	[10]	τε	_	_
2.6	492	[23]	καὶ	_	_
2.6	493	[1]	περικαὴς	_	_
2.6	494	[24]	καὶ	_	_
2.6	495	[1]	κατοξύς	_	_
2.6	496	[18]	.	b	_
2.6	497	[2]	οὐδὲ	_	_
2.6	498	[5]	γὰρ	_	_
2.6	499	[6]	εἰ	_	_
2.6	500	[1]	σύνοχον	_	_
2.6	501	[1]	ὀνομάζει	_	_
2.6	502	[5]	τις	_	_
2.6	503	[1]	αὐτὸν	_	_
2.6	504	[54]	,	b	_
2.6	505	[2]	ὥσπερ	_	_
2.6	506	[1]	ἔνιοι	_	_
2.6	507	[7]	τῶν	_	_
2.6	508	[2]	ἰατρῶν	_	_
2.6	509	[55]	,	b	_
2.6	510	[1]	ὅλῳ	_	_
2.6	511	[5]	τῷ	_	_
2.6	512	[1]	γένει	_	_
2.6	513	[1]	διοίσει	_	_
2.6	514	[8]	τῶν	_	_
2.6	515	[2]	καυσωδῶν	_	_
2.6	516	[2]	πυρετῶν	_	_
2.6	517	[56]	,	b	_
2.6	518	[1]	ἕνεκά	_	_
2.6	519	[2]	γε	_	_
2.6	520	[4]	τῆς	_	_
2.6	521	[1]	προσηγορίας	_	_
2.6	522	[19]	.	b	_
2.6	523	[3]	ὥσπερ	_	_
2.6	524	[1]	﻿	_	_
2.6	525	[2]	οὐδ	_	_
2.6	526	[14]	’	b	_
2.6	527	[2]	ὅτι	_	_
2.6	528	[1]	τρεῖς	_	_
2.6	529	[1]	αὐτοῦ	_	_
2.6	530	[1]	τύπου	_	_
2.6	531	[1]	συνόχου	_	_
2.6	532	[1]	διαφορὰς	_	_
2.6	533	[1]	εἰδότες	_	_
2.6	534	[57]	,	b	_
2.6	535	[1]	ἴδιον	_	_
2.6	536	[1]	ἐφ	_	_
2.6	537	[15]	’	b	_
2.6	538	[1]	ἑκάστης	_	_
2.6	539	[2]	αὐτῶν	_	_
2.6	540	[1]	ὄνομα	_	_
2.6	541	[1]	φέρουσι	_	_
2.6	542	[1]	·	b	_
2.6	543	[3]	τοὺς	_	_
2.6	544	[8]	μὲν	_	_
2.6	545	[1]	ἐπακμαστικοὺς	_	_
2.6	546	[58]	,	b	_
2.6	547	[4]	τοὺς	_	_
2.6	548	[17]	δὲ	_	_
2.6	549	[1]	ὁμοτόνους	_	_
2.6	550	[59]	,	b	_
2.6	551	[5]	τοὺς	_	_
2.6	552	[18]	δὲ	_	_
2.6	553	[1]	ἀκμαστικοὺς	_	_
2.6	554	[60]	,	b	_
2.6	555	[6]	τοὺς	_	_
2.6	556	[19]	δὲ	_	_
2.6	557	[1]	παρακμαστικοὺς	_	_
2.6	558	[1]	ὀνομάζοντες	_	_
2.6	559	[1]	ἤδη	_	_
2.6	560	[61]	,	b	_
2.6	561	[5]	διὰ	_	_
2.6	562	[2]	τοῦτο	_	_
2.6	563	[4]	κατὰ	_	_
2.6	564	[2]	γένος	_	_
2.6	565	[3]	αὐτοῖς	_	_
2.6	566	[1]	ἡγητέον	_	_
2.6	567	[1]	εἶναί	_	_
2.6	568	[1]	τινα	_	_
2.6	569	[1]	διαφοράν	_	_
2.6	570	[20]	.	b	_
2.6	571	[2]	ὅθεν	_	_
2.6	572	[3]	οὐδ	_	_
2.6	573	[16]	’	b	_
2.6	574	[7]	εἰς	_	_
2.6	575	[7]	τὴν	_	_
2.6	576	[1]	παροῦσαν	_	_
2.6	577	[1]	πραγματείαν	_	_
2.6	578	[1]	ἡ	_	_
2.6	579	[1]	διάγνωσις	_	_
2.6	580	[3]	αὐτῶν	_	_
2.6	581	[62]	,	b	_
2.6	582	[1]	μέγα	_	_
2.6	583	[1]	τι	_	_
2.6	584	[1]	συντελεῖ	_	_
2.6	585	[21]	.	b	_
2.6	586	[1]	πάντες	_	_
2.6	587	[6]	γὰρ	_	_
2.6	588	[1]	οὗτοι	_	_
2.6	589	[63]	,	b	_
2.6	590	[5]	κατὰ	_	_
2.6	591	[8]	τὴν	_	_
2.6	592	[2]	πρώτην	_	_
2.6	593	[1]	ἑβδομάδα	_	_
2.6	594	[1]	κρίνονται	_	_
2.6	595	[22]	.	b	_
2.6	596	[1]	τούτου	_	_
2.6	597	[20]	δὲ	_	_
2.6	598	[8]	εἰς	_	_
2.6	599	[1]	παρόντα	_	_
2.6	600	[1]	χρεία	_	_
2.6	601	[64]	,	b	_
2.6	602	[2]	τοῦ	_	_
2.6	603	[1]	λαβεῖν	_	_
2.6	604	[2]	τινα	_	_
2.6	605	[5]	τῆς	_	_
2.6	606	[1]	ὅλης	_	_
2.6	607	[3]	τοῦ	_	_
2.6	608	[1]	νοσήματος	_	_
2.6	609	[1]	καταστάσεώς	_	_
2.6	610	[11]	τε	_	_
2.6	611	[25]	καὶ	_	_
2.6	612	[3]	κρίσεως	_	_
2.6	613	[65]	,	b	_
2.6	614	[4]	ἐν	_	_
2.6	615	[1]	ταῖς	_	_
2.6	616	[1]	πρώταις	_	_
2.6	617	[1]	ἡμέραις	_	_
2.6	618	[1]	ἐπίγνωσιν	_	_
2.6	619	[23]	.	b	_
2.6	620	[7]	εἰ	_	_
2.6	621	[9]	μὲν	_	_
2.6	622	[7]	γὰρ	_	_
2.6	623	[2]	ἀκριβὴς	_	_
2.6	624	[1]	τριταῖός	_	_
2.6	625	[5]	ἐστιν	_	_
2.6	626	[66]	,	b	_
2.6	627	[1]	ἐντὸς	_	_
2.6	628	[9]	τῶν	_	_
2.6	629	[1]	ἑπτὰ	_	_
2.6	630	[1]	περιόδων	_	_
2.6	631	[2]	·	b	_
2.6	632	[8]	εἰ	_	_
2.6	633	[3]	δ	_	_
2.6	634	[17]	’	b	_
2.6	635	[3]	ἀκριβὴς	_	_
2.6	636	[3]	καῦσος	_	_
2.6	637	[67]	,	b	_
2.6	638	[2]	ἐντὸς	_	_
2.6	639	[6]	τῆς	_	_
2.6	640	[2]	πρώτης	_	_
2.6	641	[1]	ἑβδομάδος	_	_
2.6	642	[1]	ἐξ	_	_
2.6	643	[1]	ἀνάγκης	_	_
2.6	644	[1]	κριθήσεται	_	_
2.6	645	[24]	.	b	_
2.6	646	[1]	χρονιοῦσι	_	_
2.6	647	[21]	δὲ	_	_
2.6	648	[1]	πάντως	_	_
2.6	649	[2]	ὅ	_	_
2.6	650	[1]	τ	_	_
2.6	651	[18]	’	b	_
2.6	652	[2]	ἀμφημερινὸς	_	_
2.6	653	[68]	,	b	_
2.6	654	[26]	καὶ	_	_
2.6	655	[5]	ὁ	_	_
2.6	656	[1]	παρακείμενος	_	_
2.6	657	[2]	αὐτῷ	_	_
2.6	658	[1]	συνεχής	_	_
2.6	659	[25]	.	b	_
2.6	660	[4]	ὥσπερ	_	_
2.6	661	[27]	καὶ	_	_
2.6	662	[6]	ὁ	_	_
2.6	663	[2]	τεταρταῖός	_	_
2.6	664	[12]	τε	_	_
2.6	665	[28]	καὶ	_	_
2.6	666	[7]	ὁ	_	_
2.6	667	[6]	διὰ	_	_
2.6	668	[4]	τετάρτης	_	_
2.6	669	[26]	.	b	_
2.6	670	[1]	ὥστε	_	_
2.6	671	[1]	τρία	_	_
2.6	672	[3]	μέν	_	_
2.6	673	[2]	ἐστι	_	_
2.6	674	[3]	τὰ	_	_
2.6	675	[1]	σύμπαντα	_	_
2.6	676	[1]	γένη	_	_
2.6	677	[10]	τῶν	_	_
2.6	678	[1]	ἁπλῶν	_	_
2.6	679	[3]	πυρετῶν	_	_
2.6	680	[69]	,	b	_
2.6	681	[1]	ἕκαστον	_	_
2.6	682	[4]	δ	_	_
2.6	683	[19]	’	b	_
2.6	684	[4]	αὐτῶν	_	_
2.6	685	[9]	εἰς	_	_
2.6	686	[1]	δύο	_	_
2.6	687	[2]	τὰς	_	_
2.6	688	[1]	πρώτας	_	_
2.6	689	[1]	τμηθήσεται	_	_
2.6	690	[1]	διαφοράς	_	_
2.6	691	[3]	·	b	_
2.6	692	[6]	ἢ	_	_
2.6	693	[8]	γὰρ	_	_
2.6	694	[3]	συνεχεῖς	_	_
2.6	695	[70]	,	b	_
2.6	696	[7]	ἢ	_	_
2.6	697	[1]	διαλείποντες	_	_
2.6	698	[1]	ἔσονται	_	_
2.6	699	[27]	.	b	_
2.6	700	[29]	καὶ	_	_
2.6	701	[1]	γνωρισθήσονται	_	_
2.6	702	[6]	κατὰ	_	_
2.6	703	[9]	τὴν	_	_
2.6	704	[3]	πρώτην	_	_
2.6	705	[5]	ἡμέραν	_	_
2.6	706	[28]	.	b	_
2.6	707	[3]	οἱ	_	_
2.6	708	[10]	μὲν	_	_
2.6	709	[2]	εὐθὺς	_	_
2.6	710	[1]	εἰσβαλλόντων	_	_
2.6	711	[11]	τῶν	_	_
2.6	712	[2]	παροξυσμῶν	_	_
2.6	713	[71]	,	b	_
2.6	714	[4]	οἱ	_	_
2.6	715	[5]	δ	_	_
2.6	716	[20]	’	b	_
2.6	717	[1]	ἀναβαινόντων	_	_
2.6	718	[72]	,	b	_
2.6	719	[5]	οἱ	_	_
2.6	720	[6]	δ	_	_
2.6	721	[21]	’	b	_
2.6	722	[1]	ἀκμαζόντων	_	_
2.6	723	[73]	,	b	_
2.6	724	[6]	οἱ	_	_
2.6	725	[7]	δ	_	_
2.6	726	[22]	’	b	_
2.6	727	[5]	ἐν	_	_
2.6	728	[2]	ταῖς	_	_
2.6	729	[2]	πρώταις	_	_
2.6	730	[1]	παρακμαῖς	_	_
2.6	731	[74]	,	b	_
2.6	732	[8]	ἢ	_	_
2.6	733	[5]	τοῖς	_	_
2.6	734	[1]	ἀπυρέτοις	_	_
2.6	735	[1]	διαλείμμασι	_	_
2.6	736	[29]	.	b	_
2.7	1	[1]	Συνθέτου	_	_
2.7	2	[1]	μέντοι	_	_
2.7	3	[1]	τοῦ	_	_
2.7	4	[1]	νοσήματος	_	_
2.7	5	[1]	ὑπάρχοντος	_	_
2.7	6	[1]	,	b	_
2.7	7	[1]	οὐκέθ	_	_
2.7	8	[1]	’	b	_
2.7	9	[1]	ὁμοίως	_	_
2.7	10	[1]	εὐπετὴς	_	_
2.7	11	[1]	ἡ	_	_
2.7	12	[1]	διάγνωσις	_	_
2.7	13	[2]	,	b	_
2.7	14	[1]	ἀλλ	_	_
2.7	15	[2]	’	b	_
2.7	16	[1]	ἐνταῦθα	_	_
2.7	17	[1]	δεῖ	_	_
2.7	18	[1]	μάλιστα	_	_
2.7	19	[1]	συνέσεώς	_	_
2.7	20	[1]	τε	_	_
2.7	21	[1]	καὶ	_	_
2.7	22	[1]	γυμνασίας	_	_
2.7	23	[1]	.	b	_
2.7	24	[1]	σύνεσιν	_	_
2.7	25	[1]	μὲν	_	_
2.7	26	[1]	οὖν	_	_
2.7	27	[1]	οἴκοθεν	_	_
2.7	28	[1]	ἕκαστος	_	_
2.7	29	[1]	ἐκ	_	_
2.7	30	[1]	τῆς	_	_
2.7	31	[1]	ἑαυτοῦ	_	_
2.7	32	[1]	φύσεως	_	_
2.7	33	[1]	ἢ	_	_
2.7	34	[1]	κεκτημένος	_	_
2.7	35	[2]	ἢ	_	_
2.7	36	[1]	μὴ	_	_
2.7	37	[2]	κεκτημένος	_	_
2.7	38	[1]	ἀφίξεται	_	_
2.7	39	[2]	.	b	_
2.7	40	[2]	γυμνασίας	_	_
2.7	41	[1]	δὲ	_	_
2.7	42	[2]	τῆς	_	_
2.7	43	[1]	νῦν	_	_
2.7	44	[1]	εἰρησομένης	_	_
2.7	45	[3]	,	b	_
2.7	46	[1]	οὐκ	_	_
2.7	47	[1]	ἂν	_	_
2.7	48	[1]	ἐξεύροι	_	_
2.7	49	[1]	βελτίονα	_	_
2.7	50	[3]	.	b	_
2.7	51	[1]	χρὴ	_	_
2.7	52	[1]	γὰρ	_	_
2.7	53	[1]	δή	_	_
2.7	54	[1]	που	_	_
2.7	55	[1]	γνωρίζειν	_	_
2.7	56	[1]	αὐτὸν	_	_
2.7	57	[1]	ἀσκῆσαι	_	_
2.7	58	[1]	ῥᾳδίως	_	_
2.7	59	[1]	ἁπλοῦν	_	_
2.7	60	[1]	εἶδος	_	_
2.7	61	[1]	πυρετοῦ	_	_
2.7	62	[4]	,	b	_
2.7	63	[1]	κἄπειθ	_	_
2.7	64	[3]	’	b	_
2.7	65	[1]	οὕτως	_	_
2.7	66	[1]	μεταβαίνειν	_	_
2.7	67	[1]	ἐπὶ	_	_
2.7	68	[1]	τὰ	_	_
2.7	69	[1]	σύνθετα	_	_
2.7	70	[4]	.	b	_
2.7	71	[1]	διχῶς	_	_
2.7	72	[1]	δ	_	_
2.7	73	[4]	’	b	_
2.7	74	[2]	ἂν	_	_
2.7	75	[1]	γίνοιτο	_	_
2.7	76	[1]	σύνθετον	_	_
2.7	77	[2]	εἶδος	_	_
2.7	78	[2]	πυρετοῦ	_	_
2.7	79	[1]	κατὰ	_	_
2.7	80	[1]	τήν	_	_
2.7	81	[1]	γε	_	_
2.7	82	[1]	πρώτην	_	_
2.7	83	[1]	τομὴν	_	_
2.7	84	[3]	ἢ	_	_
2.7	85	[1]	τῷ	_	_
2.7	86	[1]	τοὺς	_	_
2.7	87	[1]	εἰρημένους	_	_
2.7	88	[1]	ἀλλήλοις	_	_
2.7	89	[1]	μίγνυσθαι	_	_
2.7	90	[5]	,	b	_
2.7	91	[1]	χωρὶς	_	_
2.7	92	[1]	τόπου	_	_
2.7	93	[1]	πεπονθότος	_	_
2.7	94	[6]	,	b	_
2.7	95	[4]	ἢ	_	_
2.7	96	[2]	τῷ	_	_
2.7	97	[1]	μόριόν	_	_
2.7	98	[1]	τι	_	_
2.7	99	[1]	φλεγμαῖνον	_	_
2.7	100	[1]	ἀνάπτειν	_	_
2.7	101	[1]	αὐτούς	_	_
2.7	102	[5]	.	b	_
2.7	103	[1]	ἑκάτερα	_	_
2.7	104	[2]	δὲ	_	_
2.7	105	[1]	τῶν	_	_
2.7	106	[1]	εἰρημένων	_	_
2.7	107	[1]	διαφορῶν	_	_
2.7	108	[7]	,	b	_
2.7	109	[1]	ἑτέραν	_	_
2.7	110	[1]	αὖθις	_	_
2.7	111	[1]	ἐγχωρεῖ	_	_
2.7	112	[2]	τομὴν	_	_
2.7	113	[1]	ἐπιδέξεσθαι	_	_
2.7	114	[6]	.	b	_
2.7	115	[1]	οἵ	_	_
2.7	116	[2]	τε	_	_
2.7	117	[2]	γὰρ	_	_
2.7	118	[1]	ἄνευ	_	_
2.7	119	[1]	μορίου	_	_
2.7	120	[2]	πεπονθότος	_	_
2.7	121	[1]	συνιστάμενοι	_	_
2.7	122	[8]	,	b	_
2.7	123	[2]	διχῶς	_	_
2.7	124	[1]	μίγνυνται	_	_
2.7	125	[9]	,	b	_
2.7	126	[1]	ποτὲ	_	_
2.7	127	[2]	μὲν	_	_
2.7	128	[1]	ἐπιπλεκόμενοι	_	_
2.7	129	[10]	,	b	_
2.7	130	[2]	ποτὲ	_	_
2.7	131	[3]	δὲ	_	_
2.7	132	[1]	ὡς	_	_
2.7	133	[3]	ἂν	_	_
2.7	134	[1]	εἴποι	_	_
2.7	135	[1]	τις	_	_
2.7	136	[11]	,	b	_
2.7	137	[1]	δι	_	_
2.7	138	[5]	’	b	_
2.7	139	[1]	ὅλου	_	_
2.7	140	[1]	κεραννύμενοι	_	_
2.7	141	[12]	,	b	_
2.7	142	[1]	οὕτω	_	_
2.7	143	[1]	τοι	_	_
2.7	144	[2]	καὶ	_	_
2.7	145	[2]	τὰ	_	_
2.7	146	[1]	φλεγμαίνοντα	_	_
2.7	147	[1]	μέρη	_	_
2.7	148	[13]	,	b	_
2.7	149	[3]	καὶ	_	_
2.7	150	[3]	γὰρ	_	_
2.7	151	[4]	καὶ	_	_
2.7	152	[1]	τούτων	_	_
2.7	153	[3]	τὰ	_	_
2.7	154	[3]	μὲν	_	_
2.7	155	[1]	οἷον	_	_
2.7	156	[1]	ἐπιπλέκεται	_	_
2.7	157	[1]	μόνον	_	_
2.7	158	[14]	,	b	_
2.7	159	[4]	τὰ	_	_
2.7	160	[4]	δὲ	_	_
2.7	161	[2]	οἷον	_	_
2.7	162	[1]	κρᾶσίν	_	_
2.7	163	[1]	τινα	_	_
2.7	164	[2]	τῶν	_	_
2.7	165	[1]	διαθέσεων	_	_
2.7	166	[1]	ἴσχει	_	_
2.7	167	[7]	.	b	_
2.7	168	[1]	τὴν	_	_
2.7	169	[2]	οὖν	_	_
2.7	170	[1]	ἐπιπλοκὴν	_	_
2.7	171	[2]	ἀσκῆσαι	_	_
2.7	172	[1]	χρῆ	_	_
2.7	173	[1]	πρῶτον	_	_
2.7	174	[2]	γνωρίζειν	_	_
2.7	175	[8]	.	b	_
2.7	176	[1]	εἶθ	_	_
2.7	177	[6]	’	b	_
2.7	178	[2]	οὕτως	_	_
2.7	179	[2]	τὴν	_	_
2.7	180	[1]	κρᾶσιν	_	_
2.7	181	[1]	ἀρξαμένους	_	_
2.7	182	[1]	ἀπὸ	_	_
2.7	183	[3]	τῶν	_	_
2.7	184	[1]	πυρετῶν	_	_
2.7	185	[9]	.	b	_
2.7	186	[1]	ἐπιπλέκονται	_	_
2.7	187	[2]	δ	_	_
2.7	188	[7]	’	b	_
2.7	189	[1]	οἱ	_	_
2.7	190	[1]	πυρετοὶ	_	_
2.7	191	[1]	πολλάκις	_	_
2.7	192	[4]	μὲν	_	_
2.7	193	[1]	ὁμογενεῖς	_	_
2.7	194	[1]	ὁμογενέσι	_	_
2.7	195	[15]	,	b	_
2.7	196	[5]	ἢ	_	_
2.7	197	[1]	ὁμοειδεῖς	_	_
2.7	198	[1]	ὁμοειδέσιν	_	_
2.7	199	[16]	,	b	_
2.7	200	[1]	ἔστι	_	_
2.7	201	[3]	δ	_	_
2.7	202	[8]	’	b	_
2.7	203	[1]	ὅτε	_	_
2.7	204	[5]	καὶ	_	_
2.7	205	[1]	διαφέροντες	_	_
2.7	206	[10]	.	b	_
2.7	207	[1]	ἀμφημερινοί	_	_
2.7	208	[3]	τε	_	_
2.7	209	[4]	γὰρ	_	_
2.7	210	[1]	τριταίοις	_	_
2.7	211	[6]	καὶ	_	_
2.7	212	[1]	τούτοις	_	_
2.7	213	[1]	τεταρταῖοι	_	_
2.7	214	[7]	καὶ	_	_
2.7	215	[1]	ἀλλήλων	_	_
2.7	216	[2]	οἱ	_	_
2.7	217	[1]	ὁμοιοειδεῖς	_	_
2.7	218	[2]	ἐπιπλέκονται	_	_
2.7	219	[2]	πολλάκις	_	_
2.7	220	[11]	.	b	_
2.7	221	[1]	ὥστε	_	_
2.7	222	[8]	καὶ	_	_
2.7	223	[1]	τρεῖς	_	_
2.7	224	[1]	ἐνίοτε	_	_
2.7	225	[1]	τεταρταίας	_	_
2.7	226	[1]	περιόδους	_	_
2.7	227	[1]	ὁ	_	_
2.7	228	[1]	αὐτὸς	_	_
2.7	229	[1]	ἄνθρωπος	_	_
2.7	230	[2]	ἴσχει	_	_
2.7	231	[12]	.	b	_
2.7	232	[1]	τούτους	_	_
2.7	233	[5]	μὲν	_	_
2.7	234	[3]	οὖν	_	_
2.7	235	[3]	γνωρίζειν	_	_
2.7	236	[1]	οὐ	_	_
2.7	237	[1]	πάνυ	_	_
2.7	238	[1]	χαλεπόν	_	_
2.7	239	[13]	.	b	_
2.7	240	[2]	ἐνίοτε	_	_
2.7	241	[5]	δὲ	_	_
2.7	242	[4]	τῶν	_	_
2.7	243	[1]	διαλειπόντων	_	_
2.7	244	[2]	τις	_	_
2.7	245	[2]	ἐπιπλέκεται	_	_
2.7	246	[3]	τῷ	_	_
2.7	247	[1]	συνεχεῖ	_	_
2.7	248	[17]	,	b	_
2.7	249	[1]	χαλεπωτάτην	_	_
2.7	250	[4]	τε	_	_
2.7	251	[9]	καὶ	_	_
2.7	252	[1]	δυσθήρατον	_	_
2.7	253	[1]	μίξιν	_	_
2.7	254	[18]	,	b	_
2.7	255	[1]	ὑπὲρ	_	_
2.7	256	[1]	ἧς	_	_
2.7	257	[1]	ἐφεξῆς	_	_
2.7	258	[1]	ἐροῦμεν	_	_
2.7	259	[19]	,	b	_
2.7	260	[4]	ἂν	_	_
2.7	261	[1]	πρότερον	_	_
2.7	262	[1]	ἁπάσας	_	_
2.7	263	[1]	ἐπέλθωμεν	_	_
2.7	264	[1]	ἃς	_	_
2.7	265	[1]	ἐξεθέμεθα	_	_
2.7	266	[1]	διαφοράς	_	_
2.7	267	[14]	.	b	_
2.7	268	[2]	ὁμοίως	_	_
2.7	269	[5]	γὰρ	_	_
2.7	270	[1]	τοῖς	_	_
2.7	271	[1]	πυρετοῖς	_	_
2.7	272	[3]	οἱ	_	_
2.7	273	[1]	πεπονθότες	_	_
2.7	274	[1]	τόποι	_	_
2.7	275	[3]	τὴν	_	_
2.7	276	[2]	μίξιν	_	_
2.7	277	[1]	ἴσχουσιν	_	_
2.7	278	[20]	,	b	_
2.7	279	[6]	ἢ	_	_
2.7	280	[1]	διαφερόντων	_	_
2.7	281	[1]	μορίων	_	_
2.7	282	[21]	,	b	_
2.7	283	[1]	ἴδιον	_	_
2.7	284	[1]	ἑκατέρου	_	_
2.7	285	[1]	πυρετὸν	_	_
2.7	286	[1]	ἐξάπτοντος	_	_
2.7	287	[22]	,	b	_
2.7	288	[3]	οἷον	_	_
2.7	289	[1]	σπληνὸς	_	_
2.7	290	[23]	,	b	_
2.7	291	[1]	εἰ	_	_
2.7	292	[1]	τύχῃ	_	_
2.7	293	[10]	καὶ	_	_
2.7	294	[1]	ἥπατος	_	_
2.7	295	[24]	,	b	_
2.7	296	[7]	ἢ	_	_
2.7	297	[1]	διαθέσεως	_	_
2.7	298	[1]	μικτῆς	_	_
2.7	299	[25]	,	b	_
2.7	300	[4]	οἷον	_	_
2.7	301	[1]	φλεγμονῆς	_	_
2.7	302	[1]	ἐρυσιπελατώδους	_	_
2.7	303	[26]	,	b	_
2.7	304	[8]	ἢ	_	_
2.7	305	[1]	ἐρυσιπέλατος	_	_
2.7	306	[1]	φλεγμονώδους	_	_
2.7	307	[15]	.	b	_
2.7	308	[1]	ἀλλὰ	_	_
2.7	309	[11]	καὶ	_	_
2.7	310	[1]	ταύτας	_	_
2.7	311	[2]	ἁπάσας	_	_
2.7	312	[1]	τὰς	_	_
2.7	313	[1]	μίξεις	_	_
2.7	314	[3]	ἀσκῆσαι	_	_
2.7	315	[2]	χρὴ	_	_
2.7	316	[1]	διαγινώσκειν	_	_
2.7	317	[27]	,	b	_
2.7	318	[1]	ἐπειδὰν	_	_
2.7	319	[1]	ἀκριβῶς	_	_
2.7	320	[2]	τὰς	_	_
2.7	321	[1]	ἁπλῶς	_	_
2.7	322	[1]	αὐτῶν	_	_
2.7	323	[1]	ἰδέας	_	_
2.7	324	[1]	γνωρίζωμεν	_	_
2.7	325	[16]	.	b	_
2.7	326	[1]	ἑτέρα	_	_
2.7	327	[6]	γὰρ	_	_
2.7	328	[1]	ἰδέα	_	_
2.7	329	[1]	περιπνευμονικοῦ	_	_
2.7	330	[12]	καὶ	_	_
2.7	331	[1]	φρενιτικοῦ	_	_
2.7	332	[13]	καὶ	_	_
2.7	333	[1]	πλευριτικοῦ	_	_
2.7	334	[14]	καὶ	_	_
2.7	335	[1]	ἡπατικοῦ	_	_
2.7	336	[3]	πυρετοῦ	_	_
2.7	337	[28]	,	b	_
2.7	338	[2]	κατὰ	_	_
2.7	339	[1]	ταῦτα	_	_
2.7	340	[6]	δὲ	_	_
2.7	341	[15]	καὶ	_	_
2.7	342	[5]	τῶν	_	_
2.7	343	[1]	ἄλλων	_	_
2.7	344	[1]	ἑκάστου	_	_
2.7	345	[6]	τῶν	_	_
2.7	346	[2]	ἐπὶ	_	_
2.7	347	[1]	μορίοις	_	_
2.7	348	[1]	τισὶ	_	_
2.7	349	[1]	φλεγμαίνουσι	_	_
2.7	350	[1]	ἀναπτομένων	_	_
2.7	351	[2]	πυρετῶν	_	_
2.7	352	[17]	.	b	_
2.7	353	[1]	ἕτεραι	_	_
2.7	354	[4]	δ	_	_
2.7	355	[9]	’	b	_
2.7	356	[1]	αὖ	_	_
2.7	357	[1]	πάλιν	_	_
2.7	358	[1]	ἰδέαι	_	_
2.7	359	[7]	τῶν	_	_
2.7	360	[3]	ἐπὶ	_	_
2.7	361	[2]	τοῖς	_	_
2.7	362	[1]	ἐρυσιπέλασι	_	_
2.7	363	[18]	.	b	_
2.7	364	[16]	καὶ	_	_
2.7	365	[1]	ὅ	_	_
2.7	366	[2]	γε	_	_
2.7	367	[1]	κακοήθης	_	_
2.7	368	[1]	καῦσος	_	_
2.7	369	[29]	,	b	_
2.7	370	[9]	ἢ	_	_
2.7	371	[3]	τοῖς	_	_
2.7	372	[2]	τοῦ	_	_
2.7	373	[1]	πνεύμονος	_	_
2.7	374	[30]	,	b	_
2.7	375	[10]	ἢ	_	_
2.7	376	[4]	τοῖς	_	_
2.7	377	[3]	τοῦ	_	_
2.7	378	[2]	ἥπατος	_	_
2.7	379	[31]	,	b	_
2.7	380	[11]	ἢ	_	_
2.7	381	[5]	τοῖς	_	_
2.7	382	[3]	τῆς	_	_
2.7	383	[1]	γαστρὸς	_	_
2.7	384	[1]	ἐρυσιπέλασιν	_	_
2.7	385	[1]	ἐπιγίνεται	_	_
2.7	386	[19]	.	b	_
2.7	387	[1]	διαιρεῖσθαι	_	_
2.7	388	[7]	δὲ	_	_
2.7	389	[3]	χρὴ	_	_
2.7	390	[1]	καθ	_	_
2.7	391	[10]	’	b	_
2.7	392	[1]	ἕκαστον	_	_
2.7	393	[1]	ἄῤῥωστον	_	_
2.7	394	[20]	.	b	_
2.7	395	[2]	πρῶτον	_	_
2.7	396	[6]	μὲν	_	_
2.7	397	[2]	εἰ	_	_
2.7	398	[2]	χωρὶς	_	_
2.7	399	[2]	τόπου	_	_
2.7	400	[3]	πεπονθότος	_	_
2.7	401	[2]	ὁ	_	_
2.7	402	[1]	πυρετὸς	_	_
2.7	403	[4]	ἐπὶ	_	_
2.7	404	[1]	χυμοῖς	_	_
2.7	405	[1]	διασαπεῖσιν	_	_
2.7	406	[32]	,	b	_
2.7	407	[12]	ἢ	_	_
2.7	408	[1]	μόνῳ	_	_
2.7	409	[4]	τῷ	_	_
2.7	410	[1]	πνεύματι	_	_
2.7	411	[1]	τραπέντι	_	_
2.7	412	[21]	.	b	_
2.7	413	[1]	δεύτερον	_	_
2.7	414	[8]	δὲ	_	_
2.7	415	[3]	εἰ	_	_
2.7	416	[2]	μόριόν	_	_
2.7	417	[2]	τι	_	_
2.7	418	[1]	πεπονθὸς	_	_
2.7	419	[1]	αἴτιον	_	_
2.7	420	[1]	ὑπάρχει	_	_
2.7	421	[22]	.	b	_
2.7	422	[17]	καὶ	_	_
2.7	423	[1]	τίς	_	_
2.7	424	[2]	ἡ	_	_
2.7	425	[1]	διάθεσις	_	_
2.7	426	[1]	αὐτοῦ	_	_
2.7	427	[23]	.	b	_
2.7	428	[2]	ἐπειδὰν	_	_
2.7	429	[9]	δὲ	_	_
2.7	430	[2]	ταῦτα	_	_
2.7	431	[2]	διαγινώσκειν	_	_
2.7	432	[1]	ἀσκήσῃς	_	_
2.7	433	[33]	,	b	_
2.7	434	[3]	τὰς	_	_
2.7	435	[2]	μίξεις	_	_
2.7	436	[1]	ἁπασῶν	_	_
2.7	437	[2]	αὐτῶν	_	_
2.7	438	[1]	εὑρήσεις	_	_
2.7	439	[24]	.	b	_
2.8	1	[1]	Ἀρ	_	_
2.8	2	[1]	’	b	_
2.8	3	[1]	οὖν	_	_
2.8	4	[1]	ἀξιώσεις	_	_
2.8	5	[1]	με	_	_
2.8	6	[1]	νῦν	_	_
2.8	7	[1]	,	b	_
2.8	8	[1]	περί	_	_
2.8	9	[1]	τε	_	_
2.8	10	[1]	τῶν	_	_
2.8	11	[1]	πεπονθότων	_	_
2.8	12	[1]	τόπων	_	_
2.8	13	[2]	,	b	_
2.8	14	[1]	ἢ	_	_
2.8	15	[1]	περὶ	_	_
2.8	16	[1]	τῆς	_	_
2.8	17	[2]	τῶν	_	_
2.8	18	[1]	πυρετῶν	_	_
2.8	19	[1]	ἁπάσης	_	_
2.8	20	[1]	συμπλοκῆς	_	_
2.8	21	[1]	διεξέρχεσθαι	_	_
2.8	22	[1]	;	b	_
2.8	23	[1]	καὶ	_	_
2.8	24	[1]	μὴν	_	_
2.8	25	[1]	αὐτὸς	_	_
2.8	26	[1]	αὖ	_	_
2.8	27	[1]	πάλιν	_	_
2.8	28	[1]	ἐγκαλέσεις	_	_
2.8	29	[1]	τῷ	_	_
2.8	30	[1]	μήκει	_	_
2.8	31	[2]	τῆς	_	_
2.8	32	[1]	πραγματείας	_	_
2.8	33	[1]	.	b	_
2.8	34	[1]	θαυμαστὸν	_	_
2.8	35	[1]	γὰρ	_	_
2.8	36	[1]	δὴ	_	_
2.8	37	[2]	καὶ	_	_
2.8	38	[1]	τοῦτο	_	_
2.8	39	[1]	πεπόνθασιν	_	_
2.8	40	[1]	οἱ	_	_
2.8	41	[1]	πολλοὶ	_	_
2.8	42	[3]	τῶν	_	_
2.8	43	[1]	ἀνθρώπων	_	_
2.8	44	[3]	,	b	_
2.8	45	[1]	ὀλίγα	_	_
2.8	46	[2]	τε	_	_
2.8	47	[1]	μανθάνειν	_	_
2.8	48	[1]	ἀξιοῦντες	_	_
2.8	49	[1]	ἅμα	_	_
2.8	50	[4]	,	b	_
2.8	51	[3]	καὶ	_	_
2.8	52	[1]	μηδὲν	_	_
2.8	53	[1]	παραλείπεσθαι	_	_
2.8	54	[2]	.	b	_
2.8	55	[1]	τά	_	_
2.8	56	[1]	γ	_	_
2.8	57	[2]	’	b	_
2.8	58	[2]	οὖν	_	_
2.8	59	[1]	Ἀρχιγένους	_	_
2.8	60	[2]	περὶ	_	_
2.8	61	[3]	τῆς	_	_
2.8	62	[4]	τῶν	_	_
2.8	63	[2]	πυρετῶν	_	_
2.8	64	[1]	σημειώσεων	_	_
2.8	65	[1]	δέκα	_	_
2.8	66	[1]	βιβλία	_	_
2.8	67	[1]	μακρὰ	_	_
2.8	68	[1]	φάσκοντες	_	_
2.8	69	[1]	εἶναι	_	_
2.8	70	[5]	,	b	_
2.8	71	[1]	μόνην	_	_
2.8	72	[1]	ἀναγινώσκειν	_	_
2.8	73	[1]	ἐπιχειροῦσι	_	_
2.8	74	[1]	τὴν	_	_
2.8	75	[1]	ἐπιτομὴν	_	_
2.8	76	[6]	,	b	_
2.8	77	[1]	οὐδὲ	_	_
2.8	78	[1]	ταύτην	_	_
2.8	79	[1]	ἅπαντες	_	_
2.8	80	[7]	,	b	_
2.8	81	[1]	ἀλλ	_	_
2.8	82	[3]	’	b	_
2.8	83	[1]	εἰσὶν	_	_
2.8	84	[1]	οἳ	_	_
2.8	85	[4]	καὶ	_	_
2.8	86	[1]	ταύτης	_	_
2.8	87	[1]	ἔτι	_	_
2.8	88	[1]	βραχύτερόν	_	_
2.8	89	[1]	τι	_	_
2.8	90	[1]	ζητοῦσι	_	_
2.8	91	[3]	.	b	_
2.8	92	[1]	εἰσὶ	_	_
2.8	93	[1]	δὲ	_	_
2.8	94	[2]	οἳ	_	_
2.8	95	[5]	καὶ	_	_
2.8	96	[1]	μέμφονται	_	_
2.8	97	[8]	,	b	_
2.8	98	[1]	διότι	_	_
2.8	99	[1]	βιβλίον	_	_
2.8	100	[1]	ὅλον	_	_
2.8	101	[1]	ἔγραψε	_	_
2.8	102	[3]	περὶ	_	_
2.8	103	[4]	τῆς	_	_
2.8	104	[1]	ἐννοίας	_	_
2.8	105	[1]	τοῦ	_	_
2.8	106	[1]	πυρετοῦ	_	_
2.8	107	[4]	.	b	_
2.8	108	[6]	καὶ	_	_
2.8	109	[1]	τούτῳ	_	_
2.8	110	[1]	μὲν	_	_
2.8	111	[1]	ἐντυχεῖν	_	_
2.8	112	[1]	οὐχ	_	_
2.8	113	[1]	ὑπομένουσιν	_	_
2.8	114	[9]	,	b	_
2.8	115	[2]	οὐδὲ	_	_
2.8	116	[1]	πεισθῆναί	_	_
2.8	117	[3]	τε	_	_
2.8	118	[7]	καὶ	_	_
2.8	119	[1]	μαθεῖν	_	_
2.8	120	[1]	ὅσον	_	_
2.8	121	[1]	Ἐρασίστρατος	_	_
2.8	122	[1]	ἐσφάλη	_	_
2.8	123	[4]	περὶ	_	_
2.8	124	[5]	τῆς	_	_
2.8	125	[2]	ἐννοίας	_	_
2.8	126	[2]	τοῦ	_	_
2.8	127	[2]	πυρετοῦ	_	_
2.8	128	[10]	,	b	_
2.8	129	[1]	κελεύσαντες	_	_
2.8	130	[1]	δέ	_	_
2.8	131	[2]	τι	_	_
2.8	132	[5]	περὶ	_	_
2.8	133	[5]	τῶν	_	_
2.8	134	[3]	πυρετῶν	_	_
2.8	135	[1]	αὐτοῖς	_	_
2.8	136	[1]	ῥηθῆναι	_	_
2.8	137	[11]	,	b	_
2.8	138	[2]	τὴν	_	_
2.8	139	[1]	πρώτην	_	_
2.8	140	[1]	εὐθὺς	_	_
2.8	141	[1]	οὐ	_	_
2.8	142	[1]	συγχωροῦσι	_	_
2.8	143	[1]	διαφοράν	_	_
2.8	144	[12]	,	b	_
2.8	145	[1]	ὡς	_	_
2.8	146	[2]	οἱ	_	_
2.8	147	[2]	μὲν	_	_
2.8	148	[1]	ἐπὶ	_	_
2.8	149	[1]	τόποις	_	_
2.8	150	[1]	πεπονθόσι	_	_
2.8	151	[13]	,	b	_
2.8	152	[3]	οἱ	_	_
2.8	153	[2]	δὲ	_	_
2.8	154	[1]	ἄνευ	_	_
2.8	155	[1]	τούτων	_	_
2.8	156	[1]	συνίστανται	_	_
2.8	157	[5]	.	b	_
2.8	158	[1]	ταὐτὸ	_	_
2.8	159	[2]	δὴ	_	_
2.8	160	[2]	τοῦτο	_	_
2.8	161	[8]	καὶ	_	_
2.8	162	[6]	περὶ	_	_
2.8	163	[1]	κρίσεων	_	_
2.8	164	[1]	πεπόνθασι	_	_
2.8	165	[14]	,	b	_
2.8	166	[1]	ἐγκαλοῦντες	_	_
2.8	167	[3]	μὲν	_	_
2.8	168	[2]	ἐπὶ	_	_
2.8	169	[1]	τοῖς	_	_
2.8	170	[1]	παραλελειμμένοις	_	_
2.8	171	[15]	,	b	_
2.8	172	[1]	μεμφόμενοι	_	_
2.8	173	[3]	δὲ	_	_
2.8	174	[2]	τῷ	_	_
2.8	175	[2]	μήκει	_	_
2.8	176	[6]	τῶν	_	_
2.8	177	[1]	εἰρημένων	_	_
2.8	178	[16]	,	b	_
2.8	179	[1]	καίτοι	_	_
2.8	180	[3]	τοῦ	_	_
2.8	181	[1]	μήκους	_	_
2.8	182	[1]	ᾧ	_	_
2.8	183	[2]	μέμφονται	_	_
2.8	184	[17]	,	b	_
2.8	185	[1]	διττοῦ	_	_
2.8	186	[3]	τὴν	_	_
2.8	187	[1]	φύσιν	_	_
2.8	188	[1]	ὑπάρχοντος	_	_
2.8	189	[18]	,	b	_
2.8	190	[2]	ὡς	_	_
2.8	191	[1]	ἐγὼ	_	_
2.8	192	[2]	νῦν	_	_
2.8	193	[1]	διαιρήσομαι	_	_
2.8	194	[6]	.	b	_
2.8	195	[9]	καὶ	_	_
2.8	196	[1]	ταῦτ	_	_
2.8	197	[4]	’	b	_
2.8	198	[1]	ἄμφω	_	_
2.8	199	[1]	ψέγουσι	_	_
2.8	200	[10]	καὶ	_	_
2.8	201	[1]	μᾶλλον	_	_
2.8	202	[1]	αὐτῶν	_	_
2.8	203	[2]	ἔτι	_	_
2.8	204	[4]	τὴν	_	_
2.8	205	[1]	βραχυλογίαν	_	_
2.8	206	[19]	,	b	_
2.8	207	[2]	ταύτην	_	_
2.8	208	[4]	μὲν	_	_
2.8	209	[3]	ὡς	_	_
2.8	210	[1]	ἤτοι	_	_
2.8	211	[1]	παραλείπουσάν	_	_
2.8	212	[1]	τινα	_	_
2.8	213	[7]	τῶν	_	_
2.8	214	[1]	ἀναγκαίων	_	_
2.8	215	[20]	,	b	_
2.8	216	[2]	ἢ	_	_
2.8	217	[1]	πάντως	_	_
2.8	218	[1]	γε	_	_
2.8	219	[1]	μὴ	_	_
2.8	220	[1]	σαφῶς	_	_
2.8	221	[1]	ἐκδιδάσκουσαν	_	_
2.8	222	[7]	.	b	_
2.8	223	[4]	τοῦ	_	_
2.8	224	[4]	δὲ	_	_
2.8	225	[2]	μήκους	_	_
2.8	226	[21]	,	b	_
2.8	227	[5]	τοῦ	_	_
2.8	228	[5]	μὲν	_	_
2.8	229	[1]	ἅπαντα	_	_
2.8	230	[1]	ἐκδιδάσκοντος	_	_
2.8	231	[1]	τὰ	_	_
2.8	232	[1]	χρήσιμα	_	_
2.8	233	[22]	,	b	_
2.8	234	[1]	μετὰ	_	_
2.8	235	[6]	τοῦ	_	_
2.8	236	[1]	διαβάλλειν	_	_
2.8	237	[2]	τὰ	_	_
2.8	238	[1]	ψευδῶς	_	_
2.8	239	[1]	τισιν	_	_
2.8	240	[1]	ὑπειλημμένα	_	_
2.8	241	[23]	,	b	_
2.8	242	[1]	λῆρον	_	_
2.8	243	[1]	εἶναί	_	_
2.8	244	[1]	﻿	_	_
2.8	245	[1]	φασι	_	_
2.8	246	[1]	μακρόν	_	_
2.8	247	[8]	.	b	_
2.8	248	[11]	καὶ	_	_
2.8	249	[1]	τοὺς	_	_
2.8	250	[1]	αὐτὰ	_	_
2.8	251	[1]	μόνα	_	_
2.8	252	[3]	τὰ	_	_
2.8	253	[2]	χρήσιμα	_	_
2.8	254	[1]	ἐκδιδάσκοντας	_	_
2.8	255	[1]	ἐπαινοῦσι	_	_
2.8	256	[9]	.	b	_
2.8	257	[2]	τοῖς	_	_
2.8	258	[1]	δ	_	_
2.8	259	[5]	’	b	_
2.8	260	[2]	αὖ	_	_
2.8	261	[2]	πάλιν	_	_
2.8	262	[1]	ἐκεῖνα	_	_
2.8	263	[2]	μόνα	_	_
2.8	264	[1]	λέγουσιν	_	_
2.8	265	[1]	ἀντιπροτείνουσι	_	_
2.8	266	[4]	τὰ	_	_
2.8	267	[8]	τῶν	_	_
2.8	268	[1]	ἑτεροδόξων	_	_
2.8	269	[24]	,	b	_
2.8	270	[12]	καὶ	_	_
2.8	271	[3]	μέμφονται	_	_
2.8	272	[6]	τῆς	_	_
2.8	273	[1]	προπετείας	_	_
2.8	274	[25]	,	b	_
2.8	275	[1]	εἰ	_	_
2.8	276	[1]	χωρὶς	_	_
2.8	277	[1]	ἀποδείξεως	_	_
2.8	278	[1]	ἀξιοῦσι	_	_
2.8	279	[1]	ἁπλῶς	_	_
2.8	280	[1]	ἀποφῃνάμενον	_	_
2.8	281	[1]	πιστεύεσθαι	_	_
2.8	282	[10]	.	b	_
2.8	283	[1]	οὐκ	_	_
2.8	284	[1]	ἀνέχονται	_	_
2.8	285	[5]	δὲ	_	_
2.8	286	[3]	οὐδὲ	_	_
2.8	287	[9]	τῶν	_	_
2.8	288	[2]	αὐτὰ	_	_
2.8	289	[5]	τὰ	_	_
2.8	290	[3]	χρήσιμα	_	_
2.8	291	[1]	πλατύτερον	_	_
2.8	292	[1]	ἐκδιδασκόντων	_	_
2.8	293	[11]	.	b	_
2.8	294	[1]	ὥστ	_	_
2.8	295	[6]	’	b	_
2.8	296	[1]	οὐδὲν	_	_
2.8	297	[2]	θαυμαστὸν	_	_
2.8	298	[2]	εἰ	_	_
2.8	299	[1]	κἀν	_	_
2.8	300	[3]	τοῖς	_	_
2.8	301	[7]	περὶ	_	_
2.8	302	[2]	κρίσεων	_	_
2.8	303	[1]	λόγοις	_	_
2.8	304	[1]	ὁμοίως	_	_
2.8	305	[1]	ἐγκαλέσουσι	_	_
2.8	306	[26]	,	b	_
2.8	307	[5]	τὴν	_	_
2.8	308	[6]	μὲν	_	_
2.8	309	[2]	βραχυλογίαν	_	_
2.8	310	[1]	ψέγοντες	_	_
2.8	311	[27]	,	b	_
2.8	312	[4]	ὡς	_	_
2.8	313	[1]	ἀσαφῆ	_	_
2.8	314	[4]	τε	_	_
2.8	315	[2]	ἅμα	_	_
2.8	316	[13]	καὶ	_	_
2.8	317	[1]	πολλὰ	_	_
2.8	318	[1]	παραλείπουσαν	_	_
2.8	319	[28]	,	b	_
2.8	320	[1]	ἀκούειν	_	_
2.8	321	[6]	δὲ	_	_
2.8	322	[1]	πλειόνων	_	_
2.8	323	[2]	οὐχ	_	_
2.8	324	[1]	ὑπομένοντες	_	_
2.8	325	[29]	,	b	_
2.8	326	[3]	ἔτι	_	_
2.8	327	[5]	τε	_	_
2.8	328	[1]	προσεγκαλοῦντες	_	_
2.8	329	[1]	ἃ	_	_
2.8	330	[1]	μικρὸν	_	_
2.8	331	[1]	πρόσθεν	_	_
2.8	332	[1]	εἴρηται	_	_
2.8	333	[12]	.	b	_
2.8	334	[14]	καὶ	_	_
2.8	335	[2]	γὰρ	_	_
2.8	336	[3]	δὴ	_	_
2.8	337	[15]	καὶ	_	_
2.8	338	[8]	περὶ	_	_
2.8	339	[2]	τόπων	_	_
2.8	340	[2]	πεπονθότων	_	_
2.8	341	[1]	Ἀρχιγένει	_	_
2.8	342	[1]	γέγραπται	_	_
2.8	343	[2]	βιβλία	_	_
2.8	344	[1]	τρία	_	_
2.8	345	[30]	,	b	_
2.8	346	[1]	πάντων	_	_
2.8	347	[10]	τῶν	_	_
2.8	348	[1]	ἔμπροσθεν	_	_
2.8	349	[1]	εἰς	_	_
2.8	350	[6]	τὴν	_	_
2.8	351	[1]	αὐτὴν	_	_
2.8	352	[1]	πραγματείαν	_	_
2.8	353	[1]	γεγραμμένων	_	_
2.8	354	[1]	ἄριστα	_	_
2.8	355	[13]	.	b	_
2.8	356	[2]	ταῦτ	_	_
2.8	357	[7]	’	b	_
2.8	358	[3]	οὖν	_	_
2.8	359	[2]	ἅπαντα	_	_
2.8	360	[3]	εἰ	_	_
2.8	361	[1]	μεταφέρειν	_	_
2.8	362	[2]	εἰς	_	_
2.8	363	[1]	τόνδε	_	_
2.8	364	[1]	τὸν	_	_
2.8	365	[1]	λόγον	_	_
2.8	366	[1]	ἐπιχειρήσαιμι	_	_
2.8	367	[31]	,	b	_
2.8	368	[16]	καὶ	_	_
2.8	369	[1]	τούτοις	_	_
2.8	370	[4]	ἔτι	_	_
2.8	371	[1]	προσθεῖναι	_	_
2.8	372	[6]	τὰ	_	_
2.8	373	[1]	ὑφ	_	_
2.8	374	[8]	’	b	_
2.8	375	[1]	ἡμῶν	_	_
2.8	376	[1]	εὑρημένα	_	_
2.8	377	[32]	,	b	_
2.8	378	[1]	μέμψονται	_	_
2.8	379	[3]	τῷ	_	_
2.8	380	[3]	μήκει	_	_
2.8	381	[7]	τῆς	_	_
2.8	382	[2]	πραγματείας	_	_
2.8	383	[14]	.	b	_
2.8	384	[17]	καὶ	_	_
2.8	385	[7]	μὲν	_	_
2.8	386	[4]	δὴ	_	_
2.8	387	[18]	καὶ	_	_
2.8	388	[7]	τὰ	_	_
2.8	389	[9]	περὶ	_	_
2.8	390	[8]	τῆς	_	_
2.8	391	[11]	τῶν	_	_
2.8	392	[4]	πυρετῶν	_	_
2.8	393	[1]	διαφορᾶς	_	_
2.8	394	[33]	,	b	_
2.8	395	[4]	εἰ	_	_
2.8	396	[1]	πάντα	_	_
2.8	397	[1]	κατὰ	_	_
2.8	398	[2]	τόνδε	_	_
2.8	399	[2]	τὸν	_	_
2.8	400	[2]	λόγον	_	_
2.8	401	[1]	ἐπεξίοιμι	_	_
2.8	402	[34]	,	b	_
2.8	403	[1]	πολὺ	_	_
2.8	404	[5]	δὴ	_	_
2.8	405	[2]	μᾶλλον	_	_
2.8	406	[5]	ἔτι	_	_
2.8	407	[1]	μηκύνειν	_	_
2.8	408	[2]	αὐτοῖς	_	_
2.8	409	[1]	δόξω	_	_
2.8	410	[15]	.	b	_
2.8	411	[1]	τὸ	_	_
2.8	412	[8]	μὲν	_	_
2.8	413	[4]	οὖν	_	_
2.8	414	[1]	δύνασθαι	_	_
2.8	415	[1]	διαφυγεῖν	_	_
2.8	416	[1]	ἐπήρειαν	_	_
2.8	417	[1]	γράμμα	_	_
2.8	418	[2]	μηδὲν	_	_
2.8	419	[1]	οὕτως	_	_
2.8	420	[1]	ἦν	_	_
2.8	421	[1]	παλαιὸν	_	_
2.8	422	[35]	,	b	_
2.8	423	[1]	ὥστε	_	_
2.8	424	[19]	καὶ	_	_
2.8	425	[1]	Πλάτων	_	_
2.8	426	[1]	αὐτοῦ	_	_
2.8	427	[1]	μέμνηται	_	_
2.8	428	[16]	.	b	_
2.8	429	[2]	τὸ	_	_
2.8	430	[2]	δ	_	_
2.8	431	[9]	’	b	_
2.8	432	[1]	οὕτω	_	_
2.8	433	[2]	τούτων	_	_
2.8	434	[1]	ἐχόντων	_	_
2.8	435	[1]	ἐκλέγεσθαι	_	_
2.8	436	[1]	μέσον	_	_
2.8	437	[1]	εἶδος	_	_
2.8	438	[1]	λόγων	_	_
2.8	439	[36]	,	b	_
2.8	440	[1]	ἄριστον	_	_
2.8	441	[2]	εἶναί	_	_
2.8	442	[1]	μοι	_	_
2.8	443	[1]	φαίνεται	_	_
2.8	444	[17]	.	b	_
2.8	445	[1]	τί	_	_
2.8	446	[7]	δὲ	_	_
2.8	447	[3]	τὸ	_	_
2.8	448	[2]	μέσον	_	_
2.8	449	[1]	ἐστὶν	_	_
2.8	450	[37]	,	b	_
2.8	451	[1]	οὗπερ	_	_
2.8	452	[2]	ἐγὼ	_	_
2.8	453	[3]	νῦν	_	_
2.8	454	[1]	ἔχεσθαί	_	_
2.8	455	[2]	μοι	_	_
2.8	456	[1]	δοκῶ	_	_
2.8	457	[18]	.	b	_
2.8	458	[1]	δεικνὺς	_	_
2.8	459	[9]	μὲν	_	_
2.8	460	[2]	ἃ	_	_
2.8	461	[1]	χρὴ	_	_
2.8	462	[1]	γινώσκειν	_	_
2.8	463	[1]	ἐξ	_	_
2.8	464	[1]	ἀνάγκης	_	_
2.8	465	[3]	τὸν	_	_
2.8	466	[1]	μέλλοντα	_	_
2.8	467	[1]	καλῶς	_	_
2.8	468	[1]	προγνώσεσθαι	_	_
2.8	469	[1]	λύσιν	_	_
2.8	470	[1]	νοσήματος	_	_
2.8	471	[38]	,	b	_
2.8	472	[1]	ὁποία	_	_
2.8	473	[1]	τέ	_	_
2.8	474	[1]	τις	_	_
2.8	475	[1]	ἔσοιτο	_	_
2.8	476	[20]	καὶ	_	_
2.8	477	[1]	καθ	_	_
2.8	478	[10]	’	b	_
2.8	479	[1]	ὅντινα	_	_
2.8	480	[1]	χρόνον	_	_
2.8	481	[19]	.	b	_
2.8	482	[3]	οὐχ	_	_
2.8	483	[3]	ἅπαντα	_	_
2.8	484	[3]	δ	_	_
2.8	485	[11]	’	b	_
2.8	486	[3]	αὐτὰ	_	_
2.8	487	[4]	νῦν	_	_
2.8	488	[1]	ἐπεξερχόμενος	_	_
2.8	489	[39]	,	b	_
2.8	490	[2]	ἀλλ	_	_
2.8	491	[12]	’	b	_
2.8	492	[1]	ὅσα	_	_
2.8	493	[1]	ἀσαφῶς	_	_
2.8	494	[2]	εἴρηται	_	_
2.8	495	[4]	τοῖς	_	_
2.8	496	[2]	ἔμπροσθεν	_	_
2.8	497	[1]	ἐξηγούμενος	_	_
2.8	498	[20]	.	b	_
2.8	499	[2]	ὅσα	_	_
2.8	500	[8]	δὲ	_	_
2.8	501	[1]	παραλέλειπται	_	_
2.8	502	[40]	,	b	_
2.8	503	[1]	προστιθείς	_	_
2.8	504	[21]	.	b	_
2.8	505	[4]	τὸ	_	_
2.8	506	[4]	δ	_	_
2.8	507	[13]	’	b	_
2.8	508	[2]	ἤτοι	_	_
2.8	509	[8]	τὰ	_	_
2.8	510	[2]	καλῶς	_	_
2.8	511	[1]	θ	_	_
2.8	512	[14]	’	b	_
2.8	513	[3]	ἅμα	_	_
2.8	514	[21]	καὶ	_	_
2.8	515	[2]	σαφῶς	_	_
2.8	516	[1]	εἰρημένα	_	_
2.8	517	[1]	μεταγράφειν	_	_
2.8	518	[41]	,	b	_
2.8	519	[3]	ἢ	_	_
2.8	520	[5]	τοῖς	_	_
2.8	521	[2]	ψευδῶς	_	_
2.8	522	[1]	εἰρημένοις	_	_
2.8	523	[1]	ἀντιλέγειν	_	_
2.8	524	[42]	,	b	_
2.8	525	[5]	ὡς	_	_
2.8	526	[3]	εἰς	_	_
2.8	527	[1]	μακρολογίαν	_	_
2.8	528	[1]	ἀπάγον	_	_
2.8	529	[43]	,	b	_
2.8	530	[1]	ἐφυλαξάμην	_	_
2.8	531	[22]	.	b	_
2.8	532	[1]	ἐπεὶ	_	_
2.8	533	[1]	τοίνυν	_	_
2.8	534	[1]	ἀποδέδεικται	_	_
2.8	535	[10]	μὲν	_	_
2.8	536	[1]	ἐν	_	_
2.8	537	[4]	τῷ	_	_
2.8	538	[1]	πρώτῳ	_	_
2.8	539	[1]	λόγῳ	_	_
2.8	540	[12]	τῶν	_	_
2.8	541	[1]	Ἱπποκράτους	_	_
2.8	542	[1]	ἀφορισμῶν	_	_
2.8	543	[2]	ἡμῶν	_	_
2.8	544	[1]	ἐξηγουμένων	_	_
2.8	545	[44]	,	b	_
2.8	546	[6]	ὡς	_	_
2.8	547	[22]	καὶ	_	_
2.8	548	[2]	ἐξ	_	_
2.8	549	[1]	αὐτῆς	_	_
2.8	550	[7]	τοῦ	_	_
2.8	551	[2]	νοσήματος	_	_
2.8	552	[9]	τῆς	_	_
2.8	553	[1]	φύσεως	_	_
2.8	554	[45]	,	b	_
2.8	555	[2]	οὐ	_	_
2.8	556	[1]	σμικρὰν	_	_
2.8	557	[1]	πρόγνωσιν	_	_
2.8	558	[1]	ἔνεστιν	_	_
2.8	559	[1]	λαβεῖν	_	_
2.8	560	[4]	εἰς	_	_
2.8	561	[9]	τὰ	_	_
2.8	562	[2]	μέλλοντα	_	_
2.8	563	[46]	,	b	_
2.8	564	[3]	θαυμαστὸν	_	_
2.8	565	[2]	εἶναι	_	_
2.8	566	[1]	δοκεῖ	_	_
2.8	567	[6]	τοῖς	_	_
2.8	568	[1]	πολλοῖς	_	_
2.8	569	[47]	,	b	_
2.8	570	[5]	εἰ	_	_
2.8	571	[23]	καὶ	_	_
2.8	572	[2]	κατὰ	_	_
2.8	573	[7]	τὴν	_	_
2.8	574	[2]	πρώτην	_	_
2.8	575	[1]	ἡμέραν	_	_
2.8	576	[1]	εἴσεταί	_	_
2.8	577	[2]	τις	_	_
2.8	578	[10]	τῆς	_	_
2.8	579	[1]	νόσου	_	_
2.8	580	[8]	τὴν	_	_
2.8	581	[1]	ἰδέαν	_	_
2.8	582	[48]	,	b	_
2.8	583	[1]	ἐπειράθημεν	_	_
2.8	584	[1]	ἐπιδεῖξαι	_	_
2.8	585	[4]	θαυμαστὸν	_	_
2.8	586	[11]	μὲν	_	_
2.8	587	[1]	ἴσως	_	_
2.8	588	[1]	ὑπάρχον	_	_
2.8	589	[49]	,	b	_
2.8	590	[3]	οὐ	_	_
2.8	591	[2]	μὴν	_	_
2.8	592	[24]	καὶ	_	_
2.8	593	[1]	ἀδύνατόν	_	_
2.8	594	[2]	γε	_	_
2.8	595	[23]	.	b	_
2.8	596	[25]	καὶ	_	_
2.8	597	[9]	τὴν	_	_
2.8	598	[1]	ὁδὸν	_	_
2.8	599	[50]	,	b	_
2.8	600	[1]	ᾗ	_	_
2.8	601	[2]	χρὴ	_	_
2.8	602	[3]	τοῦτο	_	_
2.8	603	[1]	ποιεῖν	_	_
2.8	604	[1]	ἐδιδάξαμεν	_	_
2.8	605	[1]	·	b	_
2.8	606	[1]	ἐνταῦθα	_	_
2.8	607	[1]	ἐπισχεῖν	_	_
2.8	608	[1]	ἔδοξέ	_	_
2.8	609	[3]	μοι	_	_
2.8	610	[5]	τὸ	_	_
2.8	611	[1]	μῆκος	_	_
2.8	612	[8]	τοῦ	_	_
2.8	613	[1]	λόγου	_	_
2.8	614	[51]	,	b	_
2.8	615	[26]	καὶ	_	_
2.8	616	[1]	γυμνάσασθαι	_	_
2.8	617	[1]	κελεῦσαι	_	_
2.8	618	[4]	τὸν	_	_
2.8	619	[1]	ἀκριβῶς	_	_
2.8	620	[1]	ἐκμαθεῖν	_	_
2.8	621	[10]	τὰ	_	_
2.8	622	[1]	τοιαῦτα	_	_
2.8	623	[1]	προῃρημένον	_	_
2.8	624	[2]	ἐν	_	_
2.8	625	[7]	τοῖς	_	_
2.8	626	[2]	Ἀρχιγένους	_	_
2.8	627	[1]	ὑπομνήμασι	_	_
2.8	628	[2]	περί	_	_
2.8	629	[6]	τε	_	_
2.8	630	[3]	τόπων	_	_
2.8	631	[3]	πεπονθότων	_	_
2.8	632	[52]	,	b	_
2.8	633	[27]	καὶ	_	_
2.8	634	[1]	μέντοι	_	_
2.8	635	[28]	καὶ	_	_
2.8	636	[10]	περὶ	_	_
2.8	637	[5]	πυρετῶν	_	_
2.8	638	[1]	σημειώσεως	_	_
2.8	639	[53]	,	b	_
2.8	640	[6]	ἔτι	_	_
2.8	641	[7]	τε	_	_
2.8	642	[1]	πρὸς	_	_
2.8	643	[2]	τούτοις	_	_
2.8	644	[11]	περὶ	_	_
2.8	645	[1]	τύπων	_	_
2.8	646	[24]	.	b	_
2.8	647	[2]	ἴσως	_	_
2.8	648	[12]	μὲν	_	_
2.8	649	[3]	γὰρ	_	_
2.8	650	[29]	καὶ	_	_
2.8	651	[1]	ἡμεῖς	_	_
2.8	652	[5]	εἰς	_	_
2.8	653	[2]	τοὺς	_	_
2.8	654	[1]	αὐτούς	_	_
2.8	655	[1]	ποτε	_	_
2.8	656	[1]	τύπους	_	_
2.8	657	[1]	γράψομεν	_	_
2.8	658	[54]	,	b	_
2.8	659	[1]	ἵνα	_	_
2.8	660	[2]	τά	_	_
2.8	661	[8]	τε	_	_
2.8	662	[1]	προσεξευρημένα	_	_
2.8	663	[1]	διέλθωμεν	_	_
2.8	664	[55]	,	b	_
2.8	665	[1]	ἀφέλωμέν	_	_
2.8	666	[2]	τέ	_	_
2.8	667	[2]	τινα	_	_
2.8	668	[13]	τῶν	_	_
2.8	669	[1]	ὑπ	_	_
2.8	670	[15]	’	b	_
2.8	671	[3]	Ἀρχιγένους	_	_
2.8	672	[2]	οὐκ	_	_
2.8	673	[1]	ὀρθῶς	_	_
2.8	674	[2]	εἰρημένων	_	_
2.8	675	[56]	,	b	_
2.8	676	[1]	ἅπαντά	_	_
2.8	677	[9]	τε	_	_
2.8	678	[3]	σαφῶς	_	_
2.8	679	[1]	ἑρμηνεύσωμεν	_	_
2.8	680	[25]	.	b	_
2.8	681	[3]	ἀλλ	_	_
2.8	682	[16]	’	b	_
2.8	683	[1]	ἔν	_	_
2.8	684	[3]	γε	_	_
2.8	685	[1]	τῶ	_	_
2.8	686	[1]	παρόντι	_	_
2.8	687	[1]	δι	_	_
2.8	688	[17]	’	b	_
2.8	689	[1]	ἐκείνων	_	_
2.8	690	[1]	ἀσκεῖσθαι	_	_
2.8	691	[1]	προσήκει	_	_
2.8	692	[26]	.	b	_
2.9	1	[1]	Πάλιν	_	_
2.9	2	[1]	οὖν	_	_
2.9	3	[1]	ἀναλαβόντες	_	_
2.9	4	[1]	ὅσον	_	_
2.9	5	[1]	ἐστὶν	_	_
2.9	6	[1]	οἰκεῖον	_	_
2.9	7	[1]	τῆσδε	_	_
2.9	8	[1]	τῆς	_	_
2.9	9	[1]	πραγματείας	_	_
2.9	10	[1]	,	b	_
2.9	11	[1]	ἐπέλθωμεν	_	_
2.9	12	[1]	.	b	_
2.9	13	[2]	οἰκεῖον	_	_
2.9	14	[1]	δ	_	_
2.9	15	[1]	’	b	_
2.9	16	[2]	ἐστὶν	_	_
2.9	17	[2]	,	b	_
2.9	18	[1]	ὁδὸν	_	_
2.9	19	[2]	τῆς	_	_
2.9	20	[1]	ἀσκήσεως	_	_
2.9	21	[1]	δοῦναι	_	_
2.9	22	[1]	περὶ	_	_
2.9	23	[1]	τῶν	_	_
2.9	24	[1]	συνθέτων	_	_
2.9	25	[1]	νοσημάτων	_	_
2.9	26	[1]	τοιαύτην	_	_
2.9	27	[3]	,	b	_
2.9	28	[1]	οἵαν	_	_
2.9	29	[1]	ὀλίγον	_	_
2.9	30	[1]	ἔμπροσθεν	_	_
2.9	31	[1]	ὑπὲρ	_	_
2.9	32	[2]	τῶν	_	_
2.9	33	[1]	ἁπλῶν	_	_
2.9	34	[1]	ἐποιησάμεθα	_	_
2.9	35	[2]	.	b	_
2.9	36	[1]	τοὺς	_	_
2.9	37	[1]	μὲν	_	_
2.9	38	[1]	γὰρ	_	_
2.9	39	[1]	ἀκριβεῖς	_	_
2.9	40	[1]	πυρετοὺς	_	_
2.9	41	[4]	,	b	_
2.9	42	[1]	εἴτε	_	_
2.9	43	[1]	διαλείποντες	_	_
2.9	44	[1]	εἶεν	_	_
2.9	45	[2]	εἴτε	_	_
2.9	46	[1]	συνεχεῖς	_	_
2.9	47	[5]	,	b	_
2.9	48	[1]	εὐθὺς	_	_
2.9	49	[1]	κατ	_	_
2.9	50	[2]	’	b	_
2.9	51	[1]	ἀρχὰς	_	_
2.9	52	[1]	ἔνεστι	_	_
2.9	53	[1]	γνωρίζειν	_	_
2.9	54	[3]	.	b	_
2.9	55	[1]	ὅσοι	_	_
2.9	56	[2]	δ	_	_
2.9	57	[3]	’	b	_
2.9	58	[1]	ἐπιμιξίαις	_	_
2.9	59	[1]	ἑτέρων	_	_
2.9	60	[1]	ποικίλλονται	_	_
2.9	61	[1]	καὶ	_	_
2.9	62	[1]	νοθεύονται	_	_
2.9	63	[6]	,	b	_
2.9	64	[1]	χαλεπὸν	_	_
2.9	65	[2]	μὲν	_	_
2.9	66	[1]	ἐν	_	_
2.9	67	[1]	τῇ	_	_
2.9	68	[1]	πρώτῃ	_	_
2.9	69	[3]	τῶν	_	_
2.9	70	[1]	ἡμερῶν	_	_
2.9	71	[7]	,	b	_
2.9	72	[1]	οὐ	_	_
2.9	73	[1]	μὴν	_	_
2.9	74	[1]	ἀδύνατόν	_	_
2.9	75	[1]	γε	_	_
2.9	76	[1]	διαγινώσκειν	_	_
2.9	77	[1]	ἐστὶ	_	_
2.9	78	[8]	,	b	_
2.9	79	[2]	τοὺς	_	_
2.9	80	[1]	πλείστους	_	_
2.9	81	[1]	μέντοι	_	_
2.9	82	[1]	κατὰ	_	_
2.9	83	[1]	τὴν	_	_
2.9	84	[1]	δευτέραν	_	_
2.9	85	[9]	,	b	_
2.9	86	[1]	ἢ	_	_
2.9	87	[1]	πάντως	_	_
2.9	88	[2]	γε	_	_
2.9	89	[2]	τὴν	_	_
2.9	90	[1]	τετάρτην	_	_
2.9	91	[1]	ἀκριβῶς	_	_
2.9	92	[1]	ἐξευρεῖν	_	_
2.9	93	[1]	ἐγχωρεῖ	_	_
2.9	94	[4]	.	b	_
2.9	95	[1]	οὐδὲν	_	_
2.9	96	[1]	γάρ	_	_
2.9	97	[1]	ἐστιν	_	_
2.9	98	[1]	οὔτε	_	_
2.9	99	[1]	γένος	_	_
2.9	100	[1]	οὔτ	_	_
2.9	101	[4]	’	b	_
2.9	102	[1]	εἶδος	_	_
2.9	103	[1]	νοσήματος	_	_
2.9	104	[10]	,	b	_
2.9	105	[1]	ὃ	_	_
2.9	106	[1]	μὴ	_	_
2.9	107	[2]	περὶ	_	_
2.9	108	[3]	τὴν	_	_
2.9	109	[1]	τρίτην	_	_
2.9	110	[1]	ἡμέραν	_	_
2.9	111	[11]	,	b	_
2.9	112	[2]	ἢ	_	_
2.9	113	[4]	τὴν	_	_
2.9	114	[2]	τετάρτην	_	_
2.9	115	[1]	ἐναργῶς	_	_
2.9	116	[1]	ἔσται	_	_
2.9	117	[1]	δῆλον	_	_
2.9	118	[1]	ἧς	_	_
2.9	119	[1]	τινος	_	_
2.9	120	[1]	ἔχεται	_	_
2.9	121	[1]	φύσεως	_	_
2.9	122	[5]	.	b	_
2.9	123	[1]	εἰσβαλλέτω	_	_
2.9	124	[2]	γάρ	_	_
2.9	125	[1]	τις	_	_
2.9	126	[1]	πυρετὸς	_	_
2.9	127	[1]	φρικώδης	_	_
2.9	128	[1]	τε	_	_
2.9	129	[1]	ἅμα	_	_
2.9	130	[2]	καὶ	_	_
2.9	131	[1]	παντοίως	_	_
2.9	132	[1]	ἀνώμαλος	_	_
2.9	133	[1]	ἔν	_	_
2.9	134	[2]	τε	_	_
2.9	135	[1]	τοῖς	_	_
2.9	136	[1]	σφυγμοῖς	_	_
2.9	137	[3]	καὶ	_	_
2.9	138	[2]	τῇ	_	_
2.9	139	[1]	καθ	_	_
2.9	140	[5]	’	b	_
2.9	141	[1]	ὅλον	_	_
2.9	142	[1]	τὸ	_	_
2.9	143	[1]	σῶμα	_	_
2.9	144	[1]	θερμασίᾳ	_	_
2.9	145	[12]	,	b	_
2.9	146	[1]	ὡς	_	_
2.9	147	[1]	πολλάκις	_	_
2.9	148	[1]	ἐγγὺς	_	_
2.9	149	[1]	ἀκμῆς	_	_
2.9	150	[1]	εἶναι	_	_
2.9	151	[1]	νομιζόμενος	_	_
2.9	152	[13]	,	b	_
2.9	153	[3]	ἢ	_	_
2.9	154	[4]	καὶ	_	_
2.9	155	[1]	τὰ	_	_
2.9	156	[1]	μέσα	_	_
2.9	157	[3]	τῆς	_	_
2.9	158	[1]	ἀναβάσεως	_	_
2.9	159	[1]	ἐπέχειν	_	_
2.9	160	[6]	.	b	_
2.9	161	[1]	αὖθις	_	_
2.9	162	[3]	δ	_	_
2.9	163	[6]	’	b	_
2.9	164	[1]	ἐπιγίνεσθαι	_	_
2.9	165	[2]	φρικώδης	_	_
2.9	166	[5]	καὶ	_	_
2.9	167	[3]	τοὺς	_	_
2.9	168	[1]	σφυγμοὺς	_	_
2.9	169	[1]	μικροτέρους	_	_
2.9	170	[3]	τε	_	_
2.9	171	[6]	καὶ	_	_
2.9	172	[1]	ἀμυδροτέρους	_	_
2.9	173	[7]	καὶ	_	_
2.9	174	[1]	βραδυτέρους	_	_
2.9	175	[8]	καὶ	_	_
2.9	176	[1]	ἀραιοτέρους	_	_
2.9	177	[1]	ἔχειν	_	_
2.9	178	[7]	.	b	_
2.9	179	[9]	καὶ	_	_
2.9	180	[5]	τὴν	_	_
2.9	181	[1]	θερμασίαν	_	_
2.9	182	[1]	ἀποχωροῦσαν	_	_
2.9	183	[3]	μὲν	_	_
2.9	184	[4]	τῶν	_	_
2.9	185	[1]	ἄκρων	_	_
2.9	186	[14]	,	b	_
2.9	187	[1]	πλεονάζουσαν	_	_
2.9	188	[1]	δὲ	_	_
2.9	189	[2]	κατὰ	_	_
2.9	190	[6]	τὴν	_	_
2.9	191	[1]	γαστέρα	_	_
2.9	192	[4]	τε	_	_
2.9	193	[10]	καὶ	_	_
2.9	194	[1]	τὸν	_	_
2.9	195	[1]	θώρακα	_	_
2.9	196	[15]	,	b	_
2.9	197	[1]	τοῦτον	_	_
2.9	198	[1]	οὐκ	_	_
2.9	199	[1]	ἄν	_	_
2.9	200	[2]	τις	_	_
2.9	201	[1]	ἀλόγως	_	_
2.9	202	[1]	ἐλπίσειεν	_	_
2.9	203	[1]	ἡμιτριταῖον	_	_
2.9	204	[1]	ἔσεσθαι	_	_
2.9	205	[8]	.	b	_
2.9	206	[1]	μᾶλλον	_	_
2.9	207	[4]	δ	_	_
2.9	208	[7]	’	b	_
2.9	209	[1]	ὑπάρχειν	_	_
2.9	210	[4]	μὲν	_	_
2.9	211	[1]	ἤδη	_	_
2.9	212	[16]	,	b	_
2.9	213	[1]	γνωρισθήσεται	_	_
2.9	214	[2]	δὲ	_	_
2.9	215	[2]	τοῖς	_	_
2.9	216	[1]	πολλοῖς	_	_
2.9	217	[1]	ἐπὶ	_	_
2.9	218	[4]	τῆς	_	_
2.9	219	[1]	τρίτης	_	_
2.9	220	[1]	ἡμέρας	_	_
2.9	221	[9]	.	b	_
2.9	222	[1]	ἀλλ	_	_
2.9	223	[8]	’	b	_
2.9	224	[1]	οὗτος	_	_
2.9	225	[5]	μὲν	_	_
2.9	226	[1]	μικτός	_	_
2.9	227	[2]	ἐστιν	_	_
2.9	228	[1]	ἔκ	_	_
2.9	229	[5]	τε	_	_
2.9	230	[1]	τοῦ	_	_
2.9	231	[1]	χολώδους	_	_
2.9	232	[11]	καὶ	_	_
2.9	233	[2]	τοῦ	_	_
2.9	234	[1]	φλεγματώδους	_	_
2.9	235	[1]	πυρετῶν	_	_
2.9	236	[17]	,	b	_
2.9	237	[5]	τῶν	_	_
2.9	238	[2]	ὀλίγον	_	_
2.9	239	[2]	ἔμπροσθεν	_	_
2.9	240	[1]	εἰρημένων	_	_
2.9	241	[18]	,	b	_
2.9	242	[2]	οὐκ	_	_
2.9	243	[1]	ἐπιπλεκομένων	_	_
2.9	244	[1]	ἀλλήλοις	_	_
2.9	245	[19]	,	b	_
2.9	246	[1]	ἀλλὰ	_	_
2.9	247	[1]	διόλου	_	_
2.9	248	[1]	κεραννυμένων	_	_
2.9	249	[10]	.	b	_
2.9	250	[1]	ὁ	_	_
2.9	251	[5]	δ	_	_
2.9	252	[9]	’	b	_
2.9	253	[1]	ἐξ	_	_
2.9	254	[1]	ἐπιπλοκῆς	_	_
2.9	255	[1]	αὐτῶν	_	_
2.9	256	[1]	τετραχῶς	_	_
2.9	257	[1]	γίνεται	_	_
2.9	258	[20]	,	b	_
2.9	259	[4]	ἢ	_	_
2.9	260	[1]	τριταίου	_	_
2.9	261	[12]	καὶ	_	_
2.9	262	[1]	ἀμφημερινοῦ	_	_
2.9	263	[1]	μιχθέντων	_	_
2.9	264	[21]	,	b	_
2.9	265	[5]	ἢ	_	_
2.9	266	[3]	τοῦ	_	_
2.9	267	[2]	καθ	_	_
2.9	268	[10]	’	b	_
2.9	269	[2]	ἡμέραν	_	_
2.9	270	[1]	παροξύνοντος	_	_
2.9	271	[1]	συνεχοῦς	_	_
2.9	272	[1]	τῷ	_	_
2.9	273	[1]	διὰ	_	_
2.9	274	[2]	τρίτης	_	_
2.9	275	[22]	,	b	_
2.9	276	[6]	ἢ	_	_
2.9	277	[2]	τριταίου	_	_
2.9	278	[2]	τῷ	_	_
2.9	279	[3]	καθ	_	_
2.9	280	[11]	’	b	_
2.9	281	[1]	ἑκάστην	_	_
2.9	282	[3]	ἡμέραν	_	_
2.9	283	[1]	παροξυνομένῳ	_	_
2.9	284	[1]	συνεχεῖ	_	_
2.9	285	[23]	,	b	_
2.9	286	[7]	ἢ	_	_
2.9	287	[2]	ἀμφημερινοῦ	_	_
2.9	288	[3]	τῷ	_	_
2.9	289	[2]	διὰ	_	_
2.9	290	[3]	τρίτης	_	_
2.9	291	[2]	συνεχεῖ	_	_
2.9	292	[11]	.	b	_
2.9	293	[1]	τούτων	_	_
2.9	294	[1]	οὐδεμία	_	_
2.9	295	[6]	τῶν	_	_
2.9	296	[1]	μίξεων	_	_
2.9	297	[2]	ἀκριβῶς	_	_
2.9	298	[2]	ἐπὶ	_	_
2.9	299	[5]	τῆς	_	_
2.9	300	[1]	πρώτης	_	_
2.9	301	[2]	ἡμέρας	_	_
2.9	302	[1]	διαγινώσκεται	_	_
2.9	303	[12]	.	b	_
2.9	304	[6]	τῆς	_	_
2.9	305	[2]	μέντοι	_	_
2.9	306	[1]	δευτέρας	_	_
2.9	307	[1]	ἐπιστάσης	_	_
2.9	308	[2]	οὐδὲν	_	_
2.9	309	[1]	ἔτι	_	_
2.9	310	[2]	χαλεπὸν	_	_
2.9	311	[1]	γνωρίσαι	_	_
2.9	312	[13]	.	b	_
2.9	313	[1]	πολὺ	_	_
2.9	314	[3]	δὲ	_	_
2.9	315	[2]	μᾶλλον	_	_
2.9	316	[2]	ἔτι	_	_
2.9	317	[3]	κατὰ	_	_
2.9	318	[7]	τὴν	_	_
2.9	319	[2]	τρίτην	_	_
2.9	320	[24]	,	b	_
2.9	321	[13]	καὶ	_	_
2.9	322	[1]	σπάνιον	_	_
2.9	323	[1]	εἴποτε	_	_
2.9	324	[7]	τῆς	_	_
2.9	325	[1]	τετάρτης	_	_
2.9	326	[1]	δεήσει	_	_
2.9	327	[14]	.	b	_
2.9	328	[1]	γιγνέσθω	_	_
2.9	329	[2]	γὰρ	_	_
2.9	330	[25]	,	b	_
2.9	331	[1]	εἰ	_	_
2.9	332	[1]	οὕτως	_	_
2.9	333	[1]	ἔτυχεν	_	_
2.9	334	[26]	,	b	_
2.9	335	[2]	ἐν	_	_
2.9	336	[6]	μὲν	_	_
2.9	337	[3]	τῇ	_	_
2.9	338	[2]	πρώτῃ	_	_
2.9	339	[7]	τῶν	_	_
2.9	340	[2]	ἡμερῶν	_	_
2.9	341	[2]	ὁ	_	_
2.9	342	[1]	παροξυσμὸς	_	_
2.9	343	[1]	σὺν	_	_
2.9	344	[1]	ῥίγει	_	_
2.9	345	[1]	·	b	_
2.9	346	[1]	κᾄπειτα	_	_
2.9	347	[1]	θερμός	_	_
2.9	348	[6]	τε	_	_
2.9	349	[14]	καὶ	_	_
2.9	350	[1]	περικαὴς	_	_
2.9	351	[3]	ὁ	_	_
2.9	352	[2]	πυρετὸς	_	_
2.9	353	[1]	ἐξαφθεὶς	_	_
2.9	354	[1]	ἀσώδης	_	_
2.9	355	[7]	τε	_	_
2.9	356	[15]	καὶ	_	_
2.9	357	[1]	διψώδης	_	_
2.9	358	[1]	ἔστω	_	_
2.9	359	[27]	,	b	_
2.9	360	[16]	καὶ	_	_
2.9	361	[1]	ταχέως	_	_
2.9	362	[3]	ἐπὶ	_	_
2.9	363	[8]	τὴν	_	_
2.9	364	[1]	ἀκμὴν	_	_
2.9	365	[1]	ἀφικέσθω	_	_
2.9	366	[4]	τοὺς	_	_
2.9	367	[2]	σφυγμοὺς	_	_
2.9	368	[1]	ὁμαλούς	_	_
2.9	369	[8]	τε	_	_
2.9	370	[1]	ἔχων	_	_
2.9	371	[17]	καὶ	_	_
2.9	372	[1]	μεγάλους	_	_
2.9	373	[18]	καὶ	_	_
2.9	374	[1]	σφοδροὺς	_	_
2.9	375	[19]	καὶ	_	_
2.9	376	[1]	πυκνοὺς	_	_
2.9	377	[20]	καὶ	_	_
2.9	378	[1]	ταχεῖς	_	_
2.9	379	[15]	.	b	_
2.9	380	[2]	ἔστω	_	_
2.9	381	[6]	δ	_	_
2.9	382	[12]	’	b	_
2.9	383	[1]	ὁμοίως	_	_
2.9	384	[3]	τοῖς	_	_
2.9	385	[2]	σφυγμοῖς	_	_
2.9	386	[21]	καὶ	_	_
2.9	387	[2]	τὰ	_	_
2.9	388	[8]	τῆς	_	_
2.9	389	[1]	θερμασίας	_	_
2.9	390	[1]	ὁμαλὰ	_	_
2.9	391	[2]	παντοίως	_	_
2.9	392	[16]	.	b	_
2.9	393	[1]	εἶτα	_	_
2.9	394	[2]	σὺν	_	_
2.9	395	[1]	ἐμέτῳ	_	_
2.9	396	[22]	καὶ	_	_
2.9	397	[1]	ἱδρῶτι	_	_
2.9	398	[1]	παυέσθω	_	_
2.9	399	[28]	,	b	_
2.9	400	[1]	καί	_	_
2.9	401	[3]	τις	_	_
2.9	402	[1]	αὐτὸν	_	_
2.9	403	[1]	ἀπυρεξία	_	_
2.9	404	[1]	διαδεχέσθω	_	_
2.9	405	[2]	·	b	_
2.9	406	[1]	πρόδηλον	_	_
2.9	407	[2]	ὡς	_	_
2.9	408	[1]	τριταίας	_	_
2.9	409	[1]	οἰκεῖός	_	_
2.9	410	[3]	ἐστιν	_	_
2.9	411	[4]	ὁ	_	_
2.9	412	[1]	τοιοῦτος	_	_
2.9	413	[2]	παροξυσμὸς	_	_
2.9	414	[1]	περιόδου	_	_
2.9	415	[17]	.	b	_
2.9	416	[1]	γινέσθω	_	_
2.9	417	[4]	δὲ	_	_
2.9	418	[4]	κατὰ	_	_
2.9	419	[9]	τὴν	_	_
2.9	420	[2]	δευτέραν	_	_
2.9	421	[4]	ἡμέραν	_	_
2.9	422	[5]	ὁ	_	_
2.9	423	[9]	τῆς	_	_
2.9	424	[1]	ἀμφημερινῆς	_	_
2.9	425	[29]	,	b	_
2.9	426	[2]	οὐ	_	_
2.9	427	[3]	γὰρ	_	_
2.9	428	[1]	ἀναγκαῖον	_	_
2.9	429	[2]	ὑπὲρ	_	_
2.9	430	[8]	τῶν	_	_
2.9	431	[2]	αὐτῶν	_	_
2.9	432	[1]	λέγειν	_	_
2.9	433	[1]	μυριάκις	_	_
2.9	434	[30]	,	b	_
2.9	435	[1]	ἐνταῦθα	_	_
2.9	436	[1]	χρὴ	_	_
2.9	437	[1]	προσέχειν	_	_
2.9	438	[2]	τὸν	_	_
2.9	439	[1]	νοῦν	_	_
2.9	440	[1]	ταῖς	_	_
2.9	441	[1]	ὥραις	_	_
2.9	442	[9]	τῶν	_	_
2.9	443	[1]	﻿	_	_
2.9	444	[1]	παροξυσμῶν	_	_
2.9	445	[31]	,	b	_
2.9	446	[1]	ἵνα	_	_
2.9	447	[1]	προγνῷς	_	_
2.9	448	[1]	τι	_	_
2.9	449	[3]	περὶ	_	_
2.9	450	[10]	τῆς	_	_
2.9	451	[4]	τρίτης	_	_
2.9	452	[3]	ἡμέρας	_	_
2.9	453	[18]	.	b	_
2.9	454	[2]	εἰ	_	_
2.9	455	[7]	μὲν	_	_
2.9	456	[4]	γὰρ	_	_
2.9	457	[6]	ὁ	_	_
2.9	458	[11]	τῆς	_	_
2.9	459	[2]	τριταίας	_	_
2.9	460	[32]	,	b	_
2.9	461	[3]	εἰ	_	_
2.9	462	[1]	τύχοι	_	_
2.9	463	[33]	,	b	_
2.9	464	[3]	πυρετὸς	_	_
2.9	465	[4]	περὶ	_	_
2.9	466	[10]	τὴν	_	_
2.9	467	[1]	πρώτην	_	_
2.9	468	[1]	ὥραν	_	_
2.9	469	[1]	μέλλει	_	_
2.9	470	[1]	γίνεσθαι	_	_
2.9	471	[34]	,	b	_
2.9	472	[5]	περὶ	_	_
2.9	473	[5]	δὲ	_	_
2.9	474	[11]	τὴν	_	_
2.9	475	[1]	ἑνδεκάτην	_	_
2.9	476	[7]	ὁ	_	_
2.9	477	[12]	τῆς	_	_
2.9	478	[2]	ἀμφημερινῆς	_	_
2.9	479	[35]	,	b	_
2.9	480	[1]	οὕτω	_	_
2.9	481	[8]	μὲν	_	_
2.9	482	[1]	ἑκατέρων	_	_
2.9	483	[1]	ἔσονται	_	_
2.9	484	[1]	σαφεῖς	_	_
2.9	485	[1]	αἱ	_	_
2.9	486	[1]	ἀρχαὶ	_	_
2.9	487	[36]	,	b	_
2.9	488	[23]	καὶ	_	_
2.9	489	[3]	μᾶλλον	_	_
2.9	490	[4]	εἰ	_	_
2.9	491	[4]	ἐπὶ	_	_
2.9	492	[1]	πλέον	_	_
2.9	493	[3]	ἔτι	_	_
2.9	494	[1]	διεστήκοιεν	_	_
2.9	495	[1]	ἀλλή	_	_
2.9	496	[1]	λων	_	_
2.9	497	[19]	.	b	_
2.9	498	[5]	εἰ	_	_
2.9	499	[7]	δ	_	_
2.9	500	[13]	’	b	_
2.9	501	[1]	ἀμφότεροι	_	_
2.9	502	[6]	περὶ	_	_
2.9	503	[12]	τὴν	_	_
2.9	504	[1]	αὐτὴν	_	_
2.9	505	[2]	ὥραν	_	_
2.9	506	[1]	εἰσβάλλοιεν	_	_
2.9	507	[37]	,	b	_
2.9	508	[1]	ἐπίμικτον	_	_
2.9	509	[2]	ἔσται	_	_
2.9	510	[2]	πάντως	_	_
2.9	511	[2]	τὸ	_	_
2.9	512	[2]	εἶδος	_	_
2.9	513	[4]	τοῦ	_	_
2.9	514	[1]	παροξυσμοῦ	_	_
2.9	515	[38]	,	b	_
2.9	516	[24]	καὶ	_	_
2.9	517	[4]	τῷ	_	_
2.9	518	[1]	δυναμένῳ	_	_
2.9	519	[1]	συνορᾷν	_	_
2.9	520	[1]	οἷον	_	_
2.9	521	[1]	κέρασμά	_	_
2.9	522	[2]	τι	_	_
2.9	523	[1]	φαίνεται	_	_
2.9	524	[1]	γινόμενον	_	_
2.9	525	[3]	ἀμφημερινῆς	_	_
2.9	526	[9]	τε	_	_
2.9	527	[25]	καὶ	_	_
2.9	528	[1]	τριταίης	_	_
2.9	529	[2]	περιόδου	_	_
2.9	530	[20]	.	b	_
2.9	531	[1]	διακρίνει	_	_
2.9	532	[8]	δ	_	_
2.9	533	[14]	’	b	_
2.9	534	[1]	αὐτοὺς	_	_
2.9	535	[2]	ἐναργῶς	_	_
2.9	536	[1]	ἡ	_	_
2.9	537	[1]	τετάρτη	_	_
2.9	538	[10]	τῶν	_	_
2.9	539	[3]	ἡμερῶν	_	_
2.9	540	[39]	,	b	_
2.9	541	[1]	ὄντας	_	_
2.9	542	[2]	ἤδη	_	_
2.9	543	[5]	τῷ	_	_
2.9	544	[1]	τεχνίτῃ	_	_
2.9	545	[1]	κᾀπὶ	_	_
2.9	546	[13]	τῆς	_	_
2.9	547	[2]	δευτέρας	_	_
2.9	548	[1]	γνωρίμους	_	_
2.9	549	[21]	.	b	_
2.9	550	[4]	ἔτι	_	_
2.9	551	[6]	δὲ	_	_
2.9	552	[1]	δυσφωροτέρα	_	_
2.9	553	[2]	γίνεται	_	_
2.9	554	[2]	ἡ	_	_
2.9	555	[11]	τῶν	_	_
2.9	556	[1]	διαλειπόντων	_	_
2.9	557	[1]	μίξις	_	_
2.9	558	[4]	τοῖς	_	_
2.9	559	[1]	συνεχέσιν	_	_
2.9	560	[40]	,	b	_
2.9	561	[1]	ὥστε	_	_
2.9	562	[26]	καὶ	_	_
2.9	563	[2]	πολλοῖς	_	_
2.9	564	[1]	ὅλως	_	_
2.9	565	[1]	ἀδύνατος	_	_
2.9	566	[1]	ἔδοξεν	_	_
2.9	567	[2]	ὑπάρχειν	_	_
2.9	568	[22]	.	b	_
2.9	569	[2]	ἅμα	_	_
2.9	570	[10]	τε	_	_
2.9	571	[5]	γὰρ	_	_
2.9	572	[1]	εἰς	_	_
2.9	573	[1]	ἀπυρεξίαν	_	_
2.9	574	[1]	παύεσθαι	_	_
2.9	575	[3]	τὸν	_	_
2.9	576	[2]	αὐτὸν	_	_
2.9	577	[1]	ἄνθρωπον	_	_
2.9	578	[27]	καὶ	_	_
2.9	579	[1]	μηδ	_	_
2.9	580	[15]	’	b	_
2.9	581	[2]	ὅλως	_	_
2.9	582	[1]	ἀπύρετον	_	_
2.9	583	[1]	γίγνεσθαι	_	_
2.9	584	[1]	συμβαίνει	_	_
2.9	585	[1]	ἐκ	_	_
2.9	586	[14]	τῆς	_	_
2.9	587	[1]	τοιαύτης	_	_
2.9	588	[1]	μίξεως	_	_
2.9	589	[41]	,	b	_
2.9	590	[1]	ὅπερ	_	_
2.9	591	[2]	εἶναι	_	_
2.9	592	[1]	πάντων	_	_
2.9	593	[1]	ἀδυνατώτερον	_	_
2.9	594	[23]	.	b	_
2.9	595	[2]	ἀλλ	_	_
2.9	596	[16]	’	b	_
2.9	597	[1]	εἴ	_	_
2.9	598	[4]	τις	_	_
2.9	599	[1]	κᾀνταῦθα	_	_
2.9	600	[1]	δύναται	_	_
2.9	601	[2]	διαγινώσκειν	_	_
2.9	602	[3]	ἀκριβῶς	_	_
2.9	603	[1]	ἑκατέρου	_	_
2.9	604	[12]	τῶν	_	_
2.9	605	[2]	πυρετῶν	_	_
2.9	606	[13]	τὴν	_	_
2.9	607	[1]	φύσιν	_	_
2.9	608	[42]	,	b	_
2.9	609	[1]	εἴσεται	_	_
2.9	610	[1]	σαφῶς	_	_
2.9	611	[3]	ὡς	_	_
2.9	612	[1]	οὐδὲ	_	_
2.9	613	[3]	ἡ	_	_
2.9	614	[1]	τοιαύτη	_	_
2.9	615	[2]	μίξις	_	_
2.9	616	[2]	ἀδύνατος	_	_
2.9	617	[24]	.	b	_
2.9	618	[1]	ἔναγχος	_	_
2.9	619	[2]	οὖν	_	_
2.9	620	[3]	τι	_	_
2.9	621	[1]	γύναιον	_	_
2.9	622	[3]	ἐν	_	_
2.9	623	[9]	μὲν	_	_
2.9	624	[2]	ταῖς	_	_
2.9	625	[1]	ἀρτίαις	_	_
2.9	626	[1]	φρικώδη	_	_
2.9	627	[1]	παροξυσμὸν	_	_
2.9	628	[1]	εἶχεν	_	_
2.9	629	[4]	ἀκριβῶς	_	_
2.9	630	[1]	ἡμιτριταϊκὸν	_	_
2.9	631	[43]	,	b	_
2.9	632	[4]	ἐν	_	_
2.9	633	[7]	δὲ	_	_
2.9	634	[3]	ταῖς	_	_
2.9	635	[1]	περιτταῖς	_	_
2.9	636	[1]	ἕωθεν	_	_
2.9	637	[1]	μέν	_	_
2.9	638	[1]	τινα	_	_
2.9	639	[5]	τοῦ	_	_
2.9	640	[1]	προγεγονότος	_	_
2.9	641	[1]	πολύ	_	_
2.9	642	[4]	τι	_	_
2.9	643	[1]	μικρότερον	_	_
2.9	644	[44]	,	b	_
2.9	645	[4]	ὡς	_	_
2.9	646	[1]	ἐπιπαροξύνεσθαι	_	_
2.9	647	[1]	δοκεῖν	_	_
2.9	648	[4]	τῇ	_	_
2.9	649	[1]	ἑτέρᾳ	_	_
2.9	650	[13]	τῶν	_	_
2.9	651	[4]	ἡμερῶν	_	_
2.9	652	[4]	τὸν	_	_
2.9	653	[2]	ἡμιτριταϊκὸν	_	_
2.9	654	[45]	,	b	_
2.9	655	[2]	ὅπερ	_	_
2.9	656	[1]	δὴ	_	_
2.9	657	[28]	καὶ	_	_
2.9	658	[1]	συνήθως	_	_
2.9	659	[3]	γίνεται	_	_
2.9	660	[5]	ἐν	_	_
2.9	661	[1]	αὐτῷ	_	_
2.9	662	[25]	.	b	_
2.9	663	[7]	περὶ	_	_
2.9	664	[8]	δὲ	_	_
2.9	665	[14]	τὴν	_	_
2.9	666	[1]	ὀγδόην	_	_
2.9	667	[3]	ὥραν	_	_
2.9	668	[15]	τῆς	_	_
2.9	669	[4]	ἡμέρας	_	_
2.9	670	[1]	ἕτερος	_	_
2.9	671	[1]	εἰσέβαλλε	_	_
2.9	672	[1]	μετὰ	_	_
2.9	673	[1]	ῥίγους	_	_
2.9	674	[1]	σφοδροῦ	_	_
2.9	675	[3]	παροξυσμὸς	_	_
2.9	676	[46]	,	b	_
2.9	677	[5]	ἀκριβῶς	_	_
2.9	678	[1]	ἅπαντα	_	_
2.9	679	[3]	τριταίου	_	_
2.9	680	[1]	πυρετοῦ	_	_
2.9	681	[1]	φέρων	_	_
2.9	682	[3]	τὰ	_	_
2.9	683	[1]	γνωρίσματα	_	_
2.9	684	[26]	.	b	_
2.9	685	[1]	θραυόμενος	_	_
2.9	686	[9]	δ	_	_
2.9	687	[17]	’	b	_
2.9	688	[2]	οὗτος	_	_
2.9	689	[1]	ὥρας	_	_
2.9	690	[1]	που	_	_
2.9	691	[1]	νυκτὸς	_	_
2.9	692	[5]	τρίτης	_	_
2.9	693	[47]	,	b	_
2.9	694	[1]	ἱδρῶτί	_	_
2.9	695	[11]	τε	_	_
2.9	696	[29]	καὶ	_	_
2.9	697	[1]	χολῆς	_	_
2.9	698	[2]	ἐμέτῳ	_	_
2.9	699	[48]	,	b	_
2.9	700	[1]	παρέτεινεν	_	_
2.9	701	[2]	εἰς	_	_
2.9	702	[15]	τὴν	_	_
2.9	703	[16]	τῆς	_	_
2.9	704	[1]	ἀρτίου	_	_
2.9	705	[3]	δευτέραν	_	_
2.9	706	[4]	ὥραν	_	_
2.9	707	[27]	.	b	_
2.9	708	[3]	ἤδη	_	_
2.9	709	[9]	δὲ	_	_
2.9	710	[3]	αὐτὸν	_	_
2.9	711	[2]	ἐγγὺς	_	_
2.9	712	[1]	ἀπυρεξίας	_	_
2.9	713	[1]	ἥκοντα	_	_
2.9	714	[49]	,	b	_
2.9	715	[1]	διεδέχετο	_	_
2.9	716	[1]	πάλιν	_	_
2.9	717	[8]	ὁ	_	_
2.9	718	[3]	φρικώδης	_	_
2.9	719	[12]	τε	_	_
2.9	720	[30]	καὶ	_	_
2.9	721	[2]	ἀνώμαλος	_	_
2.9	722	[1]	ἐκεῖνος	_	_
2.9	723	[4]	παροξυσμὸς	_	_
2.9	724	[50]	,	b	_
2.9	725	[1]	ὃν	_	_
2.9	726	[6]	ἐν	_	_
2.9	727	[4]	ταῖς	_	_
2.9	728	[2]	ἀρτίαις	_	_
2.9	729	[1]	ἔφαμεν	_	_
2.9	730	[2]	γίνεσθαι	_	_
2.9	731	[28]	.	b	_
2.9	732	[1]	κἄπειτα	_	_
2.9	733	[1]	δι	_	_
2.9	734	[18]	’	b	_
2.9	735	[1]	ὅλην	_	_
2.9	736	[16]	τὴν	_	_
2.9	737	[5]	ἡμέραν	_	_
2.9	738	[1]	κακοήθως	_	_
2.9	739	[1]	ὑποστενόμενός	_	_
2.9	740	[13]	τε	_	_
2.9	741	[31]	καὶ	_	_
2.9	742	[2]	αὖθις	_	_
2.9	743	[1]	ἐπιτιθέμενος	_	_
2.9	744	[51]	,	b	_
2.9	745	[1]	μόλις	_	_
2.9	746	[2]	που	_	_
2.9	747	[17]	τὴν	_	_
2.9	748	[2]	ἀκμὴν	_	_
2.9	749	[1]	ἀπελάμβανεν	_	_
2.9	750	[1]	ἡλίου	_	_
2.9	751	[1]	δύνοντος	_	_
2.9	752	[29]	.	b	_
2.9	753	[1]	ἤρχετο	_	_
2.9	754	[10]	δὲ	_	_
2.9	755	[1]	παρακμάζειν	_	_
2.9	756	[2]	ὥρας	_	_
2.9	757	[3]	που	_	_
2.9	758	[2]	τετάρτης	_	_
2.9	759	[17]	τῆς	_	_
2.9	760	[2]	νυκτὸς	_	_
2.9	761	[52]	,	b	_
2.9	762	[1]	εἶθ	_	_
2.9	763	[19]	’	b	_
2.9	764	[2]	ἕωθεν	_	_
2.9	765	[2]	πάλιν	_	_
2.9	766	[5]	ἐπὶ	_	_
2.9	767	[1]	δαψιλεῖ	_	_
2.9	768	[1]	λειψάνῳ	_	_
2.9	769	[1]	παραύξησις	_	_
2.9	770	[3]	οὐ	_	_
2.9	771	[1]	λίαν	_	_
2.9	772	[3]	ἀνώμαλος	_	_
2.9	773	[1]	ἕως	_	_
2.9	774	[18]	τῆς	_	_
2.9	775	[1]	ὀγδόης	_	_
2.9	776	[3]	ὥρας	_	_
2.9	777	[1]	ἐπετείνετο	_	_
2.9	778	[53]	,	b	_
2.9	779	[2]	κᾄπειτα	_	_
2.9	780	[1]	δοκοῦντα	_	_
2.9	781	[2]	σαφῶς	_	_
2.9	782	[1]	ἀκμάζειν	_	_
2.9	783	[4]	ἤδη	_	_
2.9	784	[5]	τὸν	_	_
2.9	785	[1]	πυρετὸν	_	_
2.9	786	[2]	τοῦτον	_	_
2.9	787	[2]	ἕτερος	_	_
2.9	788	[1]	ἐξεδέχετο	_	_
2.9	789	[5]	παροξυσμὸς	_	_
2.9	790	[6]	ἀκριβῶς	_	_
2.9	791	[1]	τριταϊκός	_	_
2.9	792	[30]	.	b	_
2.9	793	[3]	τοῦτον	_	_
2.9	794	[1]	ἡμεῖς	_	_
2.9	795	[6]	τὸν	_	_
2.9	796	[2]	πυρετὸν	_	_
2.9	797	[2]	εὐθὺς	_	_
2.9	798	[10]	μὲν	_	_
2.9	799	[1]	κᾀν	_	_
2.9	800	[5]	τῇ	_	_
2.9	801	[1]	δευτέρᾳ	_	_
2.9	802	[14]	τῶν	_	_
2.9	803	[5]	ἡμερῶν	_	_
2.9	804	[2]	ἐξ	_	_
2.9	805	[2]	ἐπιπλοκῆς	_	_
2.9	806	[1]	ἡμιτριταίου	_	_
2.9	807	[14]	τε	_	_
2.9	808	[32]	καὶ	_	_
2.9	809	[4]	τριταίου	_	_
2.9	810	[1]	διέγνωμεν	_	_
2.9	811	[1]	γεγονέναι	_	_
2.9	812	[31]	.	b	_
2.9	813	[2]	πολὺ	_	_
2.9	814	[10]	δ	_	_
2.9	815	[20]	’	b	_
2.9	816	[5]	ἔτι	_	_
2.9	817	[1]	πιστοτέραν	_	_
2.9	818	[4]	ἡ	_	_
2.9	819	[1]	τρίτη	_	_
2.9	820	[18]	τὴν	_	_
2.9	821	[1]	διάγνωσιν	_	_
2.9	822	[1]	παρέσχεν	_	_
2.9	823	[54]	,	b	_
2.9	824	[1]	ἠλπίσαμέν	_	_
2.9	825	[15]	τε	_	_
2.9	826	[19]	τὴν	_	_
2.9	827	[11]	μὲν	_	_
2.9	828	[1]	ἑτέραν	_	_
2.9	829	[1]	περίοδον	_	_
2.9	830	[20]	τὴν	_	_
2.9	831	[6]	τοῦ	_	_
2.9	832	[5]	τριταίου	_	_
2.9	833	[2]	παύεσθαι	_	_
2.9	834	[2]	ταχέως	_	_
2.9	835	[55]	,	b	_
2.9	836	[21]	τὴν	_	_
2.9	837	[11]	δὲ	_	_
2.9	838	[2]	ἑτέραν	_	_
2.9	839	[1]	μηκύνειν	_	_
2.9	840	[56]	,	b	_
2.9	841	[33]	καὶ	_	_
2.9	842	[2]	οὕτως	_	_
2.9	843	[1]	ἀπέβη	_	_
2.9	844	[57]	,	b	_
2.9	845	[34]	καὶ	_	_
2.9	846	[1]	τότε	_	_
2.9	847	[3]	σαφῶς	_	_
2.9	848	[1]	ὤφθη	_	_
2.9	849	[5]	κατὰ	_	_
2.9	850	[3]	τὸ	_	_
2.9	851	[1]	ὑπόλοιπον	_	_
2.9	852	[1]	μέρος	_	_
2.9	853	[19]	τῆς	_	_
2.9	854	[1]	νόσου	_	_
2.9	855	[1]	μόνος	_	_
2.9	856	[1]	ἡμιτριταῖος	_	_
2.9	857	[1]	ὢν	_	_
2.9	858	[58]	,	b	_
2.9	859	[1]	ἀρχὴν	_	_
2.9	860	[12]	μὲν	_	_
2.9	861	[20]	τῆς	_	_
2.9	862	[1]	ὅλης	_	_
2.9	863	[3]	περιόδου	_	_
2.9	864	[22]	τὴν	_	_
2.9	865	[1]	ἀρτίαν	_	_
2.9	866	[6]	ἡμέραν	_	_
2.9	867	[1]	ποιούμενος	_	_
2.9	868	[59]	,	b	_
2.9	869	[1]	ἐπιπαροξυνόμενος	_	_
2.9	870	[12]	δὲ	_	_
2.9	871	[6]	τῇ	_	_
2.9	872	[1]	περιττῇ	_	_
2.9	873	[32]	.	b	_
2.9	874	[1]	τὰς	_	_
2.9	875	[13]	μὲν	_	_
2.9	876	[2]	δὴ	_	_
2.9	877	[1]	τοιαύτας	_	_
2.9	878	[1]	μίξεις	_	_
2.9	879	[4]	οὐ	_	_
2.9	880	[7]	τοῦ	_	_
2.9	881	[1]	τυχόντος	_	_
2.9	882	[2]	γνωρίζειν	_	_
2.9	883	[33]	.	b	_
2.9	884	[6]	εἰ	_	_
2.9	885	[1]	δέ	_	_
2.9	886	[5]	τις	_	_
2.9	887	[4]	πυρετὸς	_	_
2.9	888	[7]	ἐν	_	_
2.9	889	[7]	τῇ	_	_
2.9	890	[3]	πρώτῃ	_	_
2.9	891	[15]	τῶν	_	_
2.9	892	[6]	ἡμερῶν	_	_
2.9	893	[7]	ἀκριβῶς	_	_
2.9	894	[1]	ὀφθεὶς	_	_
2.9	895	[1]	τριταῖος	_	_
2.9	896	[60]	,	b	_
2.9	897	[1]	εἶτ	_	_
2.9	898	[21]	’	b	_
2.9	899	[8]	ἐν	_	_
2.9	900	[8]	τῇ	_	_
2.9	901	[2]	δευτέρᾳ	_	_
2.9	902	[3]	πάλιν	_	_
2.9	903	[1]	ἕτερον	_	_
2.9	904	[1]	ὅμοιον	_	_
2.9	905	[8]	ἀκριβῶς	_	_
2.9	906	[6]	τῷ	_	_
2.9	907	[1]	πρόσθεν	_	_
2.9	908	[1]	ἐποιήσατο	_	_
2.9	909	[2]	παροξυσμὸν	_	_
2.9	910	[61]	,	b	_
2.9	911	[1]	εὐφωρότατος	_	_
2.9	912	[9]	ὁ	_	_
2.9	913	[1]	τοιοῦτός	_	_
2.9	914	[4]	ἐστιν	_	_
2.9	915	[62]	,	b	_
2.9	916	[1]	διπλοῦς	_	_
2.9	917	[1]	ὑπάρχων	_	_
2.9	918	[2]	τριταῖος	_	_
2.9	919	[34]	.	b	_
2.9	920	[2]	οὕτω	_	_
2.9	921	[13]	δὲ	_	_
2.9	922	[35]	καὶ	_	_
2.9	923	[1]	δύο	_	_
2.9	924	[36]	καὶ	_	_
2.9	925	[1]	τρεῖς	_	_
2.9	926	[1]	ἐπιπλέκονται	_	_
2.9	927	[2]	ἀλλήλοις	_	_
2.9	928	[1]	τεταρταῖοι	_	_
2.9	929	[4]	τὰ	_	_
2.9	930	[1]	πολλὰ	_	_
2.9	931	[63]	,	b	_
2.9	932	[1]	οὓς	_	_
2.9	933	[5]	ἡ	_	_
2.9	934	[16]	τῶν	_	_
2.9	935	[2]	παροξυσμῶν	_	_
2.9	936	[1]	ἰδέα	_	_
2.9	937	[2]	διακρίνει	_	_
2.9	938	[17]	τῶν	_	_
2.9	939	[1]	ἀμφημερινῶν	_	_
2.9	940	[35]	.	b	_
2.9	941	[5]	οὐ	_	_
2.9	942	[6]	γὰρ	_	_
2.9	943	[4]	τὸ	_	_
2.9	944	[4]	καθ	_	_
2.9	945	[22]	’	b	_
2.9	946	[2]	ἑκάστην	_	_
2.9	947	[7]	ἡμέραν	_	_
2.9	948	[1]	παροξύνεσθαι	_	_
2.9	949	[1]	γνώρισμα	_	_
2.9	950	[1]	βέβαιον	_	_
2.9	951	[2]	ἀμφημερινῶν	_	_
2.9	952	[64]	,	b	_
2.9	953	[3]	ἀλλ	_	_
2.9	954	[23]	’	b	_
2.9	955	[6]	ἡ	_	_
2.9	956	[8]	τοῦ	_	_
2.9	957	[2]	πυρετοῦ	_	_
2.9	958	[16]	τε	_	_
2.9	959	[37]	καὶ	_	_
2.9	960	[7]	ἡ	_	_
2.9	961	[18]	τῶν	_	_
2.9	962	[1]	συμπτωμάτων	_	_
2.9	963	[2]	ἰδέα	_	_
2.9	964	[3]	διακρίνει	_	_
2.9	965	[7]	τὸν	_	_
2.9	966	[1]	ἀμφημερινόν	_	_
2.9	967	[36]	.	b	_
2.9	968	[2]	χρὴ	_	_
2.9	969	[1]	τοίνυν	_	_
2.9	970	[9]	ἐν	_	_
2.9	971	[1]	ἅπαντι	_	_
2.9	972	[1]	πράγματι	_	_
2.9	973	[1]	τεχνωθῆναι	_	_
2.9	974	[1]	πρῶτον	_	_
2.9	975	[65]	,	b	_
2.9	976	[1]	ὥσπερ	_	_
2.9	977	[6]	τις	_	_
2.9	978	[1]	ὠνόμαζε	_	_
2.9	979	[19]	τῶν	_	_
2.9	980	[1]	ἡμετέρων	_	_
2.9	981	[1]	διδασκάλων	_	_
2.9	982	[66]	,	b	_
2.9	983	[2]	εἶθ	_	_
2.9	984	[24]	’	b	_
2.9	985	[3]	οὕτως	_	_
2.9	986	[1]	ἐπιχειρεῖν	_	_
2.9	987	[5]	τοῖς	_	_
2.9	988	[1]	ἔργοις	_	_
2.9	989	[37]	.	b	_
2.9	990	[5]	τὸ	_	_
2.9	991	[2]	τεχνωθῆναι	_	_
2.9	992	[11]	δ	_	_
2.9	993	[25]	’	b	_
2.9	994	[2]	ἐστὶ	_	_
2.9	995	[6]	τὸ	_	_
2.9	996	[1]	γνῶναι	_	_
2.9	997	[21]	τῆς	_	_
2.9	998	[1]	ὑποβεβλημένης	_	_
2.9	999	[9]	τῇ	_	_
2.9	1000	[1]	τέχνῃ	_	_
2.9	1001	[1]	συμπάσης	_	_
2.9	1002	[1]	ὕλης	_	_
2.9	1003	[2]	πρῶτον	_	_
2.9	1004	[14]	μὲν	_	_
2.9	1005	[38]	καὶ	_	_
2.9	1006	[1]	μάλιστα	_	_
2.9	1007	[2]	τὰς	_	_
2.9	1008	[1]	ἁπλᾶς	_	_
2.9	1009	[1]	δυνάμεις	_	_
2.9	1010	[67]	,	b	_
2.9	1011	[3]	εἶθ	_	_
2.9	1012	[26]	’	b	_
2.9	1013	[1]	ἑξῆς	_	_
2.9	1014	[3]	τὰς	_	_
2.9	1015	[2]	μίξεις	_	_
2.9	1016	[3]	αὐτῶν	_	_
2.9	1017	[68]	,	b	_
2.9	1018	[1]	ὁπόσαι	_	_
2.9	1019	[1]	τέ	_	_
2.9	1020	[1]	τινές	_	_
2.9	1021	[1]	εἰσι	_	_
2.9	1022	[39]	καὶ	_	_
2.9	1023	[1]	ὁποῖαι	_	_
2.9	1024	[38]	.	b	_
2.9	1025	[40]	καὶ	_	_
2.9	1026	[7]	γὰρ	_	_
2.9	1027	[3]	δὴ	_	_
2.9	1028	[41]	καὶ	_	_
2.9	1029	[8]	περὶ	_	_
2.9	1030	[1]	φαρμάκων	_	_
2.9	1031	[1]	συνθέσεώς	_	_
2.9	1032	[17]	τε	_	_
2.9	1033	[42]	καὶ	_	_
2.9	1034	[1]	χρήσεως	_	_
2.9	1035	[8]	ἡ	_	_
2.9	1036	[1]	αὐτὴ	_	_
2.9	1037	[1]	μέθοδος	_	_
2.9	1038	[69]	,	b	_
2.9	1039	[5]	ὡς	_	_
2.9	1040	[10]	ἐν	_	_
2.9	1041	[6]	τοῖς	_	_
2.9	1042	[9]	περὶ	_	_
2.9	1043	[4]	αὐτῶν	_	_
2.9	1044	[1]	ὑπομνήμασιν	_	_
2.9	1045	[1]	ἐπιδέδεικται	_	_
2.9	1046	[39]	.	b	_
2.9	1047	[1]	διττῆς	_	_
2.9	1048	[14]	δὲ	_	_
2.9	1049	[2]	ὕλης	_	_
2.9	1050	[1]	οὔσης	_	_
2.9	1051	[7]	τοῖς	_	_
2.9	1052	[1]	ἰατροῖς	_	_
2.9	1053	[70]	,	b	_
2.9	1054	[1]	ἑτέρας	_	_
2.9	1055	[15]	μὲν	_	_
2.9	1056	[1]	ἐφ	_	_
2.9	1057	[27]	’	b	_
2.9	1058	[1]	ᾗ	_	_
2.9	1059	[71]	,	b	_
2.9	1060	[8]	ἢ	_	_
2.9	1061	[11]	ἐν	_	_
2.9	1062	[2]	ᾗ	_	_
2.9	1063	[4]	γίνεται	_	_
2.9	1064	[7]	τὸ	_	_
2.9	1065	[1]	τέλος	_	_
2.9	1066	[72]	,	b	_
2.9	1067	[3]	ὅπερ	_	_
2.9	1068	[3]	ἐστὶν	_	_
2.9	1069	[1]	αὐτὰ	_	_
2.9	1070	[5]	τὰ	_	_
2.9	1071	[20]	τῶν	_	_
2.9	1072	[1]	ἀνθρώπων	_	_
2.9	1073	[1]	σώματα	_	_
2.9	1074	[73]	,	b	_
2.9	1075	[3]	δευτέρας	_	_
2.9	1076	[15]	δὲ	_	_
2.9	1077	[22]	τῆς	_	_
2.9	1078	[21]	τῶν	_	_
2.9	1079	[1]	βοηθημάτων	_	_
2.9	1080	[74]	,	b	_
2.9	1081	[1]	ὑφ	_	_
2.9	1082	[28]	’	b	_
2.9	1083	[1]	ὧν	_	_
2.9	1084	[75]	,	b	_
2.9	1085	[9]	ἢ	_	_
2.9	1086	[2]	δι	_	_
2.9	1087	[29]	’	b	_
2.9	1088	[2]	ὧν	_	_
2.9	1089	[5]	γίνεται	_	_
2.9	1090	[8]	τὸ	_	_
2.9	1091	[2]	τέλος	_	_
2.9	1092	[76]	,	b	_
2.9	1093	[9]	ἡ	_	_
2.9	1094	[16]	μὲν	_	_
2.9	1095	[10]	περὶ	_	_
2.9	1096	[22]	τῶν	_	_
2.9	1097	[2]	φαρμάκων	_	_
2.9	1098	[1]	πραγματεία	_	_
2.9	1099	[23]	τῆς	_	_
2.9	1100	[4]	δευτέρας	_	_
2.9	1101	[3]	ὕλης	_	_
2.9	1102	[4]	ἐστὶν	_	_
2.9	1103	[77]	,	b	_
2.9	1104	[10]	ἡ	_	_
2.9	1105	[16]	δὲ	_	_
2.9	1106	[1]	νῦν	_	_
2.9	1107	[1]	ἐνεστῶσα	_	_
2.9	1108	[24]	τῆς	_	_
2.9	1109	[2]	πρώτης	_	_
2.9	1110	[40]	.	b	_
2.9	1111	[3]	χρὴ	_	_
2.9	1112	[8]	γὰρ	_	_
2.9	1113	[2]	νῦν	_	_
2.9	1114	[1]	ἐκμαθεῖν	_	_
2.9	1115	[12]	ἐν	_	_
2.9	1116	[8]	τοῖς	_	_
2.9	1117	[11]	περὶ	_	_
2.9	1118	[3]	πυρετῶν	_	_
2.9	1119	[1]	λόγοις	_	_
2.9	1120	[6]	ὡς	_	_
2.9	1121	[1]	τρία	_	_
2.9	1122	[6]	τὰ	_	_
2.9	1123	[1]	σύμπαντά	_	_
2.9	1124	[1]	ἐστι	_	_
2.9	1125	[1]	γένη	_	_
2.9	1126	[23]	τῶν	_	_
2.9	1127	[6]	ἐπὶ	_	_
2.9	1128	[1]	χυμοῖς	_	_
2.9	1129	[1]	σηπομένοις	_	_
2.9	1130	[1]	ἀναπτομένων	_	_
2.9	1131	[4]	πυρετῶν	_	_
2.9	1132	[41]	.	b	_
2.9	1133	[1]	ἔνιοι	_	_
2.9	1134	[17]	μὲν	_	_
2.9	1135	[9]	γὰρ	_	_
2.9	1136	[7]	ἐπὶ	_	_
2.9	1137	[10]	τῇ	_	_
2.9	1138	[1]	ξανθῇ	_	_
2.9	1139	[1]	χολῇ	_	_
2.9	1140	[43]	καὶ	_	_
2.9	1141	[1]	πλεῖστοί	_	_
2.9	1142	[1]	γ	_	_
2.9	1143	[30]	’	b	_
2.9	1144	[8]	ἐπὶ	_	_
2.9	1145	[7]	τῷ	_	_
2.9	1146	[1]	φλέγματι	_	_
2.9	1147	[1]	συνίστανται	_	_
2.9	1148	[42]	.	b	_
2.9	1149	[1]	λόγος	_	_
2.9	1150	[12]	δ	_	_
2.9	1151	[31]	’	b	_
2.9	1152	[3]	οὗτος	_	_
2.9	1153	[6]	οὐ	_	_
2.9	1154	[1]	σμικρός	_	_
2.9	1155	[5]	ἐστιν	_	_
2.9	1156	[78]	,	b	_
2.9	1157	[1]	ὅ	_	_
2.9	1158	[5]	τι	_	_
2.9	1159	[1]	ποτὲ	_	_
2.9	1160	[1]	πασχόντων	_	_
2.9	1161	[24]	τῶν	_	_
2.9	1162	[2]	εἰρημένων	_	_
2.9	1163	[1]	χυμῶν	_	_
2.9	1164	[1]	ἀνάπτεται	_	_
2.9	1165	[1]	πυρετός	_	_
2.9	1166	[43]	.	b	_
2.9	1167	[7]	οὐ	_	_
2.9	1168	[10]	γὰρ	_	_
2.9	1169	[4]	δὴ	_	_
2.9	1170	[6]	κατὰ	_	_
2.9	1171	[23]	τὴν	_	_
2.9	1172	[2]	φύσιν	_	_
2.9	1173	[1]	ἐχόντων	_	_
2.9	1174	[79]	,	b	_
2.9	1175	[4]	ἀλλ	_	_
2.9	1176	[32]	’	b	_
2.9	1177	[13]	ἐν	_	_
2.9	1178	[1]	τούτῳ	_	_
2.9	1179	[3]	γε	_	_
2.9	1180	[8]	τῷ	_	_
2.9	1181	[1]	λόγῳ	_	_
2.9	1182	[44]	καὶ	_	_
2.9	1183	[7]	ὡς	_	_
2.9	1184	[1]	οὐδέν	_	_
2.9	1185	[2]	ἐστι	_	_
2.9	1186	[1]	θαυμαστὸν	_	_
2.9	1187	[2]	ἐκ	_	_
2.9	1188	[1]	ψυχρῶν	_	_
2.9	1189	[3]	φύσιν	_	_
2.9	1190	[2]	χυμῶν	_	_
2.9	1191	[1]	διασαπέντων	_	_
2.9	1192	[1]	ἐξαφθῆναι	_	_
2.9	1193	[3]	πυρετὸν	_	_
2.9	1194	[2]	ἐπιδέδεικται	_	_
2.9	1195	[80]	,	b	_
2.9	1196	[45]	καὶ	_	_
2.9	1197	[8]	ὡς	_	_
2.9	1198	[11]	ἡ	_	_
2.9	1199	[1]	πᾶσα	_	_
2.9	1200	[1]	ποικιλία	_	_
2.9	1201	[25]	τῶν	_	_
2.9	1202	[1]	ἄλλων	_	_
2.9	1203	[5]	πυρετῶν	_	_
2.9	1204	[3]	ἐκ	_	_
2.9	1205	[25]	τῆς	_	_
2.9	1206	[2]	τούτων	_	_
2.9	1207	[6]	γίνεται	_	_
2.9	1208	[2]	μίξεως	_	_
2.9	1209	[44]	.	b	_
2.9	1210	[2]	ἀλλὰ	_	_
2.9	1211	[46]	καὶ	_	_
2.9	1212	[1]	οἱ	_	_
2.9	1213	[1]	ἐφήμεροι	_	_
2.9	1214	[1]	πυρετοὶ	_	_
2.9	1215	[1]	καλούμενοι	_	_
2.9	1216	[81]	,	b	_
2.9	1217	[47]	καὶ	_	_
2.9	1218	[1]	πρὸς	_	_
2.9	1219	[1]	τούτοις	_	_
2.9	1220	[2]	οἱ	_	_
2.9	1221	[1]	ἑκτικοὶ	_	_
2.9	1222	[1]	προσαγορευόμενοι	_	_
2.9	1223	[1]	ἕτερα	_	_
2.9	1224	[2]	δύο	_	_
2.9	1225	[2]	γένη	_	_
2.9	1226	[1]	εἰσὶ	_	_
2.9	1227	[82]	,	b	_
2.9	1228	[26]	τῶν	_	_
2.9	1229	[1]	ὀξέων	_	_
2.9	1230	[1]	ὀνομαζομένων	_	_
2.9	1231	[6]	πυρετῶν	_	_
2.9	1232	[1]	ἀποκεχωρισμένα	_	_
2.9	1233	[83]	,	b	_
2.9	1234	[48]	καὶ	_	_
2.9	1235	[9]	ὡς	_	_
2.9	1236	[1]	ὀξὺς	_	_
2.9	1237	[5]	πυρετὸς	_	_
2.9	1238	[84]	,	b	_
2.9	1239	[1]	ἤτοι	_	_
2.9	1240	[1]	σηπομένου	_	_
2.9	1241	[27]	τῶν	_	_
2.9	1242	[3]	εἰρημένων	_	_
2.9	1243	[1]	τινὸς	_	_
2.9	1244	[3]	χυμῶν	_	_
2.9	1245	[85]	,	b	_
2.9	1246	[10]	ἢ	_	_
2.9	1247	[1]	μορίου	_	_
2.9	1248	[1]	φλεγμαίνοντος	_	_
2.9	1249	[7]	γίνεται	_	_
2.9	1250	[86]	,	b	_
2.9	1251	[49]	καὶ	_	_
2.9	1252	[10]	ὡς	_	_
2.9	1253	[9]	τοῦ	_	_
2.9	1254	[1]	φλεγμαίνειν	_	_
2.9	1255	[1]	ἀκουστέον	_	_
2.9	1256	[5]	ἐστὶν	_	_
2.9	1257	[8]	οὐ	_	_
2.9	1258	[7]	κατὰ	_	_
2.9	1259	[24]	τὴν	_	_
2.9	1260	[1]	παλαιὰν	_	_
2.9	1261	[1]	συνήθειαν	_	_
2.9	1262	[45]	.	b	_
2.9	1263	[2]	ἅπαντα	_	_
2.9	1264	[17]	δὲ	_	_
2.9	1265	[7]	τὰ	_	_
2.9	1266	[1]	τοιαῦτα	_	_
2.9	1267	[1]	θαυμαστὰ	_	_
2.9	1268	[9]	τοῖς	_	_
2.9	1269	[3]	πολλοῖς	_	_
2.9	1270	[3]	εἶναι	_	_
2.9	1271	[1]	δοκεῖ	_	_
2.9	1272	[87]	,	b	_
2.9	1273	[1]	καθάπερ	_	_
2.9	1274	[3]	οὖν	_	_
2.9	1275	[50]	καὶ	_	_
2.9	1276	[9]	τὸ	_	_
2.9	1277	[1]	μικρῷ	_	_
2.9	1278	[2]	πρόσθεν	_	_
2.9	1279	[1]	ῥηθὲν	_	_
2.9	1280	[88]	,	b	_
2.9	1281	[7]	εἰ	_	_
2.9	1282	[1]	δύναταί	_	_
2.9	1283	[1]	ποτε	_	_
2.9	1284	[1]	μιχθῆναι	_	_
2.9	1285	[1]	διαλείπων	_	_
2.9	1286	[3]	συνεχεῖ	_	_
2.9	1287	[89]	,	b	_
2.9	1288	[3]	οὐδὲν	_	_
2.9	1289	[13]	δ	_	_
2.9	1290	[33]	’	b	_
2.9	1291	[1]	ἧττον	_	_
2.9	1292	[1]	τούτου	_	_
2.9	1293	[51]	καὶ	_	_
2.9	1294	[10]	τὸ	_	_
2.9	1295	[1]	μηδεμιᾶς	_	_
2.9	1296	[2]	ἀπυρεξίας	_	_
2.9	1297	[1]	γινομένης	_	_
2.9	1298	[12]	περὶ	_	_
2.9	1299	[8]	τὸν	_	_
2.9	1300	[1]	κάμνοντα	_	_
2.9	1301	[90]	,	b	_
2.9	1302	[1]	μεμίχθαι	_	_
2.9	1303	[1]	μόνους	_	_
2.9	1304	[5]	τοὺς	_	_
2.9	1305	[1]	διαλείποντας	_	_
2.9	1306	[1]	πυρετούς	_	_
2.9	1307	[46]	.	b	_
2.9	1308	[3]	ἀλλὰ	_	_
2.9	1309	[52]	καὶ	_	_
2.9	1310	[1]	τοῦτ	_	_
2.9	1311	[34]	’	b	_
2.9	1312	[1]	ἐπεδείξαμεν	_	_
2.9	1313	[3]	ἐναργῶς	_	_
2.9	1314	[9]	οὐ	_	_
2.9	1315	[1]	τριταίοις	_	_
2.9	1316	[1]	μόνον	_	_
2.9	1317	[91]	,	b	_
2.9	1318	[11]	ἢ	_	_
2.9	1319	[1]	ἀμφημερινοῖς	_	_
2.9	1320	[92]	,	b	_
2.9	1321	[4]	ἀλλὰ	_	_
2.9	1322	[53]	καὶ	_	_
2.9	1323	[1]	τεταρταίοις	_	_
2.9	1324	[1]	συμπίπτειν	_	_
2.9	1325	[3]	·	b	_
2.9	1326	[1]	ἐπειδὰν	_	_
2.9	1327	[11]	γὰρ	_	_
2.9	1328	[1]	ἐπιπλακῶσιν	_	_
2.9	1329	[3]	ἀλλήλοις	_	_
2.9	1330	[1]	πλείους	_	_
2.9	1331	[93]	,	b	_
2.9	1332	[1]	εἴτ	_	_
2.9	1333	[35]	’	b	_
2.9	1334	[4]	οὖν	_	_
2.9	1335	[1]	ὁμογενεῖς	_	_
2.9	1336	[94]	,	b	_
2.9	1337	[3]	εἴτε	_	_
2.9	1338	[54]	καὶ	_	_
2.9	1339	[2]	μὴ	_	_
2.9	1340	[95]	,	b	_
2.9	1341	[1]	φθάνει	_	_
2.9	1342	[2]	πολλάκις	_	_
2.9	1343	[10]	ὁ	_	_
2.9	1344	[1]	δεύτερος	_	_
2.9	1345	[1]	ἄρχεσθαι	_	_
2.9	1346	[96]	,	b	_
2.9	1347	[1]	πρὶν	_	_
2.9	1348	[3]	εἰς	_	_
2.9	1349	[2]	ἀπυρεξίαν	_	_
2.9	1350	[2]	﻿	_	_
2.9	1351	[1]	ἀκριβῆ	_	_
2.9	1352	[1]	παύσασθαι	_	_
2.9	1353	[9]	τὸν	_	_
2.9	1354	[3]	πρῶτον	_	_
2.9	1355	[4]	·	b	_
2.9	1356	[2]	εἶτ	_	_
2.9	1357	[36]	’	b	_
2.9	1358	[3]	αὖθις	_	_
2.9	1359	[10]	τὸν	_	_
2.9	1360	[1]	δεύτερον	_	_
2.9	1361	[5]	·	b	_
2.9	1362	[11]	ὁ	_	_
2.9	1363	[1]	τρίτος	_	_
2.9	1364	[1]	ὡσαύτως	_	_
2.9	1365	[1]	διαδέχεται	_	_
2.9	1366	[97]	,	b	_
2.9	1367	[2]	πρὶν	_	_
2.9	1368	[55]	καὶ	_	_
2.9	1369	[4]	τοῦτον	_	_
2.9	1370	[4]	εἰς	_	_
2.9	1371	[3]	ἀπυρεξίαν	_	_
2.9	1372	[1]	ἀφικέσθαι	_	_
2.9	1373	[47]	.	b	_
2.9	1374	[2]	μάλιστα	_	_
2.9	1375	[18]	δὲ	_	_
2.9	1376	[2]	συμβαίνει	_	_
2.9	1377	[2]	τοῦτ	_	_
2.9	1378	[37]	’	b	_
2.9	1379	[14]	ἐν	_	_
2.9	1380	[10]	τοῖς	_	_
2.9	1381	[1]	μακροτέροις	_	_
2.9	1382	[1]	παροξυσμοῖς	_	_
2.9	1383	[48]	.	b	_
2.9	1384	[15]	ἐν	_	_
2.9	1385	[12]	γὰρ	_	_
2.9	1386	[11]	τοῖς	_	_
2.9	1387	[1]	ἐντὸς	_	_
2.9	1388	[10]	τοῦ	_	_
2.9	1389	[1]	πρώτου	_	_
2.9	1390	[1]	διαστήματος	_	_
2.9	1391	[1]	παυομένοις	_	_
2.9	1392	[98]	,	b	_
2.9	1393	[3]	οὕτω	_	_
2.9	1394	[14]	δ	_	_
2.9	1395	[38]	’	b	_
2.9	1396	[1]	ὀνομάζουσι	_	_
2.9	1397	[11]	τὸν	_	_
2.9	1398	[28]	τῶν	_	_
2.9	1399	[1]	δώδεκα	_	_
2.9	1400	[1]	ὡρῶν	_	_
2.9	1401	[1]	χρόνον	_	_
2.9	1402	[99]	,	b	_
2.9	1403	[12]	ἢ	_	_
2.9	1404	[1]	παμπόλλας	_	_
2.9	1405	[1]	ἐπιπλακῆναι	_	_
2.9	1406	[4]	χρὴ	_	_
2.9	1407	[1]	περιόδους	_	_
2.9	1408	[100]	,	b	_
2.9	1409	[1]	ἤ	_	_
2.9	1410	[12]	τὸν	_	_
2.9	1411	[4]	ἐκ	_	_
2.9	1412	[29]	τῶν	_	_
2.9	1413	[2]	διαλειπόντων	_	_
2.9	1414	[1]	συντεθειμένον	_	_
2.9	1415	[1]	ἀδύνατον	_	_
2.9	1416	[5]	εἰς	_	_
2.9	1417	[1]	συνέχειαν	_	_
2.9	1418	[2]	ἀφικέσθαι	_	_
2.9	1419	[49]	.	b	_
2.9	1420	[1]	παμπόλλους	_	_
2.9	1421	[19]	δὲ	_	_
2.9	1422	[30]	τῶν	_	_
2.9	1423	[4]	οὕτως	_	_
2.9	1424	[2]	ἐπιπλεκομένων	_	_
2.9	1425	[7]	πυρετῶν	_	_
2.9	1426	[3]	οἱ	_	_
2.9	1427	[3]	μὴ	_	_
2.9	1428	[1]	γεγυμνασμένοι	_	_
2.9	1429	[13]	περὶ	_	_
2.9	1430	[8]	τὰ	_	_
2.9	1431	[2]	τοιαῦτα	_	_
2.9	1432	[31]	τῶν	_	_
2.9	1433	[1]	ἰατρῶν	_	_
2.9	1434	[101]	,	b	_
2.9	1435	[8]	εἰ	_	_
2.9	1436	[18]	μὲν	_	_
2.9	1437	[1]	ὀξύτεροι	_	_
2.9	1438	[1]	φαίνοιντο	_	_
2.9	1439	[102]	,	b	_
2.9	1440	[1]	πάντας	_	_
2.9	1441	[1]	ἡμιτριταίους	_	_
2.9	1442	[1]	ὀνομάζουσιν	_	_
2.9	1443	[103]	,	b	_
2.9	1444	[9]	εἰ	_	_
2.9	1445	[20]	δὲ	_	_
2.9	1446	[1]	βραδύτεροι	_	_
2.9	1447	[1]	κινοῖντο	_	_
2.9	1448	[104]	,	b	_
2.9	1449	[1]	πλάνητας	_	_
2.9	1450	[50]	.	b	_
2.9	1451	[1]	ἐπειδὴ	_	_
2.9	1452	[13]	γὰρ	_	_
2.9	1453	[1]	ἅπαξ	_	_
2.9	1454	[1]	ἐξουσίαν	_	_
2.9	1455	[1]	ἔλαβον	_	_
2.9	1456	[2]	ἔν	_	_
2.9	1457	[18]	τε	_	_
2.9	1458	[12]	τοῖς	_	_
2.9	1459	[1]	ἡμιτριταίοις	_	_
2.9	1460	[1]	ὑποστολὰς	_	_
2.9	1461	[1]	πολλὰς	_	_
2.9	1462	[3]	γίνεσθαι	_	_
2.9	1463	[1]	νομίζειν	_	_
2.9	1464	[3]	ἔν	_	_
2.9	1465	[19]	τε	_	_
2.9	1466	[13]	τοῖς	_	_
2.9	1467	[1]	πλάνησιν	_	_
2.9	1468	[1]	ἀτάκτους	_	_
2.9	1469	[2]	ἀρχὰς	_	_
2.9	1470	[105]	,	b	_
2.9	1471	[1]	ἅπαντας	_	_
2.9	1472	[4]	οὕτω	_	_
2.9	1473	[6]	τοὺς	_	_
2.9	1474	[2]	πυρετοὺς	_	_
2.9	1475	[106]	,	b	_
2.9	1476	[2]	ἐφ	_	_
2.9	1477	[39]	’	b	_
2.9	1478	[3]	ὧν	_	_
2.9	1479	[1]	οὐχ	_	_
2.9	1480	[1]	εὑρίσκουσι	_	_
2.9	1481	[25]	τὴν	_	_
2.9	1482	[1]	σύνθεσιν	_	_
2.9	1483	[107]	,	b	_
2.9	1484	[2]	ἡμιτριταίους	_	_
2.9	1485	[108]	,	b	_
2.9	1486	[13]	ἢ	_	_
2.9	1487	[2]	πλάνητας	_	_
2.9	1488	[2]	ὀνομάζουσι	_	_
2.9	1489	[109]	,	b	_
2.9	1490	[1]	καίτοι	_	_
2.9	1491	[4]	γε	_	_
2.9	1492	[3]	πολλάκις	_	_
2.9	1493	[1]	σαφεστάτην	_	_
2.9	1494	[1]	ἔχουσι	_	_
2.9	1495	[26]	τὴν	_	_
2.9	1496	[1]	ἀναλογίαν	_	_
2.9	1497	[51]	.	b	_
2.9	1498	[2]	ὥσπερ	_	_
2.9	1499	[12]	ὁ	_	_
2.9	1500	[1]	νεανίσκος	_	_
2.9	1501	[13]	ὁ	_	_
2.9	1502	[14]	περὶ	_	_
2.9	1503	[9]	τὰ	_	_
2.9	1504	[1]	τέλη	_	_
2.9	1505	[11]	τοῦ	_	_
2.9	1506	[1]	φθινοπώρου	_	_
2.9	1507	[11]	τῇ	_	_
2.9	1508	[4]	πρώτῃ	_	_
2.9	1509	[32]	τῶν	_	_
2.9	1510	[7]	ἡμερῶν	_	_
2.9	1511	[4]	ὥρας	_	_
2.9	1512	[4]	που	_	_
2.9	1513	[1]	πέμπτης	_	_
2.9	1514	[1]	ἀρξάμενος	_	_
2.9	1515	[1]	πυρέττειν	_	_
2.9	1516	[3]	ἅμα	_	_
2.9	1517	[2]	ῥίγει	_	_
2.9	1518	[1]	βραχεῖ	_	_
2.9	1519	[110]	,	b	_
2.9	1520	[3]	κᾄπειτα	_	_
2.9	1521	[1]	βαθείας	_	_
2.9	1522	[1]	ἑσπέρας	_	_
2.9	1523	[1]	ἱδρώσας	_	_
2.9	1524	[3]	ὀλίγον	_	_
2.9	1525	[111]	,	b	_
2.9	1526	[4]	εἶθ	_	_
2.9	1527	[40]	’	b	_
2.9	1528	[5]	ὥρας	_	_
2.9	1529	[5]	που	_	_
2.9	1530	[3]	νυκτὸς	_	_
2.9	1531	[1]	ἑβδόμης	_	_
2.9	1532	[112]	,	b	_
2.9	1533	[3]	πρὶν	_	_
2.9	1534	[2]	ἀπύρετον	_	_
2.9	1535	[9]	ἀκριβῶς	_	_
2.9	1536	[1]	γενέσθαι	_	_
2.9	1537	[113]	,	b	_
2.9	1538	[2]	πυρέττειν	_	_
2.9	1539	[4]	αὖθις	_	_
2.9	1540	[2]	ἀρξάμενος	_	_
2.9	1541	[9]	ἐπὶ	_	_
2.9	1542	[3]	ῥίγει	_	_
2.9	1543	[2]	βραχεῖ	_	_
2.9	1544	[114]	,	b	_
2.9	1545	[1]	κᾄπειτ	_	_
2.9	1546	[41]	’	b	_
2.9	1547	[4]	ὀλίγον	_	_
2.9	1548	[2]	ἱδρώσας	_	_
2.9	1549	[16]	ἐν	_	_
2.9	1550	[12]	τῇ	_	_
2.9	1551	[3]	δευτέρᾳ	_	_
2.9	1552	[33]	τῶν	_	_
2.9	1553	[8]	ἡμερῶν	_	_
2.9	1554	[115]	,	b	_
2.9	1555	[2]	εἶτα	_	_
2.9	1556	[15]	περὶ	_	_
2.9	1557	[1]	δεκάτην	_	_
2.9	1558	[5]	ὥραν	_	_
2.9	1559	[5]	αὖθις	_	_
2.9	1560	[2]	ὁμοίως	_	_
2.9	1561	[1]	παροξυνθεὶς	_	_
2.9	1562	[116]	,	b	_
2.9	1563	[5]	εἶθ	_	_
2.9	1564	[42]	’	b	_
2.9	1565	[3]	ἱδρώσας	_	_
2.9	1566	[4]	πάλιν	_	_
2.9	1567	[3]	ὁμοίως	_	_
2.9	1568	[17]	ἐν	_	_
2.9	1569	[13]	τῇ	_	_
2.9	1570	[1]	νυκτὶ	_	_
2.9	1571	[117]	,	b	_
2.9	1572	[4]	κᾄπειτα	_	_
2.9	1573	[14]	τῇ	_	_
2.9	1574	[1]	τρίτῃ	_	_
2.9	1575	[34]	τῶν	_	_
2.9	1576	[9]	ἡμερῶν	_	_
2.9	1577	[6]	ὥρας	_	_
2.9	1578	[6]	που	_	_
2.9	1579	[5]	δευτέρας	_	_
2.9	1580	[4]	ἅμα	_	_
2.9	1581	[4]	ῥίγει	_	_
2.9	1582	[3]	πυρέττειν	_	_
2.9	1583	[3]	ἀρξάμενος	_	_
2.9	1584	[118]	,	b	_
2.9	1585	[4]	πρὶν	_	_
2.9	1586	[27]	τὴν	_	_
2.9	1587	[1]	προτέραν	_	_
2.9	1588	[1]	παρακμὴν	_	_
2.9	1589	[6]	εἰς	_	_
2.9	1590	[4]	ἀπυρεξίαν	_	_
2.9	1591	[1]	τελευτῆσαι	_	_
2.9	1592	[52]	.	b	_
2.9	1593	[1]	ἡμῖν	_	_
2.9	1594	[19]	μὲν	_	_
2.9	1595	[5]	οὖν	_	_
2.9	1596	[1]	ἅπασαν	_	_
2.9	1597	[28]	τὴν	_	_
2.9	1598	[1]	ἰδέαν	_	_
2.9	1599	[12]	τοῦ	_	_
2.9	1600	[3]	πυρετοῦ	_	_
2.9	1601	[1]	ἐπισκεψαμένοις	_	_
2.9	1602	[1]	ἐπιπλοκὴ	_	_
2.9	1603	[1]	τριταίων	_	_
2.9	1604	[1]	ἐπεφαίνετο	_	_
2.9	1605	[1]	τριῶν	_	_
2.9	1606	[53]	.	b	_
2.9	1607	[2]	ὅ	_	_
2.9	1608	[20]	τε	_	_
2.9	1609	[14]	γὰρ	_	_
2.9	1610	[18]	ἐν	_	_
2.9	1611	[15]	τῇ	_	_
2.9	1612	[5]	πρώτῃ	_	_
2.9	1613	[35]	τῶν	_	_
2.9	1614	[1]	ἡμε	_	_
2.9	1615	[1]	ρῶν	_	_
2.9	1616	[4]	ἀρξάμενος	_	_
2.9	1617	[7]	ὥρας	_	_
2.9	1618	[2]	πέμπτης	_	_
2.9	1619	[119]	,	b	_
2.9	1620	[3]	ὅ	_	_
2.9	1621	[1]	τ	_	_
2.9	1622	[43]	’	b	_
2.9	1623	[19]	ἐν	_	_
2.9	1624	[16]	τῇ	_	_
2.9	1625	[2]	μετὰ	_	_
2.9	1626	[1]	ταύτην	_	_
2.9	1627	[2]	νυκτὶ	_	_
2.9	1628	[5]	πάλιν	_	_
2.9	1629	[2]	ἑβδόμης	_	_
2.9	1630	[120]	,	b	_
2.9	1631	[4]	ὅ	_	_
2.9	1632	[2]	τ	_	_
2.9	1633	[44]	’	b	_
2.9	1634	[10]	ἐπὶ	_	_
2.9	1635	[26]	τῆς	_	_
2.9	1636	[6]	δευτέρας	_	_
2.9	1637	[5]	ἡμέρας	_	_
2.9	1638	[8]	ὥρας	_	_
2.9	1639	[1]	δεκάτης	_	_
2.9	1640	[121]	,	b	_
2.9	1641	[1]	ἅπαντά	_	_
2.9	1642	[21]	τε	_	_
2.9	1643	[10]	τὰ	_	_
2.9	1644	[36]	τῶν	_	_
2.9	1645	[1]	σφυγμῶν	_	_
2.9	1646	[1]	ἴδια	_	_
2.9	1647	[56]	καὶ	_	_
2.9	1648	[11]	τὰ	_	_
2.9	1649	[27]	τῆς	_	_
2.9	1650	[2]	θερμασίας	_	_
2.9	1651	[1]	ἀπέσωζον	_	_
2.9	1652	[2]	τριταίων	_	_
2.9	1653	[54]	.	b	_
2.9	1654	[5]	ἤδη	_	_
2.9	1655	[21]	δὲ	_	_
2.9	1656	[57]	καὶ	_	_
2.9	1657	[11]	τὸ	_	_
2.9	1658	[3]	μετὰ	_	_
2.9	1659	[2]	ῥίγους	_	_
2.9	1660	[58]	καὶ	_	_
2.9	1661	[12]	τὸ	_	_
2.9	1662	[3]	σὺν	_	_
2.9	1663	[2]	ἱδρῶτι	_	_
2.9	1664	[3]	τριταίων	_	_
2.9	1665	[1]	ἴδιον	_	_
2.9	1666	[1]	εἶχον	_	_
2.9	1667	[122]	,	b	_
2.9	1668	[1]	οὐδεὶς	_	_
2.9	1669	[15]	δ	_	_
2.9	1670	[45]	’	b	_
2.9	1671	[5]	αὐτῶν	_	_
2.9	1672	[7]	εἰς	_	_
2.9	1673	[5]	ἀπυρεξίαν	_	_
2.9	1674	[1]	ἐπαύετο	_	_
2.9	1675	[123]	,	b	_
2.9	1676	[9]	τῷ	_	_
2.9	1677	[1]	φθάνειν	_	_
2.9	1678	[2]	ἄρχεσθαι	_	_
2.9	1679	[13]	τοῦ	_	_
2.9	1680	[1]	μετ	_	_
2.9	1681	[46]	’	b	_
2.9	1682	[4]	αὐτὸν	_	_
2.9	1683	[6]	τριταίου	_	_
2.9	1684	[13]	τὸν	_	_
2.9	1685	[3]	παροξυσμὸν	_	_
2.9	1686	[124]	,	b	_
2.9	1687	[11]	ὡς	_	_
2.9	1688	[2]	εἴ	_	_
2.9	1689	[5]	γε	_	_
2.9	1690	[1]	μηδεὶς	_	_
2.9	1691	[3]	ἕτερος	_	_
2.9	1692	[1]	ἐπελάμβανεν	_	_
2.9	1693	[125]	,	b	_
2.9	1694	[2]	ὡρῶν	_	_
2.9	1695	[2]	ἄν	_	_
2.9	1696	[7]	που	_	_
2.9	1697	[2]	τριῶν	_	_
2.9	1698	[126]	,	b	_
2.9	1699	[14]	ἢ	_	_
2.9	1700	[1]	τεττάρων	_	_
2.9	1701	[2]	ἄλλων	_	_
2.9	1702	[127]	,	b	_
2.9	1703	[1]	ἀπύρετος	_	_
2.9	1704	[14]	ὁ	_	_
2.9	1705	[1]	ἄνθρωπος	_	_
2.9	1706	[10]	ἀκριβῶς	_	_
2.9	1707	[1]	ἂν	_	_
2.9	1708	[1]	ἐγίνετο	_	_
2.9	1709	[55]	.	b	_
2.9	1710	[3]	τριῶν	_	_
2.9	1711	[20]	μὲν	_	_
2.9	1712	[5]	δὴ	_	_
2.9	1713	[4]	τριταίων	_	_
2.9	1714	[2]	ἐπιπλοκὴ	_	_
2.9	1715	[8]	κατὰ	_	_
2.9	1716	[29]	τὴν	_	_
2.9	1717	[4]	δευτέραν	_	_
2.9	1718	[3]	εὐθὺς	_	_
2.9	1719	[2]	ἡμῖν	_	_
2.9	1720	[1]	ἐφαίνετο	_	_
2.9	1721	[4]	σαφῶς	_	_
2.9	1722	[56]	.	b	_
2.9	1723	[13]	τὸ	_	_
2.9	1724	[16]	δ	_	_
2.9	1725	[47]	’	b	_
2.9	1726	[1]	ὅτι	_	_
2.9	1727	[59]	καὶ	_	_
2.9	1728	[1]	προληπτικῶς	_	_
2.9	1729	[1]	παροξυνόντων	_	_
2.9	1730	[128]	,	b	_
2.9	1731	[11]	ἐπὶ	_	_
2.9	1732	[28]	τῆς	_	_
2.9	1733	[6]	τρίτης	_	_
2.9	1734	[4]	πρῶτον	_	_
2.9	1735	[1]	ἐγνώσθη	_	_
2.9	1736	[57]	.	b	_
2.9	1737	[7]	δευτέρας	_	_
2.9	1738	[21]	μὲν	_	_
2.9	1739	[15]	γὰρ	_	_
2.9	1740	[9]	ὥρας	_	_
2.9	1741	[15]	ὁ	_	_
2.9	1742	[6]	παροξυσμὸς	_	_
2.9	1743	[1]	εἰσέβαλλεν	_	_
2.9	1744	[129]	,	b	_
2.9	1745	[10]	οὐ	_	_
2.9	1746	[3]	πέμπτης	_	_
2.9	1747	[130]	,	b	_
2.9	1748	[3]	ὥσπερ	_	_
2.9	1749	[20]	ἐν	_	_
2.9	1750	[17]	τῇ	_	_
2.9	1751	[6]	πρώτῃ	_	_
2.9	1752	[58]	.	b	_
2.9	1753	[12]	τὰ	_	_
2.9	1754	[22]	δὲ	_	_
2.9	1755	[29]	τῆς	_	_
2.9	1756	[3]	τριταίας	_	_
2.9	1757	[4]	περιόδου	_	_
2.9	1758	[2]	γνωρίσματα	_	_
2.9	1759	[1]	πάντα	_	_
2.9	1760	[1]	ἐναργέστερα	_	_
2.9	1761	[37]	τῶν	_	_
2.9	1762	[12]	ἐπὶ	_	_
2.9	1763	[30]	τῆς	_	_
2.9	1764	[3]	πρώτης	_	_
2.9	1765	[6]	ἡμέρας	_	_
2.9	1766	[1]	ἐκόμισεν	_	_
2.9	1767	[59]	.	b	_
2.9	1768	[1]	ἐντεῦθεν	_	_
2.9	1769	[23]	δὲ	_	_
2.9	1770	[1]	παραφυλάττοντες	_	_
2.9	1771	[2]	ἅπαντας	_	_
2.9	1772	[1]	εὕρομεν	_	_
2.9	1773	[7]	τοὺς	_	_
2.9	1774	[1]	παροξυσμοὺς	_	_
2.9	1775	[15]	ἢ	_	_
2.9	1776	[1]	δυσὶν	_	_
2.9	1777	[131]	,	b	_
2.9	1778	[16]	ἢ	_	_
2.9	1779	[1]	τρισὶν	_	_
2.9	1780	[2]	ὥραις	_	_
2.9	1781	[1]	προλαμβάνοντας	_	_
2.9	1782	[132]	,	b	_
2.9	1783	[2]	ὥστε	_	_
2.9	1784	[60]	καὶ	_	_
2.9	1785	[14]	τὸν	_	_
2.9	1786	[1]	ἀνάλογον	_	_
2.9	1787	[10]	τῷ	_	_
2.9	1788	[1]	πρώτῳ	_	_
2.9	1789	[9]	κατὰ	_	_
2.9	1790	[30]	τὴν	_	_
2.9	1791	[2]	περίοδον	_	_
2.9	1792	[1]	ἀπαντῶντα	_	_
2.9	1793	[133]	,	b	_
2.9	1794	[18]	τῇ	_	_
2.9	1795	[22]	μὲν	_	_
2.9	1796	[1]	πέμπτῃ	_	_
2.9	1797	[38]	τῶν	_	_
2.9	1798	[10]	ἡμερῶν	_	_
2.9	1799	[1]	ἀνίσχοντος	_	_
2.9	1800	[2]	ἡλίου	_	_
2.9	1801	[2]	γενέσθαι	_	_
2.9	1802	[134]	,	b	_
2.9	1803	[19]	τῇ	_	_
2.9	1804	[17]	δ	_	_
2.9	1805	[48]	’	b	_
2.9	1806	[1]	ἑβδόμῃ	_	_
2.9	1807	[3]	πολὺ	_	_
2.9	1808	[1]	θᾶττον	_	_
2.9	1809	[135]	,	b	_
2.9	1810	[12]	ὡς	_	_
2.9	1811	[16]	περὶ	_	_
2.9	1812	[6]	ὥραν	_	_
2.9	1813	[8]	που	_	_
2.9	1814	[31]	τῆς	_	_
2.9	1815	[4]	νυκτὸς	_	_
2.9	1816	[1]	ἐννάτην	_	_
2.9	1817	[136]	,	b	_
2.9	1818	[6]	εἶθ	_	_
2.9	1819	[49]	’	b	_
2.9	1820	[16]	ὁ	_	_
2.9	1821	[4]	μετὰ	_	_
2.9	1822	[5]	τοῦτον	_	_
2.9	1823	[2]	ἀνάλογον	_	_
2.9	1824	[137]	,	b	_
2.9	1825	[1]	ὥρᾳ	_	_
2.9	1826	[5]	νυκτὸς	_	_
2.9	1827	[2]	ἑβδόμῃ	_	_
2.9	1828	[60]	.	b	_
2.9	1829	[17]	ὁ	_	_
2.9	1830	[18]	δ	_	_
2.9	1831	[50]	’	b	_
2.9	1832	[1]	ἐφεξῆς	_	_
2.9	1833	[1]	τετάρτῃ	_	_
2.9	1834	[1]	ἐγένετο	_	_
2.9	1835	[138]	,	b	_
2.9	1836	[1]	τοὐντεῦθεν	_	_
2.9	1837	[24]	δὲ	_	_
2.9	1838	[6]	πάλιν	_	_
2.9	1839	[18]	ὁ	_	_
2.9	1840	[23]	μὲν	_	_
2.9	1841	[2]	ἐφεξῆς	_	_
2.9	1842	[2]	τετάρτῃ	_	_
2.9	1843	[139]	,	b	_
2.9	1844	[19]	ὁ	_	_
2.9	1845	[19]	δ	_	_
2.9	1846	[51]	’	b	_
2.9	1847	[13]	ἐπὶ	_	_
2.9	1848	[2]	τούτῳ	_	_
2.9	1849	[2]	πέμπτῃ	_	_
2.9	1850	[140]	,	b	_
2.9	1851	[7]	εἶθ	_	_
2.9	1852	[52]	’	b	_
2.9	1853	[1]	ἕκτῃ	_	_
2.9	1854	[6]	αὖθις	_	_
2.9	1855	[141]	,	b	_
2.9	1856	[3]	εἶτ	_	_
2.9	1857	[53]	’	b	_
2.9	1858	[1]	ὀγδόῃ	_	_
2.9	1859	[142]	,	b	_
2.9	1860	[20]	ὁ	_	_
2.9	1861	[1]	δέκατος	_	_
2.9	1862	[1]	ἀπὸ	_	_
2.9	1863	[32]	τῆς	_	_
2.9	1864	[1]	ἀρχῆς	_	_
2.9	1865	[2]	ἐγένετο	_	_
2.9	1866	[1]	παροξυσμός	_	_
2.9	1867	[61]	.	b	_
2.9	1868	[3]	ἀνάλογον	_	_
2.9	1869	[25]	δὲ	_	_
2.9	1870	[3]	τούτῳ	_	_
2.9	1871	[61]	καὶ	_	_
2.9	1872	[4]	οἱ	_	_
2.9	1873	[1]	ἄλλοι	_	_
2.9	1874	[3]	δύο	_	_
2.9	1875	[5]	μετὰ	_	_
2.9	1876	[31]	τὴν	_	_
2.9	1877	[1]	ἑβδόμην	_	_
2.9	1878	[3]	περίοδον	_	_
2.9	1879	[11]	οὐ	_	_
2.9	1880	[2]	μόνον	_	_
2.9	1881	[12]	οὐ	_	_
2.9	1882	[1]	προελάμβανον	_	_
2.9	1883	[143]	,	b	_
2.9	1884	[5]	ἀλλὰ	_	_
2.9	1885	[62]	καὶ	_	_
2.9	1886	[1]	ὑστέριζον	_	_
2.9	1887	[144]	,	b	_
2.9	1888	[1]	ὅτε	_	_
2.9	1889	[6]	δὴ	_	_
2.9	1890	[63]	καὶ	_	_
2.9	1891	[1]	σαφέστατον	_	_
2.9	1892	[1]	πᾶσιν	_	_
2.9	1893	[1]	ἐφάνη	_	_
2.9	1894	[145]	,	b	_
2.9	1895	[64]	καὶ	_	_
2.9	1896	[14]	τοῖς	_	_
2.9	1897	[2]	ἡμιτριταῖον	_	_
2.9	1898	[4]	εἶναι	_	_
2.9	1899	[1]	νομίζουσιν	_	_
2.9	1900	[5]	αὐτὸν	_	_
2.9	1901	[146]	,	b	_
2.9	1902	[13]	ὡς	_	_
2.9	1903	[1]	ἐσφάλλοντο	_	_
2.9	1904	[13]	τὰ	_	_
2.9	1905	[1]	μέγιστα	_	_
2.9	1906	[62]	.	b	_
2.9	1907	[14]	τοῦ	_	_
2.9	1908	[22]	τε	_	_
2.9	1909	[16]	γὰρ	_	_
2.9	1910	[1]	μήκους	_	_
2.9	1911	[39]	τῶν	_	_
2.9	1912	[3]	παροξυσμῶν	_	_
2.9	1913	[8]	εἰς	_	_
2.9	1914	[10]	ὥρας	_	_
2.9	1915	[1]	ὀκτὼ	_	_
2.9	1916	[1]	συναιρεθέντος	_	_
2.9	1917	[147]	,	b	_
2.9	1918	[1]	αὐτῆς	_	_
2.9	1919	[23]	τε	_	_
2.9	1920	[33]	τῆς	_	_
2.9	1921	[1]	εἰσβολῆς	_	_
2.9	1922	[1]	οὐκέτι	_	_
2.9	1923	[2]	προληπτικῶς	_	_
2.9	1924	[2]	γινομένης	_	_
2.9	1925	[148]	,	b	_
2.9	1926	[5]	ἀλλ	_	_
2.9	1927	[54]	’	b	_
2.9	1928	[14]	ὡς	_	_
2.9	1929	[1]	ὥραιν	_	_
2.9	1930	[9]	που	_	_
2.9	1931	[1]	δυοῖν	_	_
2.9	1932	[1]	ὑστεριζούσης	_	_
2.9	1933	[149]	,	b	_
2.9	1934	[9]	εἰς	_	_
2.9	1935	[6]	ἀπυρεξίαν	_	_
2.9	1936	[1]	ἐπαύοντο	_	_
2.9	1937	[1]	τελείαν	_	_
2.9	1938	[5]	οἱ	_	_
2.9	1939	[1]	παροξυσμοὶ	_	_
2.9	1940	[150]	,	b	_
2.9	1941	[65]	καὶ	_	_
2.9	1942	[5]	οὕτω	_	_
2.9	1943	[7]	δὴ	_	_
2.9	1944	[10]	κατὰ	_	_
2.9	1945	[1]	βραχὺ	_	_
2.9	1946	[15]	τοῦ	_	_
2.9	1947	[2]	μήκους	_	_
2.9	1948	[1]	ἀφαιροῦντες	_	_
2.9	1949	[1]	ἐπαύσαντο	_	_
2.9	1950	[151]	,	b	_
2.9	1951	[5]	πρῶτον	_	_
2.9	1952	[24]	μὲν	_	_
2.9	1953	[21]	ὁ	_	_
2.9	1954	[1]	κουφότατος	_	_
2.9	1955	[152]	,	b	_
2.9	1956	[3]	ἐφεξῆς	_	_
2.9	1957	[26]	δὲ	_	_
2.9	1958	[22]	ὁ	_	_
2.9	1959	[2]	δεύτερος	_	_
2.9	1960	[11]	τῷ	_	_
2.9	1961	[1]	μεγέθει	_	_
2.9	1962	[153]	,	b	_
2.9	1963	[66]	καὶ	_	_
2.9	1964	[2]	τρίτος	_	_
2.9	1965	[23]	ὁ	_	_
2.9	1966	[1]	σφοδρότατος	_	_
2.9	1967	[3]	ἐξ	_	_
2.9	1968	[6]	αὐτῶν	_	_
2.9	1969	[63]	.	b	_
2.9	1970	[4]	ὅπερ	_	_
2.9	1971	[1]	οὐδ	_	_
2.9	1972	[55]	’	b	_
2.9	1973	[1]	αὐτὸ	_	_
2.9	1974	[1]	μετρίως	_	_
2.9	1975	[1]	ἐμαρτύρησε	_	_
2.9	1976	[2]	τρεῖς	_	_
2.9	1977	[5]	εἶναι	_	_
2.9	1978	[1]	τριταίους	_	_
2.9	1979	[4]	εὐθὺς	_	_
2.9	1980	[4]	ἐξ	_	_
2.9	1981	[2]	ἀρχῆς	_	_
2.9	1982	[1]	αὐτούς	_	_
2.9	1983	[64]	.	b	_
2.9	1984	[6]	ἀλλ	_	_
2.9	1985	[56]	’	b	_
2.9	1986	[1]	οὗπερ	_	_
2.9	1987	[1]	ἕνεκα	_	_
2.9	1988	[1]	ταῦτα	_	_
2.9	1989	[1]	σύμπαντα	_	_
2.9	1990	[1]	λέγεται	_	_
2.9	1991	[154]	,	b	_
2.9	1992	[14]	ἐπὶ	_	_
2.9	1993	[3]	τοῦτ	_	_
2.9	1994	[57]	’	b	_
2.9	1995	[7]	αὖθις	_	_
2.9	1996	[1]	ἐπάνειμι	_	_
2.9	1997	[155]	,	b	_
2.9	1998	[14]	τὸ	_	_
2.9	1999	[1]	δεῖν	_	_
2.9	2000	[1]	ἠσκῆσθαι	_	_
2.9	2001	[3]	διαγινώσκειν	_	_
2.9	2002	[11]	ἀκριβῶς	_	_
2.9	2003	[1]	ἁπάσας	_	_
2.9	2004	[4]	τὰς	_	_
2.9	2005	[2]	ἁπλᾶς	_	_
2.9	2006	[1]	διαθέσεις	_	_
2.9	2007	[156]	,	b	_
2.9	2008	[3]	ὥστε	_	_
2.9	2009	[67]	καὶ	_	_
2.9	2010	[1]	μόνας	_	_
2.9	2011	[1]	συνισταμένας	_	_
2.9	2012	[5]	εὐθὺς	_	_
2.9	2013	[2]	ἀπὸ	_	_
2.9	2014	[34]	τῆς	_	_
2.9	2015	[4]	πρώτης	_	_
2.9	2016	[7]	ἡμέρας	_	_
2.9	2017	[5]	ἐκ	_	_
2.9	2018	[16]	τοῦ	_	_
2.9	2019	[1]	ῥᾴστου	_	_
2.9	2020	[3]	γνωρίζειν	_	_
2.9	2021	[157]	,	b	_
2.9	2022	[1]	ἐπιπλεκομένας	_	_
2.9	2023	[27]	δὲ	_	_
2.9	2024	[1]	ἀλλήλαις	_	_
2.9	2025	[68]	καὶ	_	_
2.9	2026	[1]	αὐτὰς	_	_
2.9	2027	[158]	,	b	_
2.9	2028	[10]	εἰ	_	_
2.9	2029	[69]	καὶ	_	_
2.9	2030	[4]	μὴ	_	_
2.9	2031	[11]	κατὰ	_	_
2.9	2032	[32]	τὴν	_	_
2.9	2033	[2]	πρώτην	_	_
2.9	2034	[8]	ἡμέραν	_	_
2.9	2035	[159]	,	b	_
2.9	2036	[6]	ἀλλὰ	_	_
2.9	2037	[12]	κατὰ	_	_
2.9	2038	[33]	τὴν	_	_
2.9	2039	[5]	δευτέραν	_	_
2.9	2040	[1]	γοῦν	_	_
2.9	2041	[160]	,	b	_
2.9	2042	[17]	ἢ	_	_
2.9	2043	[34]	τὴν	_	_
2.9	2044	[3]	τρίτην	_	_
2.9	2045	[161]	,	b	_
2.9	2046	[18]	ἢ	_	_
2.9	2047	[3]	πάντως	_	_
2.9	2048	[6]	γε	_	_
2.9	2049	[35]	τὴν	_	_
2.9	2050	[3]	τετάρτην	_	_
2.9	2051	[12]	ἀκριβῶς	_	_
2.9	2052	[1]	ἐπιγινώσκειν	_	_
2.9	2053	[65]	.	b	_
2.9	2054	[1]	ἡμᾶς	_	_
2.9	2055	[6]	οὖν	_	_
2.9	2056	[3]	οὐκ	_	_
2.9	2057	[1]	ἔλαθον	_	_
2.9	2058	[6]	οἱ	_	_
2.9	2059	[3]	τρεῖς	_	_
2.9	2060	[1]	οὗτοι	_	_
2.9	2061	[1]	τριταῖοι	_	_
2.9	2062	[13]	κατὰ	_	_
2.9	2063	[36]	τὴν	_	_
2.9	2064	[6]	δευτέραν	_	_
2.9	2065	[9]	ἡμέραν	_	_
2.9	2066	[162]	,	b	_
2.9	2067	[13]	οὐ	_	_
2.9	2068	[2]	μὴν	_	_
2.9	2069	[5]	ἐξ	_	_
2.9	2070	[1]	ἄλλου	_	_
2.9	2071	[2]	τινὸς	_	_
2.9	2072	[19]	ἢ	_	_
2.9	2073	[17]	τοῦ	_	_
2.9	2074	[37]	τὴν	_	_
2.9	2075	[4]	φύσιν	_	_
2.9	2076	[13]	ἀκριβῶς	_	_
2.9	2077	[7]	αὐτῶν	_	_
2.9	2078	[1]	ἐπίστασθαι	_	_
2.9	2079	[66]	.	b	_
2.9	2080	[1]	παραπλήσιον	_	_
2.9	2081	[3]	γάρ	_	_
2.9	2082	[6]	τι	_	_
2.9	2083	[3]	συμβαίνει	_	_
2.9	2084	[14]	κατὰ	_	_
2.9	2085	[5]	τὰς	_	_
2.9	2086	[40]	τῶν	_	_
2.9	2087	[2]	νοσημάτων	_	_
2.9	2088	[1]	γνώσεις	_	_
2.9	2089	[12]	τῷ	_	_
2.9	2090	[5]	καθ	_	_
2.9	2091	[58]	’	b	_
2.9	2092	[2]	ὅλον	_	_
2.9	2093	[15]	τὸν	_	_
2.9	2094	[1]	βίον	_	_
2.9	2095	[1]	ἅπασιν	_	_
2.9	2096	[3]	ἡμῖν	_	_
2.9	2097	[1]	ὑπάρχοντι	_	_
2.9	2098	[67]	.	b	_
2.9	2099	[8]	τοὺς	_	_
2.9	2100	[25]	μὲν	_	_
2.9	2101	[17]	γὰρ	_	_
2.9	2102	[1]	συνηθεστάτους	_	_
2.9	2103	[41]	τῶν	_	_
2.9	2104	[1]	φίλων	_	_
2.9	2105	[6]	ἐκ	_	_
2.9	2106	[1]	μακροῦ	_	_
2.9	2107	[2]	διαστήματος	_	_
2.9	2108	[1]	εὐθύς	_	_
2.9	2109	[24]	τε	_	_
2.9	2110	[70]	καὶ	_	_
2.9	2111	[15]	κατὰ	_	_
2.9	2112	[38]	τὴν	_	_
2.9	2113	[3]	πρώτην	_	_
2.9	2114	[1]	προσβολὴν	_	_
2.9	2115	[35]	τῆς	_	_
2.9	2116	[1]	αἰσθήσεως	_	_
2.9	2117	[1]	γνωρίζομεν	_	_
2.9	2118	[6]	·	b	_
2.9	2119	[11]	εἰ	_	_
2.9	2120	[20]	δ	_	_
2.9	2121	[59]	’	b	_
2.9	2122	[2]	ἅπαξ	_	_
2.9	2123	[163]	,	b	_
2.9	2124	[20]	ἢ	_	_
2.9	2125	[1]	δίς	_	_
2.9	2126	[2]	τινα	_	_
2.9	2127	[1]	τύχοιμεν	_	_
2.9	2128	[1]	ἰδόντες	_	_
2.9	2129	[164]	,	b	_
2.9	2130	[21]	ἢ	_	_
2.9	2131	[1]	πλεονάκις	_	_
2.9	2132	[26]	μὲν	_	_
2.9	2133	[165]	,	b	_
2.9	2134	[7]	ἀλλὰ	_	_
2.9	2135	[5]	μὴ	_	_
2.9	2136	[1]	συνεχῶς	_	_
2.9	2137	[166]	,	b	_
2.9	2138	[4]	οὐκ	_	_
2.9	2139	[1]	ἔθ	_	_
2.9	2140	[60]	’	b	_
2.9	2141	[4]	ὁμοίως	_	_
2.9	2142	[6]	τοῦτον	_	_
2.9	2143	[2]	οὔτε	_	_
2.9	2144	[7]	ἐκ	_	_
2.9	2145	[2]	μακροῦ	_	_
2.9	2146	[3]	διαστήματος	_	_
2.9	2147	[3]	οὔτε	_	_
2.9	2148	[3]	ταχέως	_	_
2.9	2149	[2]	γνωρίζομεν	_	_
2.9	2150	[167]	,	b	_
2.9	2151	[7]	ἀλλ	_	_
2.9	2152	[61]	’	b	_
2.9	2153	[1]	ἐνίοτε	_	_
2.9	2154	[1]	μέχρι	_	_
2.9	2155	[1]	παμπόλλου	_	_
2.9	2156	[1]	χρόνου	_	_
2.9	2157	[1]	διαποροῦμέν	_	_
2.9	2158	[25]	τε	_	_
2.9	2159	[71]	καὶ	_	_
2.9	2160	[1]	ἀμφιβάλλομεν	_	_
2.9	2161	[168]	,	b	_
2.9	2162	[1]	ἆρά	_	_
2.9	2163	[7]	γε	_	_
2.9	2164	[1]	Κορίσκος	_	_
2.9	2165	[169]	,	b	_
2.9	2166	[12]	εἰ	_	_
2.9	2167	[5]	οὕτως	_	_
2.9	2168	[2]	ἔτυχεν	_	_
2.9	2169	[170]	,	b	_
2.9	2170	[22]	ἢ	_	_
2.9	2171	[1]	Σωκράτης	_	_
2.9	2172	[1]	ἐστίν	_	_
2.9	2173	[68]	.	b	_
2.9	2174	[6]	οὕτως	_	_
2.9	2175	[7]	οὖν	_	_
2.9	2176	[1]	ἔχει	_	_
2.9	2177	[2]	κᾀπὶ	_	_
2.9	2178	[42]	τῶν	_	_
2.9	2179	[3]	νοσημάτων	_	_
2.9	2180	[69]	.	b	_
2.9	2181	[1]	ἴδιος	_	_
2.9	2182	[1]	ἑκάστου	_	_
2.9	2183	[1]	χαρακτήρ	_	_
2.9	2184	[6]	ἐστιν	_	_
2.9	2185	[171]	,	b	_
2.9	2186	[2]	ὃν	_	_
2.9	2187	[24]	ὁ	_	_
2.9	2188	[4]	πολλάκις	_	_
2.9	2189	[1]	τεθεαμένος	_	_
2.9	2190	[1]	ἔξ	_	_
2.9	2191	[1]	ἑτοίμου	_	_
2.9	2192	[1]	διαγινώσκει	_	_
2.9	2193	[172]	,	b	_
2.9	2194	[72]	καὶ	_	_
2.9	2195	[1]	μάλιστ	_	_
2.9	2196	[62]	’	b	_
2.9	2197	[2]	ἐπειδὰν	_	_
2.9	2198	[1]	ἁπλοῦς	_	_
2.9	2199	[26]	τε	_	_
2.9	2200	[73]	καὶ	_	_
2.9	2201	[2]	μόνος	_	_
2.9	2202	[1]	ὑπάρχῃ	_	_
2.9	2203	[70]	.	b	_
2.9	2204	[43]	τῶν	_	_
2.9	2205	[27]	μὲν	_	_
2.9	2206	[8]	οὖν	_	_
2.9	2207	[1]	χωρὶς	_	_
2.9	2208	[1]	τόπου	_	_
2.9	2209	[1]	πεπονθότος	_	_
2.9	2210	[15]	ἐπὶ	_	_
2.9	2211	[2]	χυμοῖς	_	_
2.9	2212	[1]	τισι	_	_
2.9	2213	[1]	διασηπομένοις	_	_
2.9	2214	[2]	ἀναπτομένων	_	_
2.9	2215	[8]	πυρετῶν	_	_
2.9	2216	[4]	τρεῖς	_	_
2.9	2217	[1]	εἰσιν	_	_
2.9	2218	[7]	οἱ	_	_
2.9	2219	[1]	πρῶτοι	_	_
2.9	2220	[74]	καὶ	_	_
2.9	2221	[1]	ἁπλοῖ	_	_
2.9	2222	[1]	χαρακτῆρες	_	_
2.9	2223	[173]	,	b	_
2.9	2224	[5]	ὅ	_	_
2.9	2225	[27]	τε	_	_
2.9	2226	[44]	τῶν	_	_
2.9	2227	[1]	φλεγματικῶν	_	_
2.9	2228	[75]	καὶ	_	_
2.9	2229	[25]	ὁ	_	_
2.9	2230	[45]	τῶν	_	_
2.9	2231	[1]	μελαγχολικῶν	_	_
2.9	2232	[76]	καὶ	_	_
2.9	2233	[26]	ὁ	_	_
2.9	2234	[46]	τῶν	_	_
2.9	2235	[1]	πικροχόλων	_	_
2.9	2236	[174]	,	b	_
2.9	2237	[2]	οὓς	_	_
2.9	2238	[3]	εἴ	_	_
2.9	2239	[7]	τις	_	_
2.9	2240	[14]	ἀκριβῶς	_	_
2.9	2241	[1]	ἀσκήσειε	_	_
2.9	2242	[175]	,	b	_
2.9	2243	[4]	διαγινώσκειν	_	_
2.9	2244	[1]	ἕκαστον	_	_
2.9	2245	[1]	ἰδίᾳ	_	_
2.9	2246	[77]	καὶ	_	_
2.9	2247	[3]	μόνον	_	_
2.9	2248	[176]	,	b	_
2.9	2249	[5]	οὐκ	_	_
2.9	2250	[2]	ἂν	_	_
2.9	2251	[6]	ἔτι	_	_
2.9	2252	[1]	χαλεπῶς	_	_
2.9	2253	[2]	οὐδὲ	_	_
2.9	2254	[6]	τὰς	_	_
2.9	2255	[3]	μίξεις	_	_
2.9	2256	[7]	οὕτως	_	_
2.9	2257	[8]	αὐτῶν	_	_
2.9	2258	[1]	ἐξευρίσκοι	_	_
2.9	2259	[71]	.	b	_
2.10	1	[1]	Τῶν	_	_
2.10	2	[1]	δ	_	_
2.10	3	[1]	’	b	_
2.10	4	[1]	ἐπὶ	_	_
2.10	5	[1]	τόποις	_	_
2.10	6	[1]	φλεγμαίνουσιν	_	_
2.10	7	[1]	ἤδη	_	_
2.10	8	[1]	σύνθετος	_	_
2.10	9	[1]	ἁπάντων	_	_
2.10	10	[1]	ἰδέα	_	_
2.10	11	[1]	·	b	_
2.10	12	[1]	τινὰ	_	_
2.10	13	[1]	μὲν	_	_
2.10	14	[1]	γὰρ	_	_
2.10	15	[1]	τοῦ	_	_
2.10	16	[1]	τόπου	_	_
2.10	17	[1]	γνωρίσματα	_	_
2.10	18	[1]	φέρουσι	_	_
2.10	19	[1]	,	b	_
2.10	20	[2]	τινὰ	_	_
2.10	21	[1]	δὲ	_	_
2.10	22	[1]	τῆς	_	_
2.10	23	[1]	βλαπτούσης	_	_
2.10	24	[1]	αὐτὸν	_	_
2.10	25	[1]	αἰτίας	_	_
2.10	26	[2]	,	b	_
2.10	27	[1]	οἷον	_	_
2.10	28	[1]	ἐν	_	_
2.10	29	[2]	μὲν	_	_
2.10	30	[1]	τοῖς	_	_
2.10	31	[1]	πλευριτικοῖς	_	_
2.10	32	[1]	ὡς	_	_
2.10	33	[3]	μὲν	_	_
2.10	34	[1]	τόπος	_	_
2.10	35	[1]	πεπονθὼς	_	_
2.10	36	[1]	ὁ	_	_
2.10	37	[1]	ὑπεζωκὼς	_	_
2.10	38	[1]	τὰς	_	_
2.10	39	[1]	πλευρὰς	_	_
2.10	40	[1]	ὑμὴν	_	_
2.10	41	[1]	ὀδύνην	_	_
2.10	42	[1]	ἐξ	_	_
2.10	43	[1]	ἀνάγκης	_	_
2.10	44	[1]	οἴσει	_	_
2.10	45	[1]	φλεγμαίνων	_	_
2.10	46	[3]	,	b	_
2.10	47	[1]	ὅτι	_	_
2.10	48	[1]	νευρώδης	_	_
2.10	49	[1]	ἐστίν	_	_
2.10	50	[1]	.	b	_
2.10	51	[1]	ἀλλὰ	_	_
2.10	52	[1]	καὶ	_	_
2.10	53	[1]	νύττουσαν	_	_
2.10	54	[1]	ταύτην	_	_
2.10	55	[2]	καὶ	_	_
2.10	56	[1]	διατεταμένην	_	_
2.10	57	[2]	ἐπὶ	_	_
2.10	58	[1]	πλέον	_	_
2.10	59	[4]	,	b	_
2.10	60	[2]	ὅτι	_	_
2.10	61	[1]	τὸ	_	_
2.10	62	[1]	πεπονθὸς	_	_
2.10	63	[1]	μέρος	_	_
2.10	64	[1]	ὑμήν	_	_
2.10	65	[2]	.	b	_
2.10	66	[1]	τοιαῦται	_	_
2.10	67	[2]	δὲ	_	_
2.10	68	[1]	αἱ	_	_
2.10	69	[1]	τῶν	_	_
2.10	70	[1]	αἰσθητικῶν	_	_
2.10	71	[1]	ὑμένων	_	_
2.10	72	[1]	ὀδύναι	_	_
2.10	73	[3]	.	b	_
2.10	74	[3]	καὶ	_	_
2.10	75	[4]	μὲν	_	_
2.10	76	[1]	δὴ	_	_
2.10	77	[4]	καὶ	_	_
2.10	78	[3]	ὅτι	_	_
2.10	79	[2]	τῶν	_	_
2.10	80	[1]	ἀναπνευστικῶν	_	_
2.10	81	[1]	τινος	_	_
2.10	82	[1]	ὀργάνων	_	_
2.10	83	[1]	ἐστὶ	_	_
2.10	84	[1]	μόριον	_	_
2.10	85	[5]	,	b	_
2.10	86	[2]	ἐξ	_	_
2.10	87	[2]	ἀνάγκης	_	_
2.10	88	[1]	δυσπνοήσει	_	_
2.10	89	[2]	τὸ	_	_
2.10	90	[1]	ζῶον	_	_
2.10	91	[4]	.	b	_
2.10	92	[4]	ὅτι	_	_
2.10	93	[3]	δὲ	_	_
2.10	94	[5]	καὶ	_	_
2.10	95	[2]	τῆς	_	_
2.10	96	[1]	καρδίας	_	_
2.10	97	[1]	ἐγγὺς	_	_
2.10	98	[6]	,	b	_
2.10	99	[1]	μεταδώσει	_	_
2.10	100	[1]	τι	_	_
2.10	101	[6]	καὶ	_	_
2.10	102	[1]	τῇ	_	_
2.10	103	[1]	καρδίᾳ	_	_
2.10	104	[1]	ῥᾳδίως	_	_
2.10	105	[3]	τῆς	_	_
2.10	106	[1]	φλογώσεως	_	_
2.10	107	[5]	.	b	_
2.10	108	[1]	εἰ	_	_
2.10	109	[4]	δὲ	_	_
2.10	110	[1]	τοῦτο	_	_
2.10	111	[1]	πυρέξει	_	_
2.10	112	[3]	τὸ	_	_
2.10	113	[2]	ζῶον	_	_
2.10	114	[7]	,	b	_
2.10	115	[1]	ὥσπερ	_	_
2.10	116	[1]	οὖν	_	_
2.10	117	[7]	καὶ	_	_
2.10	118	[5]	ὅτι	_	_
2.10	119	[2]	τοῦ	_	_
2.10	120	[1]	πνεύμονος	_	_
2.10	121	[2]	ἐγγὺς	_	_
2.10	122	[8]	,	b	_
2.10	123	[3]	ἐξ	_	_
2.10	124	[1]	ἑτοίμου	_	_
2.10	125	[2]	μεταδώσει	_	_
2.10	126	[8]	καὶ	_	_
2.10	127	[1]	τῷδε	_	_
2.10	128	[4]	τῆς	_	_
2.10	129	[1]	διαθέσεως	_	_
2.10	130	[9]	,	b	_
2.10	131	[1]	οὕτως	_	_
2.10	132	[1]	ὄντι	_	_
2.10	133	[1]	μαλακῷ	_	_
2.10	134	[1]	τε	_	_
2.10	135	[9]	καὶ	_	_
2.10	136	[1]	μανῷ	_	_
2.10	137	[10]	καὶ	_	_
2.10	138	[1]	δέξασθαι	_	_
2.10	139	[1]	πᾶσαν	_	_
2.10	140	[1]	ἑτοίμως	_	_
2.10	141	[1]	ὑγρὰν	_	_
2.10	142	[1]	οὐσίαν	_	_
2.10	143	[1]	δυναμένῳ	_	_
2.10	144	[6]	.	b	_
2.10	145	[1]	βήξει	_	_
2.10	146	[1]	τοίνυν	_	_
2.10	147	[1]	εὐθὺς	_	_
2.10	148	[2]	ὁ	_	_
2.10	149	[1]	ἄνθρωπος	_	_
2.10	150	[10]	,	b	_
2.10	151	[1]	οὐ	_	_
2.10	152	[1]	μὴν	_	_
2.10	153	[11]	καὶ	_	_
2.10	154	[1]	ἀναπτύσειε	_	_
2.10	155	[1]	πάντως	_	_
2.10	156	[1]	εὐθύς	_	_
2.10	157	[7]	.	b	_
2.10	158	[1]	ἀλλ	_	_
2.10	159	[2]	’	b	_
2.10	160	[2]	εἰ	_	_
2.10	161	[5]	μὲν	_	_
2.10	162	[1]	πλεῖόν	_	_
2.10	163	[2]	τε	_	_
2.10	164	[12]	καὶ	_	_
2.10	165	[1]	παχύτερον	_	_
2.10	166	[1]	ἀποῤῥέοι	_	_
2.10	167	[5]	τῆς	_	_
2.10	168	[1]	φλεγμονῆς	_	_
2.10	169	[11]	,	b	_
2.10	170	[1]	ἀναπτυσθήσεται	_	_
2.10	171	[1]	βήττων	_	_
2.10	172	[2]	·	b	_
2.10	173	[3]	εἰ	_	_
2.10	174	[5]	δὲ	_	_
2.10	175	[1]	ὀλίγον	_	_
2.10	176	[3]	τε	_	_
2.10	177	[13]	καὶ	_	_
2.10	178	[1]	λεπτὸν	_	_
2.10	179	[12]	,	b	_
2.10	180	[1]	ἐρεθιεῖ	_	_
2.10	181	[6]	μὲν	_	_
2.10	182	[4]	ἐξ	_	_
2.10	183	[3]	ἀνάγκης	_	_
2.10	184	[13]	,	b	_
2.10	185	[1]	ὥστε	_	_
2.10	186	[14]	καὶ	_	_
2.10	187	[1]	κινῆσαι	_	_
2.10	188	[1]	βῆχας	_	_
2.10	189	[14]	,	b	_
2.10	190	[2]	οὐ	_	_
2.10	191	[2]	μὴν	_	_
2.10	192	[15]	καὶ	_	_
2.10	193	[1]	ἀναπτυσθήσεταί	_	_
2.10	194	[1]	γε	_	_
2.10	195	[15]	,	b	_
2.10	196	[1]	πρὶν	_	_
2.10	197	[1]	ἀθροιζόμενόν	_	_
2.10	198	[4]	τε	_	_
2.10	199	[1]	ἅμα	_	_
2.10	200	[16]	καὶ	_	_
2.10	201	[1]	πεπτόμενον	_	_
2.10	202	[1]	εἰς	_	_
2.10	203	[1]	πλῆθός	_	_
2.10	204	[5]	τε	_	_
2.10	205	[2]	ἅμα	_	_
2.10	206	[17]	καὶ	_	_
2.10	207	[1]	πάχος	_	_
2.10	208	[1]	ἐπιδιδόναι	_	_
2.10	209	[8]	.	b	_
2.10	210	[2]	ἀλλὰ	_	_
2.10	211	[2]	τοῦτο	_	_
2.10	212	[7]	μὲν	_	_
2.10	213	[6]	τῆς	_	_
2.10	214	[2]	διαθέσεως	_	_
2.10	215	[2]	ἤδη	_	_
2.10	216	[1]	γνώρισμα	_	_
2.10	217	[1]	αὐτῆς	_	_
2.10	218	[1]	ἐστιν	_	_
2.10	219	[16]	,	b	_
2.10	220	[18]	καὶ	_	_
2.10	221	[3]	οὐ	_	_
2.10	222	[3]	τοῦ	_	_
2.10	223	[1]	μορίου	_	_
2.10	224	[4]	τοῦ	_	_
2.10	225	[1]	πεπονθότος	_	_
2.10	226	[9]	.	b	_
2.10	227	[1]	ἐπειδὰν	_	_
2.10	228	[8]	μὲν	_	_
2.10	229	[2]	γὰρ	_	_
2.10	230	[1]	ἀκριβῶς	_	_
2.10	231	[1]	ᾖ	_	_
2.10	232	[4]	τὸ	_	_
2.10	233	[1]	πάθημα	_	_
2.10	234	[1]	στεγνὸν	_	_
2.10	235	[17]	,	b	_
2.10	236	[19]	καὶ	_	_
2.10	237	[2]	οἷον	_	_
2.10	238	[1]	δῆσαν	_	_
2.10	239	[2]	ἐν	_	_
2.10	240	[1]	ἑαυτῷ	_	_
2.10	241	[1]	κατέχῃ	_	_
2.10	242	[5]	τὸ	_	_
2.10	243	[1]	σύμπαν	_	_
2.10	244	[1]	ῥεῦμα	_	_
2.10	245	[18]	,	b	_
2.10	246	[2]	τὰς	_	_
2.10	247	[1]	ἀπτύστους	_	_
2.10	248	[1]	προσαγορευομένας	_	_
2.10	249	[1]	ἀποτελεῖ	_	_
2.10	250	[1]	πλευρίτιδας	_	_
2.10	251	[10]	.	b	_
2.10	252	[2]	ἐπειδὰν	_	_
2.10	253	[6]	δὲ	_	_
2.10	254	[1]	ἀξιόλογον	_	_
2.10	255	[1]	χαλάσῃ	_	_
2.10	256	[6]	τε	_	_
2.10	257	[20]	καὶ	_	_
2.10	258	[1]	μεθῇ	_	_
2.10	259	[1]	τῷ	_	_
2.10	260	[1]	πνεύμονι	_	_
2.10	261	[19]	,	b	_
2.10	262	[21]	καὶ	_	_
2.10	263	[1]	βήττουσιν	_	_
2.10	264	[1]	οὗτοι	_	_
2.10	265	[1]	πλείω	_	_
2.10	266	[22]	καὶ	_	_
2.10	267	[1]	ἀναπτύουσιν	_	_
2.10	268	[11]	.	b	_
2.10	269	[1]	ἰδέας	_	_
2.10	270	[2]	οὖν	_	_
2.10	271	[3]	τοῦτο	_	_
2.10	272	[2]	φλεγμονῆς	_	_
2.10	273	[20]	,	b	_
2.10	274	[4]	οὐ	_	_
2.10	275	[2]	τόπου	_	_
2.10	276	[2]	πεπονθότος	_	_
2.10	277	[1]	γίνεται	_	_
2.10	278	[2]	γνώρισμα	_	_
2.10	279	[12]	.	b	_
2.10	280	[1]	πότερον	_	_
2.10	281	[7]	δὲ	_	_
2.10	282	[1]	φλεγματωδέστερός	_	_
2.10	283	[2]	ἐστιν	_	_
2.10	284	[21]	,	b	_
2.10	285	[1]	ἢ	_	_
2.10	286	[1]	χολωδέστερος	_	_
2.10	287	[3]	ὁ	_	_
2.10	288	[1]	τὴν	_	_
2.10	289	[1]	φλεγμονὴν	_	_
2.10	290	[1]	ἐργασάμενος	_	_
2.10	291	[1]	χυμὸς	_	_
2.10	292	[22]	,	b	_
2.10	293	[1]	ἐκ	_	_
2.10	294	[7]	τῆς	_	_
2.10	295	[3]	τῶν	_	_
2.10	296	[1]	πτυσμάτων	_	_
2.10	297	[2]	ἰδέας	_	_
2.10	298	[1]	εἴσῃ	_	_
2.10	299	[13]	.	b	_
2.10	300	[23]	καὶ	_	_
2.10	301	[3]	γὰρ	_	_
2.10	302	[24]	καὶ	_	_
2.10	303	[1]	ἀφρώδη	_	_
2.10	304	[25]	καὶ	_	_
2.10	305	[1]	πυῤῥὰ	_	_
2.10	306	[26]	καὶ	_	_
2.10	307	[1]	ξανθὰ	_	_
2.10	308	[27]	καὶ	_	_
2.10	309	[1]	ὠχρὰ	_	_
2.10	310	[28]	καὶ	_	_
2.10	311	[1]	ἐρυθρὰ	_	_
2.10	312	[29]	καὶ	_	_
2.10	313	[1]	μέλανα	_	_
2.10	314	[1]	πτύουσι	_	_
2.10	315	[14]	.	b	_
2.10	316	[1]	τούτων	_	_
2.10	317	[8]	δὲ	_	_
2.10	318	[1]	τὰ	_	_
2.10	319	[9]	μὲν	_	_
2.10	320	[2]	ἀφρώδη	_	_
2.10	321	[1]	φλεγματικώτερον	_	_
2.10	322	[1]	ἐνδείκνυται	_	_
2.10	323	[6]	τὸ	_	_
2.10	324	[2]	ῥεῦμα	_	_
2.10	325	[23]	,	b	_
2.10	326	[2]	τὰ	_	_
2.10	327	[9]	δὲ	_	_
2.10	328	[2]	ξανθὰ	_	_
2.10	329	[1]	πικρόχολον	_	_
2.10	330	[1]	ἄκρατον	_	_
2.10	331	[15]	.	b	_
2.10	332	[1]	ὅσα	_	_
2.10	333	[10]	δὲ	_	_
2.10	334	[2]	πυῤῥὰ	_	_
2.10	335	[24]	,	b	_
2.10	336	[1]	πικρόχολα	_	_
2.10	337	[10]	μὲν	_	_
2.10	338	[30]	καὶ	_	_
2.10	339	[1]	ταῦτα	_	_
2.10	340	[25]	,	b	_
2.10	341	[1]	μεμίχθαι	_	_
2.10	342	[11]	δὲ	_	_
2.10	343	[1]	οὐκ	_	_
2.10	344	[2]	ὀλίγον	_	_
2.10	345	[1]	ὀῤῥῶδες	_	_
2.10	346	[1]	περίττωμα	_	_
2.10	347	[2]	τῇ	_	_
2.10	348	[1]	ξανθῇ	_	_
2.10	349	[1]	χολῇ	_	_
2.10	350	[1]	δηλοῖ	_	_
2.10	351	[26]	,	b	_
2.10	352	[31]	καὶ	_	_
2.10	353	[1]	πολὺ	_	_
2.10	354	[2]	δὴ	_	_
2.10	355	[2]	πλέον	_	_
2.10	356	[27]	,	b	_
2.10	357	[3]	ἐπειδὰν	_	_
2.10	358	[2]	ὠχρὰ	_	_
2.10	359	[1]	πτύῃ	_	_
2.10	360	[1]	τις	_	_
2.10	361	[16]	.	b	_
2.10	362	[1]	οὕτω	_	_
2.10	363	[12]	δὲ	_	_
2.10	364	[32]	καὶ	_	_
2.10	365	[3]	τὰ	_	_
2.10	366	[2]	μέλανα	_	_
2.10	367	[1]	μελαγχολικὸν	_	_
2.10	368	[2]	ἐνδείκνυται	_	_
2.10	369	[7]	τὸ	_	_
2.10	370	[3]	ῥεῦμα	_	_
2.10	371	[28]	,	b	_
2.10	372	[1]	καθάπερ	_	_
2.10	373	[3]	οὖν	_	_
2.10	374	[33]	καὶ	_	_
2.10	375	[2]	ὅσα	_	_
2.10	376	[2]	τὴν	_	_
2.10	377	[1]	χροιὰν	_	_
2.10	378	[1]	μᾶλλόν	_	_
2.10	379	[1]	πως	_	_
2.10	380	[1]	ἐρυθρά	_	_
2.10	381	[1]	ἐστι	_	_
2.10	382	[29]	,	b	_
2.10	383	[1]	πλεῖστον	_	_
2.10	384	[11]	μὲν	_	_
2.10	385	[1]	αἵματος	_	_
2.10	386	[30]	,	b	_
2.10	387	[3]	ὀλίγον	_	_
2.10	388	[13]	δὲ	_	_
2.10	389	[8]	τῆς	_	_
2.10	390	[1]	πικρᾶς	_	_
2.10	391	[1]	χολῆς	_	_
2.10	392	[3]	ἐνδείκνυται	_	_
2.10	393	[1]	μετέχειν	_	_
2.10	394	[1]	τὸν	_	_
2.10	395	[3]	τὴν	_	_
2.10	396	[2]	φλεγμονὴν	_	_
2.10	397	[1]	ἐργαζόμενον	_	_
2.10	398	[1]	χυμὸν	_	_
2.10	399	[31]	,	b	_
2.10	400	[34]	καὶ	_	_
2.10	401	[1]	διὰ	_	_
2.10	402	[4]	τοῦτο	_	_
2.10	403	[1]	πάντων	_	_
2.10	404	[1]	μέν	_	_
2.10	405	[3]	ἐστιν	_	_
2.10	406	[1]	ἐπιεικέστατον	_	_
2.10	407	[2]	πτυσμάτων	_	_
2.10	408	[32]	,	b	_
2.10	409	[2]	ὥσπερ	_	_
2.10	410	[33]	,	b	_
2.10	411	[1]	οἶμαι	_	_
2.10	412	[34]	,	b	_
2.10	413	[4]	τὰ	_	_
2.10	414	[3]	μέλανα	_	_
2.10	415	[2]	πάντων	_	_
2.10	416	[1]	ὀλεθριώτατα	_	_
2.10	417	[17]	.	b	_
2.10	418	[35]	καὶ	_	_
2.10	419	[12]	μὲν	_	_
2.10	420	[3]	δὴ	_	_
2.10	421	[36]	καὶ	_	_
2.10	422	[5]	τὰ	_	_
2.10	423	[1]	μεγέθη	_	_
2.10	424	[13]	μὲν	_	_
2.10	425	[3]	ἐν	_	_
2.10	426	[1]	οἷς	_	_
2.10	427	[1]	εἴπομεν	_	_
2.10	428	[1]	ἅπασι	_	_
2.10	429	[1]	συμπτώμασι	_	_
2.10	430	[1]	μεγέθους	_	_
2.10	431	[1]	ἔσται	_	_
2.10	432	[3]	διαθέσεως	_	_
2.10	433	[2]	γνωρίσματα	_	_
2.10	434	[3]	·	b	_
2.10	435	[1]	βραχεῖαν	_	_
2.10	436	[2]	δ	_	_
2.10	437	[3]	’	b	_
2.10	438	[1]	ἐνδείξονται	_	_
2.10	439	[4]	τὴν	_	_
2.10	440	[1]	διάθεσιν	_	_
2.10	441	[2]	αἱ	_	_
2.10	442	[1]	σμικρότητες	_	_
2.10	443	[4]	τῶν	_	_
2.10	444	[1]	συμπτωμάτων	_	_
2.10	445	[18]	.	b	_
2.10	446	[1]	οὔκουν	_	_
2.10	447	[1]	ἴδια	_	_
2.10	448	[3]	πάντων	_	_
2.10	449	[1]	ἅπαντ	_	_
2.10	450	[4]	’	b	_
2.10	451	[1]	ἐστὶν	_	_
2.10	452	[35]	,	b	_
2.10	453	[2]	ἀλλ	_	_
2.10	454	[5]	’	b	_
2.10	455	[1]	ἕκαστον	_	_
2.10	456	[1]	ἴδιόν	_	_
2.10	457	[2]	τινος	_	_
2.10	458	[3]	γνώρισμα	_	_
2.10	459	[1]	ἐξαίρετον	_	_
2.10	460	[19]	.	b	_
2.10	461	[37]	καὶ	_	_
2.10	462	[4]	γὰρ	_	_
2.10	463	[3]	ὅσα	_	_
2.10	464	[1]	δοκεῖ	_	_
2.10	465	[1]	δυοῖν	_	_
2.10	466	[36]	,	b	_
2.10	467	[2]	ἢ	_	_
2.10	468	[1]	τριῶν	_	_
2.10	469	[1]	ὑπάρχειν	_	_
2.10	470	[3]	ἅμα	_	_
2.10	471	[1]	δηλωτικὰ	_	_
2.10	472	[37]	,	b	_
2.10	473	[38]	καὶ	_	_
2.10	474	[1]	ταῦτ	_	_
2.10	475	[6]	’	b	_
2.10	476	[2]	ἀκριβῶς	_	_
2.10	477	[1]	ἐξετάζων	_	_
2.10	478	[1]	εὑρήσεις	_	_
2.10	479	[1]	ἑτέρῳ	_	_
2.10	480	[2]	μέν	_	_
2.10	481	[1]	τινι	_	_
2.10	482	[5]	τῶν	_	_
2.10	483	[4]	ἐν	_	_
2.10	484	[1]	αὐτοῖς	_	_
2.10	485	[1]	συμβεβηκότων	_	_
2.10	486	[38]	,	b	_
2.10	487	[1]	ἐνδεικνύμενα	_	_
2.10	488	[2]	τὸν	_	_
2.10	489	[1]	πεπονθότα	_	_
2.10	490	[1]	τόπον	_	_
2.10	491	[39]	,	b	_
2.10	492	[2]	ἑτέρῳ	_	_
2.10	493	[14]	δὲ	_	_
2.10	494	[5]	τὴν	_	_
2.10	495	[2]	διάθεσιν	_	_
2.10	496	[40]	,	b	_
2.10	497	[1]	ἄλλῳ	_	_
2.10	498	[15]	δὲ	_	_
2.10	499	[8]	τὸ	_	_
2.10	500	[1]	μέγεθος	_	_
2.10	501	[2]	αὐτῆς	_	_
2.10	502	[41]	,	b	_
2.10	503	[2]	ἄλλῳ	_	_
2.10	504	[16]	δὲ	_	_
2.10	505	[6]	τῶν	_	_
2.10	506	[1]	ἑπομένων	_	_
2.10	507	[2]	τι	_	_
2.10	508	[2]	συμπτωμάτων	_	_
2.10	509	[20]	.	b	_
2.10	510	[4]	ὁ	_	_
2.10	511	[1]	γοῦν	_	_
2.10	512	[1]	σφυγμὸς	_	_
2.10	513	[5]	ὁ	_	_
2.10	514	[7]	τῶν	_	_
2.10	515	[1]	πλευριτικῶν	_	_
2.10	516	[1]	ἁπάν	_	_
2.10	517	[1]	τως	_	_
2.10	518	[14]	μὲν	_	_
2.10	519	[2]	τούτων	_	_
2.10	520	[2]	ἐστὶν	_	_
2.10	521	[1]	ἐνδεικτικὸς	_	_
2.10	522	[42]	,	b	_
2.10	523	[3]	ἀλλ	_	_
2.10	524	[7]	’	b	_
2.10	525	[1]	οὐχ	_	_
2.10	526	[1]	ὡσαύτως	_	_
2.10	527	[2]	ἁπάντων	_	_
2.10	528	[21]	.	b	_
2.10	529	[4]	ἀλλ	_	_
2.10	530	[8]	’	b	_
2.10	531	[1]	ᾗ	_	_
2.10	532	[15]	μὲν	_	_
2.10	533	[4]	ἅμα	_	_
2.10	534	[1]	τάσει	_	_
2.10	535	[1]	σκληρὸς	_	_
2.10	536	[43]	,	b	_
2.10	537	[1]	νευρῶδες	_	_
2.10	538	[1]	εἶναι	_	_
2.10	539	[2]	δηλοῖ	_	_
2.10	540	[9]	τὸ	_	_
2.10	541	[2]	πεπονθὸς	_	_
2.10	542	[44]	,	b	_
2.10	543	[2]	ᾗ	_	_
2.10	544	[3]	δ	_	_
2.10	545	[9]	’	b	_
2.10	546	[3]	οἷον	_	_
2.10	547	[1]	ἐμπρίων	_	_
2.10	548	[45]	,	b	_
2.10	549	[3]	φλεγμονὴν	_	_
2.10	550	[2]	εἶναι	_	_
2.10	551	[6]	τὴν	_	_
2.10	552	[3]	διάθεσιν	_	_
2.10	553	[46]	,	b	_
2.10	554	[3]	ᾗ	_	_
2.10	555	[17]	δὲ	_	_
2.10	556	[1]	ταχύς	_	_
2.10	557	[7]	τε	_	_
2.10	558	[5]	ἅμα	_	_
2.10	559	[39]	καὶ	_	_
2.10	560	[1]	πυκνὸς	_	_
2.10	561	[40]	καὶ	_	_
2.10	562	[1]	μέγας	_	_
2.10	563	[47]	,	b	_
2.10	564	[1]	ἕπεσθαι	_	_
2.10	565	[3]	τῇ	_	_
2.10	566	[1]	φλεγμονῇ	_	_
2.10	567	[1]	πυρετὸν	_	_
2.10	568	[48]	,	b	_
2.10	569	[4]	ᾗ	_	_
2.10	570	[4]	δ	_	_
2.10	571	[10]	’	b	_
2.10	572	[2]	ἕκαστον	_	_
2.10	573	[8]	τῶν	_	_
2.10	574	[1]	εἰρημένων	_	_
2.10	575	[3]	ἢ	_	_
2.10	576	[1]	μεῖζον	_	_
2.10	577	[49]	,	b	_
2.10	578	[4]	ἢ	_	_
2.10	579	[1]	μεῖον	_	_
2.10	580	[1]	εἴη	_	_
2.10	581	[1]	σημείων	_	_
2.10	582	[50]	,	b	_
2.10	583	[1]	ἤτοι	_	_
2.10	584	[1]	μεγάλην	_	_
2.10	585	[3]	εἶναι	_	_
2.10	586	[7]	τὴν	_	_
2.10	587	[4]	διάθεσιν	_	_
2.10	588	[51]	,	b	_
2.10	589	[5]	ἢ	_	_
2.10	590	[1]	σμικρὰν	_	_
2.10	591	[1]	δηλώσει	_	_
2.10	592	[22]	.	b	_
2.10	593	[1]	ἀρκεῖ	_	_
2.10	594	[1]	μοι	_	_
2.10	595	[2]	ταῦτα	_	_
2.10	596	[1]	παραδείγματος	_	_
2.10	597	[1]	ἕνεκα	_	_
2.10	598	[1]	λελέχθαι	_	_
2.10	599	[1]	νῦν	_	_
2.10	600	[23]	.	b	_
2.10	601	[5]	οὐ	_	_
2.10	602	[5]	γὰρ	_	_
2.10	603	[4]	δὴ	_	_
2.10	604	[1]	περὶ	_	_
2.10	605	[1]	πεπονθότων	_	_
2.10	606	[2]	γε	_	_
2.10	607	[1]	τόπων	_	_
2.10	608	[1]	πρόκειται	_	_
2.10	609	[1]	διελθεῖν	_	_
2.10	610	[52]	,	b	_
2.10	611	[1]	ὥπερ	_	_
2.10	612	[1]	οὐδὲ	_	_
2.10	613	[2]	περὶ	_	_
2.10	614	[1]	πυρετῶν	_	_
2.10	615	[53]	,	b	_
2.10	616	[6]	ἢ	_	_
2.10	617	[1]	τύπων	_	_
2.10	618	[54]	,	b	_
2.10	619	[7]	ἢ	_	_
2.10	620	[1]	αἰτιῶν	_	_
2.10	621	[55]	,	b	_
2.10	622	[5]	ἀλλ	_	_
2.10	623	[11]	’	b	_
2.10	624	[1]	ἐμνήσθην	_	_
2.10	625	[1]	ἑκάστου	_	_
2.10	626	[3]	τούτων	_	_
2.10	627	[6]	ἅμα	_	_
2.10	628	[16]	μὲν	_	_
2.10	629	[1]	ὁδόν	_	_
2.10	630	[1]	τινα	_	_
2.10	631	[1]	δεῖξαι	_	_
2.10	632	[1]	βουλόμενος	_	_
2.10	633	[9]	τῆς	_	_
2.10	634	[5]	ἐν	_	_
2.10	635	[2]	αὐτοῖς	_	_
2.10	636	[1]	ἀσκήσεως	_	_
2.10	637	[56]	,	b	_
2.10	638	[1]	ἣν	_	_
2.10	639	[1]	ἔχων	_	_
2.10	640	[2]	τις	_	_
2.10	641	[57]	,	b	_
2.10	642	[4]	εἰ	_	_
2.10	643	[41]	καὶ	_	_
2.10	644	[1]	μηδὲν	_	_
2.10	645	[1]	ἡμεῖς	_	_
2.10	646	[1]	γράψαιμεν	_	_
2.10	647	[58]	,	b	_
2.10	648	[2]	εἰς	_	_
2.10	649	[3]	ἕκαστον	_	_
2.10	650	[9]	τῶν	_	_
2.10	651	[1]	προειρημένων	_	_
2.10	652	[1]	ἰδίᾳ	_	_
2.10	653	[59]	,	b	_
2.10	654	[1]	δύναιτ	_	_
2.10	655	[12]	’	b	_
2.10	656	[1]	ἂν	_	_
2.10	657	[1]	ἔκ	_	_
2.10	658	[8]	τε	_	_
2.10	659	[10]	τῶν	_	_
2.10	660	[2]	τοῖς	_	_
2.10	661	[1]	ἄλλοις	_	_
2.10	662	[1]	γεγραμμένων	_	_
2.10	663	[60]	,	b	_
2.10	664	[3]	ἤδη	_	_
2.10	665	[18]	δὲ	_	_
2.10	666	[42]	καὶ	_	_
2.10	667	[1]	αὐτὸς	_	_
2.10	668	[1]	καθ	_	_
2.10	669	[13]	’	b	_
2.10	670	[1]	ἑαυτὸν	_	_
2.10	671	[61]	,	b	_
2.10	672	[5]	εἰ	_	_
2.10	673	[1]	συνετός	_	_
2.10	674	[9]	τε	_	_
2.10	675	[2]	εἴη	_	_
2.10	676	[43]	καὶ	_	_
2.10	677	[1]	φιλόπονος	_	_
2.10	678	[62]	,	b	_
2.10	679	[1]	ἐξευρίσκειν	_	_
2.10	680	[10]	τὸ	_	_
2.10	681	[1]	λεῖπον	_	_
2.10	682	[63]	,	b	_
2.10	683	[7]	ἅμα	_	_
2.10	684	[19]	δὲ	_	_
2.10	685	[44]	καὶ	_	_
2.10	686	[11]	τὸ	_	_
2.10	687	[1]	χρήσιμον	_	_
2.10	688	[1]	ἐπιδεῖξαι	_	_
2.10	689	[2]	βουλόμενος	_	_
2.10	690	[2]	ἑκάστου	_	_
2.10	691	[11]	τῶν	_	_
2.10	692	[1]	λεγομένων	_	_
2.10	693	[64]	,	b	_
2.10	694	[1]	ἐμνημόνευσα	_	_
2.10	695	[45]	καὶ	_	_
2.10	696	[2]	πυρετῶν	_	_
2.10	697	[1]	διαφορὰς	_	_
2.10	698	[46]	καὶ	_	_
2.10	699	[2]	τύπων	_	_
2.10	700	[47]	καὶ	_	_
2.10	701	[1]	διαθέσεων	_	_
2.10	702	[48]	καὶ	_	_
2.10	703	[1]	αἰτίων	_	_
2.10	704	[49]	καὶ	_	_
2.10	705	[1]	αὐτῶν	_	_
2.10	706	[12]	τῶν	_	_
2.10	707	[2]	πεπονθότων	_	_
2.10	708	[1]	μορίων	_	_
2.10	709	[24]	.	b	_
2.11	1	[1]	Ἐν	_	_
2.11	2	[1]	ἅπασι	_	_
2.11	3	[1]	γὰρ	_	_
2.11	4	[1]	τούτοις	_	_
2.11	5	[1]	γεγυμνάσθαι	_	_
2.11	6	[1]	χρὴ	_	_
2.11	7	[1]	τὸν	_	_
2.11	8	[1]	μέλλοντα	_	_
2.11	9	[1]	κατὰ	_	_
2.11	10	[1]	τὰς	_	_
2.11	11	[1]	πρώτας	_	_
2.11	12	[1]	ἡμέρας	_	_
2.11	13	[1]	ἀκριβῶς	_	_
2.11	14	[1]	διαγνώσεσθαι	_	_
2.11	15	[1]	τῆς	_	_
2.11	16	[1]	νόσου	_	_
2.11	17	[1]	τὴν	_	_
2.11	18	[1]	ἰδέαν	_	_
2.11	19	[1]	.	b	_
2.11	20	[1]	ἢ	_	_
2.11	21	[2]	γὰρ	_	_
2.11	22	[1]	ἁπλοῦς	_	_
2.11	23	[1]	ἐστιν	_	_
2.11	24	[1]	ὁ	_	_
2.11	25	[1]	πυρετὸς	_	_
2.11	26	[1]	,	b	_
2.11	27	[2]	ἢ	_	_
2.11	28	[1]	σύνθετος	_	_
2.11	29	[2]	,	b	_
2.11	30	[3]	ἢ	_	_
2.11	31	[1]	μετὰ	_	_
2.11	32	[1]	τόπου	_	_
2.11	33	[1]	πεπονθότος	_	_
2.11	34	[3]	,	b	_
2.11	35	[4]	ἢ	_	_
2.11	36	[1]	ἄνευ	_	_
2.11	37	[2]	τόπου	_	_
2.11	38	[2]	πεπονθότος	_	_
2.11	39	[4]	,	b	_
2.11	40	[5]	ἢ	_	_
2.11	41	[1]	ἐφήμερος	_	_
2.11	42	[5]	,	b	_
2.11	43	[6]	ἢ	_	_
2.11	44	[1]	ἑκτικός	_	_
2.11	45	[2]	.	b	_
2.11	46	[1]	ἀλλ	_	_
2.11	47	[1]	’	b	_
2.11	48	[1]	εἴθ	_	_
2.11	49	[2]	’	b	_
2.11	50	[2]	ἁπλοῦς	_	_
2.11	51	[1]	εἴη	_	_
2.11	52	[1]	πάντως	_	_
2.11	53	[6]	,	b	_
2.11	54	[1]	γνωρίσματα	_	_
2.11	55	[1]	φέρει	_	_
2.11	56	[1]	τοῦ	_	_
2.11	57	[1]	χυμοῦ	_	_
2.11	58	[2]	τοῦ	_	_
2.11	59	[1]	γεννῶντος	_	_
2.11	60	[1]	αὐτὸν	_	_
2.11	61	[7]	,	b	_
2.11	62	[1]	εἴτε	_	_
2.11	63	[2]	σύνθετος	_	_
2.11	64	[8]	,	b	_
2.11	65	[1]	ἐξ	_	_
2.11	66	[1]	ὁπόσων	_	_
2.11	67	[1]	ἂν	_	_
2.11	68	[2]	εἴη	_	_
2.11	69	[3]	σύνθετος	_	_
2.11	70	[1]	ἁπλῶν	_	_
2.11	71	[1]	πυρετῶν	_	_
2.11	72	[9]	,	b	_
2.11	73	[1]	ἰσάριθμον	_	_
2.11	74	[1]	ἐνδείξεται	_	_
2.11	75	[1]	καὶ	_	_
2.11	76	[1]	τὸ	_	_
2.11	77	[1]	πλῆθος	_	_
2.11	78	[1]	τῶν	_	_
2.11	79	[1]	χυμῶν	_	_
2.11	80	[3]	.	b	_
2.11	81	[2]	ἀλλ	_	_
2.11	82	[3]	’	b	_
2.11	83	[1]	εἰ	_	_
2.11	84	[1]	ταῦτ	_	_
2.11	85	[4]	’	b	_
2.11	86	[2]	ἐνδείξεται	_	_
2.11	87	[10]	,	b	_
2.11	88	[2]	καὶ	_	_
2.11	89	[2]	εἰ	_	_
2.11	90	[1]	χρόνιός	_	_
2.11	91	[2]	ἐστιν	_	_
2.11	92	[11]	,	b	_
2.11	93	[7]	ἢ	_	_
2.11	94	[1]	μὴ	_	_
2.11	95	[12]	,	b	_
2.11	96	[1]	συνενδείξεται	_	_
2.11	97	[4]	.	b	_
2.11	98	[3]	εἰ	_	_
2.11	99	[1]	μὲν	_	_
2.11	100	[3]	γὰρ	_	_
2.11	101	[1]	φλεγματικὸς	_	_
2.11	102	[13]	,	b	_
2.11	103	[2]	ἐξ	_	_
2.11	104	[1]	ἀνάγκης	_	_
2.11	105	[1]	χρόνιος	_	_
2.11	106	[14]	,	b	_
2.11	107	[1]	ἔτι	_	_
2.11	108	[1]	τε	_	_
2.11	109	[1]	μᾶλλον	_	_
2.11	110	[15]	,	b	_
2.11	111	[4]	εἰ	_	_
2.11	112	[1]	μελαγχολικός	_	_
2.11	113	[1]	·	b	_
2.11	114	[5]	εἰ	_	_
2.11	115	[1]	δ	_	_
2.11	116	[5]	’	b	_
2.11	117	[1]	αὖ	_	_
2.11	118	[1]	πικρόχολος	_	_
2.11	119	[16]	,	b	_
2.11	120	[1]	ὀλιγοχρόνιος	_	_
2.11	121	[5]	.	b	_
2.11	122	[1]	οὕτω	_	_
2.11	123	[1]	δὲ	_	_
2.11	124	[3]	καὶ	_	_
2.11	125	[2]	ὁ	_	_
2.11	126	[1]	τόπος	_	_
2.11	127	[3]	ὁ	_	_
2.11	128	[1]	πεπονθὼς	_	_
2.11	129	[2]	μὲν	_	_
2.11	130	[1]	ἐν	_	_
2.11	131	[1]	κινήσει	_	_
2.11	132	[1]	πολλῇ	_	_
2.11	133	[4]	καὶ	_	_
2.11	134	[1]	θερμὸς	_	_
2.11	135	[5]	καὶ	_	_
2.11	136	[1]	μανὸς	_	_
2.11	137	[6]	καὶ	_	_
2.11	138	[1]	κύριος	_	_
2.11	139	[1]	ὀξυτέραν	_	_
2.11	140	[1]	ἔσεσθαι	_	_
2.11	141	[1]	προδηλοῖ	_	_
2.11	142	[2]	τὴν	_	_
2.11	143	[1]	νόσον	_	_
2.11	144	[6]	.	b	_
2.11	145	[4]	ὁ	_	_
2.11	146	[2]	δὲ	_	_
2.11	147	[1]	μήτ	_	_
2.11	148	[6]	’	b	_
2.11	149	[2]	ἐν	_	_
2.11	150	[2]	κινήσει	_	_
2.11	151	[1]	συνεχεῖ	_	_
2.11	152	[7]	καὶ	_	_
2.11	153	[1]	ψυχρὸς	_	_
2.11	154	[8]	καὶ	_	_
2.11	155	[1]	πυκνὸς	_	_
2.11	156	[9]	καὶ	_	_
2.11	157	[1]	ἄκυρος	_	_
2.11	158	[17]	,	b	_
2.11	159	[1]	εἰς	_	_
2.11	160	[1]	χρόνον	_	_
2.11	161	[1]	ἐκπέμπεσθαι	_	_
2.11	162	[1]	μακρότερον	_	_
2.11	163	[7]	.	b	_
2.11	164	[1]	ὡσαύτως	_	_
2.11	165	[3]	δὲ	_	_
2.11	166	[10]	καὶ	_	_
2.11	167	[1]	ἡ	_	_
2.11	168	[1]	διάθεσις	_	_
2.11	169	[2]	ἡ	_	_
2.11	170	[3]	μὲν	_	_
2.11	171	[1]	δυσκινητοτέρα	_	_
2.11	172	[11]	καὶ	_	_
2.11	173	[1]	ψυχροτέρα	_	_
2.11	174	[12]	καὶ	_	_
2.11	175	[1]	πυκνοτέρα	_	_
2.11	176	[1]	χρονιεῖν	_	_
2.11	177	[18]	,	b	_
2.11	178	[3]	ἡ	_	_
2.11	179	[2]	δ	_	_
2.11	180	[7]	’	b	_
2.11	181	[1]	εὐκίνητος	_	_
2.11	182	[13]	καὶ	_	_
2.11	183	[1]	θερμοτέρα	_	_
2.11	184	[14]	καὶ	_	_
2.11	185	[1]	μανωτέρα	_	_
2.11	186	[1]	ταχέως	_	_
2.11	187	[1]	λυθήσεσθαι	_	_
2.11	188	[8]	.	b	_
2.11	189	[2]	κατὰ	_	_
2.11	190	[1]	ταὐτὰ	_	_
2.11	191	[4]	δὲ	_	_
2.11	192	[15]	καὶ	_	_
2.11	193	[1]	περὶ	_	_
2.11	194	[2]	τῶν	_	_
2.11	195	[1]	αἰτίων	_	_
2.11	196	[1]	γινώσκειν	_	_
2.11	197	[9]	.	b	_
2.11	198	[1]	ὥσθ	_	_
2.11	199	[8]	’	b	_
2.11	200	[1]	ὅστις	_	_
2.11	201	[2]	ἀκριβῶς	_	_
2.11	202	[1]	ὅλην	_	_
2.11	203	[1]	γνῷ	_	_
2.11	204	[3]	τοῦ	_	_
2.11	205	[1]	νοσήματος	_	_
2.11	206	[1]	﻿	_	_
2.11	207	[3]	τὴν	_	_
2.11	208	[1]	ὑπόθεσιν	_	_
2.11	209	[19]	,	b	_
2.11	210	[1]	οὐ	_	_
2.11	211	[1]	σμικρὰν	_	_
2.11	212	[1]	μοῖραν	_	_
2.11	213	[2]	εἰς	_	_
2.11	214	[1]	πρόγνωσιν	_	_
2.11	215	[1]	ἕξει	_	_
2.11	216	[10]	.	b	_
2.11	217	[2]	τὰς	_	_
2.11	218	[4]	μὲν	_	_
2.11	219	[1]	οὖν	_	_
2.11	220	[1]	σὺν	_	_
2.11	221	[1]	ἀγῶνί	_	_
2.11	222	[2]	τε	_	_
2.11	223	[1]	μεγάλῳ	_	_
2.11	224	[16]	καὶ	_	_
2.11	225	[1]	ὀξυῤῥόπῳ	_	_
2.11	226	[1]	λύσεις	_	_
2.11	227	[3]	τῶν	_	_
2.11	228	[1]	νοσημάτων	_	_
2.11	229	[20]	,	b	_
2.11	230	[1]	ἃς	_	_
2.11	231	[1]	δὴ	_	_
2.11	232	[17]	καὶ	_	_
2.11	233	[1]	μάλιστα	_	_
2.11	234	[1]	κρίσεις	_	_
2.11	235	[1]	ἐλέγομεν	_	_
2.11	236	[1]	ὀνομάζεσθαι	_	_
2.11	237	[21]	,	b	_
2.11	238	[4]	τῶν	_	_
2.11	239	[1]	ἐπὶ	_	_
2.11	240	[1]	χυμοῖς	_	_
2.11	241	[1]	θερμοῖς	_	_
2.11	242	[1]	συνισταμένων	_	_
2.11	243	[2]	πυρετῶν	_	_
2.11	244	[1]	ἰδίας	_	_
2.11	245	[1]	εἶναι	_	_
2.11	246	[2]	χρὴ	_	_
2.11	247	[1]	νομίζειν	_	_
2.11	248	[11]	.	b	_
2.11	249	[1]	ἐφεξῆς	_	_
2.11	250	[5]	δὲ	_	_
2.11	251	[1]	τούτων	_	_
2.11	252	[1]	ὅσαι	_	_
2.11	253	[1]	μορίων	_	_
2.11	254	[1]	εἰσὶ	_	_
2.11	255	[1]	κυρίων	_	_
2.11	256	[22]	,	b	_
2.11	257	[1]	εὐκίνητοι	_	_
2.11	258	[18]	καὶ	_	_
2.11	259	[1]	θερμαὶ	_	_
2.11	260	[1]	διαθέσεις	_	_
2.11	261	[12]	.	b	_
2.11	262	[1]	οἱ	_	_
2.11	263	[6]	δὲ	_	_
2.11	264	[1]	ἐφήμεροί	_	_
2.11	265	[3]	τε	_	_
2.11	266	[19]	καὶ	_	_
2.11	267	[2]	οἱ	_	_
2.11	268	[1]	ἑκτικοὶ	_	_
2.11	269	[1]	πυρετοὶ	_	_
2.11	270	[20]	καὶ	_	_
2.11	271	[1]	χωρὶς	_	_
2.11	272	[1]	ταραχῆς	_	_
2.11	273	[1]	μεγάλης	_	_
2.11	274	[21]	καὶ	_	_
2.11	275	[1]	οὐδ	_	_
2.11	276	[9]	’	b	_
2.11	277	[1]	ὀξυῤῥόπους	_	_
2.11	278	[1]	ποιοῦνται	_	_
2.11	279	[3]	τὰς	_	_
2.11	280	[1]	μεταβολάς	_	_
2.11	281	[13]	.	b	_
2.11	282	[3]	ἀλλ	_	_
2.11	283	[10]	’	b	_
2.11	284	[1]	ἐπεὶ	_	_
2.11	285	[22]	καὶ	_	_
2.11	286	[1]	ταύτας	_	_
2.11	287	[1]	ἐνίοτε	_	_
2.11	288	[1]	καταχρώμενοι	_	_
2.11	289	[2]	κρίσεις	_	_
2.11	290	[1]	ὀνομάζουσιν	_	_
2.11	291	[23]	,	b	_
2.11	292	[1]	εἰρήσεταί	_	_
2.11	293	[1]	τι	_	_
2.11	294	[23]	καὶ	_	_
2.11	295	[2]	περὶ	_	_
2.11	296	[2]	τούτων	_	_
2.11	297	[3]	ἐν	_	_
2.11	298	[1]	τοῖς	_	_
2.11	299	[2]	ἐφεξῆς	_	_
2.11	300	[14]	.	b	_
2.11	301	[1]	νυνὶ	_	_
2.11	302	[7]	δὲ	_	_
2.11	303	[1]	τέλος	_	_
2.11	304	[1]	ἐπιθεῖναι	_	_
2.11	305	[1]	βούλομαι	_	_
2.11	306	[1]	τῷ	_	_
2.11	307	[1]	παρόντι	_	_
2.11	308	[1]	λόγῳ	_	_
2.11	309	[24]	,	b	_
2.11	310	[1]	συγκεφαλαιώσας	_	_
2.11	311	[3]	εἰς	_	_
2.11	312	[1]	ἓν	_	_
2.11	313	[1]	ἅπαντα	_	_
2.11	314	[1]	τὰ	_	_
2.11	315	[1]	προειρημένα	_	_
2.11	316	[15]	.	b	_
2.12	1	[1]	Τὰς	_	_
2.12	2	[1]	ἀθρόας	_	_
2.12	3	[1]	ἐν	_	_
2.12	4	[1]	νόσοις	_	_
2.12	5	[1]	μεταβολὰς	_	_
2.12	6	[1]	εἰ	_	_
2.12	7	[1]	βούλοιο	_	_
2.12	8	[1]	προγινώσκειν	_	_
2.12	9	[1]	,	b	_
2.12	10	[1]	ἀναγκαῖόν	_	_
2.12	11	[1]	ἐστί	_	_
2.12	12	[1]	σοι	_	_
2.12	13	[1]	πρότερον	_	_
2.12	14	[1]	ἀρχῆς	_	_
2.12	15	[1]	καὶ	_	_
2.12	16	[1]	ἀναβάσεως	_	_
2.12	17	[2]	καὶ	_	_
2.12	18	[1]	ἀκμῆς	_	_
2.12	19	[3]	καὶ	_	_
2.12	20	[1]	παρακμῆς	_	_
2.12	21	[1]	εἶναι	_	_
2.12	22	[1]	διαγνωστικός	_	_
2.12	23	[1]	τε	_	_
2.12	24	[4]	καὶ	_	_
2.12	25	[1]	προγνωστικός	_	_
2.12	26	[1]	.	b	_
2.12	27	[1]	ταῦτα	_	_
2.12	28	[1]	δ	_	_
2.12	29	[1]	’	b	_
2.12	30	[1]	αὐτὰ	_	_
2.12	31	[1]	διαγνώσῃ	_	_
2.12	32	[1]	διά	_	_
2.12	33	[2]	τε	_	_
2.12	34	[1]	τῆς	_	_
2.12	35	[1]	τοῦ	_	_
2.12	36	[1]	νοσήματος	_	_
2.12	37	[1]	ἰδέας	_	_
2.12	38	[5]	καὶ	_	_
2.12	39	[2]	τῆς	_	_
2.12	40	[1]	χώρας	_	_
2.12	41	[6]	καὶ	_	_
2.12	42	[3]	τῆς	_	_
2.12	43	[1]	ὥρας	_	_
2.12	44	[2]	τοῦ	_	_
2.12	45	[1]	ἔτους	_	_
2.12	46	[2]	,	b	_
2.12	47	[1]	ἅμα	_	_
2.12	48	[1]	τοῖς	_	_
2.12	49	[1]	συστοίχοις	_	_
2.12	50	[1]	αὐτοῖς	_	_
2.12	51	[3]	,	b	_
2.12	52	[7]	καὶ	_	_
2.12	53	[4]	τῆς	_	_
2.12	54	[1]	τῶν	_	_
2.12	55	[1]	περιόδων	_	_
2.12	56	[1]	ἀναλογίας	_	_
2.12	57	[8]	καὶ	_	_
2.12	58	[1]	προσέτι	_	_
2.12	59	[2]	τῶν	_	_
2.12	60	[1]	ἐπιφαινομένων	_	_
2.12	61	[4]	,	b	_
2.12	62	[1]	ἐκ	_	_
2.12	63	[1]	μὲν	_	_
2.12	64	[5]	τῆς	_	_
2.12	65	[3]	τοῦ	_	_
2.12	66	[2]	νοσήματος	_	_
2.12	67	[2]	ἰδέας	_	_
2.12	68	[1]	εἰς	_	_
2.12	69	[1]	τρεῖς	_	_
2.12	70	[1]	τούτους	_	_
2.12	71	[1]	ἀποβλέπων	_	_
2.12	72	[1]	ἁπλοῦς	_	_
2.12	73	[9]	καὶ	_	_
2.12	74	[1]	πρώτους	_	_
2.12	75	[1]	πυρετοὺς	_	_
2.12	76	[5]	,	b	_
2.12	77	[1]	τὸν	_	_
2.12	78	[1]	φλεγματώδη	_	_
2.12	79	[10]	καὶ	_	_
2.12	80	[2]	τὸν	_	_
2.12	81	[1]	μελαγχολικὸν	_	_
2.12	82	[11]	καὶ	_	_
2.12	83	[3]	τὸν	_	_
2.12	84	[1]	πικρόχολον	_	_
2.12	85	[2]	.	b	_
2.12	86	[1]	ἄσκησον	_	_
2.12	87	[1]	δὲ	_	_
2.12	88	[1]	γνωρίζειν	_	_
2.12	89	[1]	αὐτοὺς	_	_
2.12	90	[2]	πρότερον	_	_
2.12	91	[1]	ἀκριβεῖς	_	_
2.12	92	[3]	τε	_	_
2.12	93	[12]	καὶ	_	_
2.12	94	[1]	γνησίους	_	_
2.12	95	[6]	,	b	_
2.12	96	[1]	οὕτω	_	_
2.12	97	[1]	γὰρ	_	_
2.12	98	[13]	καὶ	_	_
2.12	99	[1]	δυνήσῃ	_	_
2.12	100	[1]	ποτὲ	_	_
2.12	101	[14]	καὶ	_	_
2.12	102	[1]	μεμιγμένους	_	_
2.12	103	[1]	ἐξευρίσκειν	_	_
2.12	104	[3]	.	b	_
2.12	105	[2]	ἀκριβεῖς	_	_
2.12	106	[2]	δὲ	_	_
2.12	107	[15]	καὶ	_	_
2.12	108	[1]	γνήσιοι	_	_
2.12	109	[1]	τότ	_	_
2.12	110	[2]	’	b	_
2.12	111	[1]	εἰσὶν	_	_
2.12	112	[7]	,	b	_
2.12	113	[1]	ὅταν	_	_
2.12	114	[1]	ἡλικία	_	_
2.12	115	[16]	καὶ	_	_
2.12	116	[1]	ὥρα	_	_
2.12	117	[17]	καὶ	_	_
2.12	118	[1]	χώρα	_	_
2.12	119	[18]	καὶ	_	_
2.12	120	[1]	κατάστασις	_	_
2.12	121	[19]	καὶ	_	_
2.12	122	[1]	φύσις	_	_
2.12	123	[20]	καὶ	_	_
2.12	124	[1]	τὰ	_	_
2.12	125	[1]	προγεγονότα	_	_
2.12	126	[1]	διαιτήματα	_	_
2.12	127	[21]	καὶ	_	_
2.12	128	[2]	τὰ	_	_
2.12	129	[1]	παρόντα	_	_
2.12	130	[1]	συμπτώματα	_	_
2.12	131	[22]	καὶ	_	_
2.12	132	[1]	πάνθ	_	_
2.12	133	[3]	’	b	_
2.12	134	[1]	ἁπλῶς	_	_
2.12	135	[1]	ὅσα	_	_
2.12	136	[1]	πρόσθεν	_	_
2.12	137	[1]	εἶπον	_	_
2.12	138	[1]	οἰκεῖα	_	_
2.12	139	[4]	τοῦ	_	_
2.12	140	[1]	χυμοῦ	_	_
2.12	141	[6]	τῆς	_	_
2.12	142	[3]	ἰδέας	_	_
2.12	143	[1]	ὑπάρχῃ	_	_
2.12	144	[4]	.	b	_
2.12	145	[1]	μενόντων	_	_
2.12	146	[2]	μὲν	_	_
2.12	147	[1]	οὖν	_	_
2.12	148	[3]	τῶν	_	_
2.12	149	[1]	χυμῶν	_	_
2.12	150	[1]	κατὰ	_	_
2.12	151	[1]	τὰς	_	_
2.12	152	[1]	φλέβας	_	_
2.12	153	[1]	οἱ	_	_
2.12	154	[1]	συνεχεῖς	_	_
2.12	155	[1]	ἐπ	_	_
2.12	156	[4]	’	b	_
2.12	157	[2]	αὐτοῖς	_	_
2.12	158	[1]	γίνονται	_	_
2.12	159	[1]	πυρετοί	_	_
2.12	160	[1]	·	b	_
2.12	161	[1]	κινουμένων	_	_
2.12	162	[3]	δὲ	_	_
2.12	163	[23]	καὶ	_	_
2.12	164	[1]	πάντῃ	_	_
2.12	165	[5]	τοῦ	_	_
2.12	166	[1]	σώματος	_	_
2.12	167	[1]	ὠθουμένων	_	_
2.12	168	[2]	οἱ	_	_
2.12	169	[1]	μετὰ	_	_
2.12	170	[1]	ῥίγους	_	_
2.12	171	[1]	ἢ	_	_
2.12	172	[1]	φρίκης	_	_
2.12	173	[1]	ἰσχυρᾶς	_	_
2.12	174	[1]	ἀρχόμενοι	_	_
2.12	175	[8]	,	b	_
2.12	176	[1]	σὺν	_	_
2.12	177	[1]	ἱδρῶτι	_	_
2.12	178	[4]	δὲ	_	_
2.12	179	[1]	πάντως	_	_
2.12	180	[2]	εἰς	_	_
2.12	181	[1]	ἀπυρεξίαν	_	_
2.12	182	[1]	τελευτῶντες	_	_
2.12	183	[5]	.	b	_
2.12	184	[1]	ἔστι	_	_
2.12	185	[2]	δ	_	_
2.12	186	[5]	’	b	_
2.12	187	[1]	αὐτῶν	_	_
2.12	188	[1]	ὁ	_	_
2.12	189	[3]	μὲν	_	_
2.12	190	[1]	τριταῖός	_	_
2.12	191	[4]	τε	_	_
2.12	192	[24]	καὶ	_	_
2.12	193	[2]	ὁ	_	_
2.12	194	[1]	διὰ	_	_
2.12	195	[1]	τρίτης	_	_
2.12	196	[1]	ὀλιγοχρόνιος	_	_
2.12	197	[9]	,	b	_
2.12	198	[3]	ὁ	_	_
2.12	199	[5]	δὲ	_	_
2.12	200	[1]	τεταρταῖος	_	_
2.12	201	[25]	καὶ	_	_
2.12	202	[4]	ὁ	_	_
2.12	203	[2]	διὰ	_	_
2.12	204	[1]	τετάρτης	_	_
2.12	205	[1]	πολυχρόνιος	_	_
2.12	206	[6]	.	b	_
2.12	207	[1]	ἧττον	_	_
2.12	208	[6]	δὲ	_	_
2.12	209	[1]	χρόνιος	_	_
2.12	210	[1]	τούτου	_	_
2.12	211	[1]	ὅ	_	_
2.12	212	[1]	τ	_	_
2.12	213	[6]	’	b	_
2.12	214	[1]	ἀμφημερινός	_	_
2.12	215	[1]	ἐστι	_	_
2.12	216	[26]	καὶ	_	_
2.12	217	[5]	ὁ	_	_
2.12	218	[1]	καθ	_	_
2.12	219	[7]	’	b	_
2.12	220	[1]	ἑκάστην	_	_
2.12	221	[1]	ἡμέραν	_	_
2.12	222	[1]	παροξυνόμενος	_	_
2.12	223	[7]	.	b	_
2.12	224	[2]	εἰ	_	_
2.12	225	[2]	τούτους	_	_
2.12	226	[1]	εἰδείης	_	_
2.12	227	[1]	ἑτοίμως	_	_
2.12	228	[2]	γνωρίζειν	_	_
2.12	229	[10]	,	b	_
2.12	230	[1]	οὐκ	_	_
2.12	231	[1]	ἂν	_	_
2.12	232	[1]	ἔτι	_	_
2.12	233	[1]	χαλεπὸν	_	_
2.12	234	[2]	ἐξευρίσκειν	_	_
2.12	235	[1]	οὐδὲ	_	_
2.12	236	[1]	τοὺς	_	_
2.12	237	[1]	ἐπὶ	_	_
2.12	238	[1]	τόποις	_	_
2.12	239	[1]	τισὶ	_	_
2.12	240	[1]	πεπονθόσι	_	_
2.12	241	[1]	συνισταμένους	_	_
2.12	242	[8]	.	b	_
2.12	243	[2]	ἐν	_	_
2.12	244	[2]	γὰρ	_	_
2.12	245	[2]	τοῖς	_	_
2.12	246	[1]	φλεγμαίνουσι	_	_
2.12	247	[1]	μορίοις	_	_
2.12	248	[1]	ἅπασιν	_	_
2.12	249	[1]	ἡ	_	_
2.12	250	[1]	σφήνωσις	_	_
2.12	251	[4]	τῶν	_	_
2.12	252	[2]	χυμῶν	_	_
2.12	253	[1]	εἴργουσα	_	_
2.12	254	[1]	διαπνεῖσθαι	_	_
2.12	255	[1]	καλῶς	_	_
2.12	256	[4]	τὸν	_	_
2.12	257	[1]	τόπον	_	_
2.12	258	[1]	εὐθὺς	_	_
2.12	259	[4]	μὲν	_	_
2.12	260	[1]	σήπει	_	_
2.12	261	[2]	τοὺς	_	_
2.12	262	[1]	χυμοὺς	_	_
2.12	263	[11]	,	b	_
2.12	264	[2]	εὐθὺς	_	_
2.12	265	[7]	δὲ	_	_
2.12	266	[27]	καὶ	_	_
2.12	267	[1]	θερμασίαν	_	_
2.12	268	[1]	ἀνάπτει	_	_
2.12	269	[1]	τινὰ	_	_
2.12	270	[1]	μοχθηρὰν	_	_
2.12	271	[12]	,	b	_
2.12	272	[1]	οἵα	_	_
2.12	273	[1]	κᾀν	_	_
2.12	274	[3]	τοῖς	_	_
2.12	275	[1]	ἄλλοις	_	_
2.12	276	[1]	ἅπασι	_	_
2.12	277	[4]	τοῖς	_	_
2.12	278	[1]	σηπομένοις	_	_
2.12	279	[1]	γεννᾶται	_	_
2.12	280	[9]	.	b	_
2.12	281	[1]	ταύτης	_	_
2.12	282	[2]	οὖν	_	_
2.12	283	[7]	τῆς	_	_
2.12	284	[1]	θερμασίας	_	_
2.12	285	[6]	ὁ	_	_
2.12	286	[1]	χαρακτὴρ	_	_
2.12	287	[2]	ὅταν	_	_
2.12	288	[2]	ἁπλοῦς	_	_
2.12	289	[1]	ᾖ	_	_
2.12	290	[13]	,	b	_
2.12	291	[5]	τῶν	_	_
2.12	292	[1]	εἰρημένων	_	_
2.12	293	[1]	τινὶ	_	_
2.12	294	[1]	πυρετῶν	_	_
2.12	295	[1]	ἐξ	_	_
2.12	296	[1]	ἀνάγκης	_	_
2.12	297	[1]	ἔοικε	_	_
2.12	298	[2]	·	b	_
2.12	299	[1]	μᾶλλον	_	_
2.12	300	[8]	δὲ	_	_
2.12	301	[14]	,	b	_
2.12	302	[3]	εἰ	_	_
2.12	303	[1]	χρὴ	_	_
2.12	304	[1]	τἀληθὲς	_	_
2.12	305	[1]	εἰπεῖν	_	_
2.12	306	[15]	,	b	_
2.12	307	[1]	εἷς	_	_
2.12	308	[2]	ἐξ	_	_
2.12	309	[1]	ἐκείνων	_	_
2.12	310	[1]	ἐστὶν	_	_
2.12	311	[16]	,	b	_
2.12	312	[2]	ἢ	_	_
2.12	313	[1]	πικρόχολος	_	_
2.12	314	[17]	,	b	_
2.12	315	[3]	ἢ	_	_
2.12	316	[1]	μελαγχολικὸς	_	_
2.12	317	[18]	,	b	_
2.12	318	[4]	ἢ	_	_
2.12	319	[1]	φλεγματικός	_	_
2.12	320	[10]	.	b	_
2.12	321	[1]	ἤκουσας	_	_
2.12	322	[1]	δέ	_	_
2.12	323	[1]	που	_	_
2.12	324	[1]	λέγοντος	_	_
2.12	325	[1]	Ἱπποκράτους	_	_
2.12	326	[1]	τίνες	_	_
2.12	327	[2]	εἰσὶν	_	_
2.12	328	[1]	ὀξεῖαι	_	_
2.12	329	[1]	νόσοι	_	_
2.12	330	[19]	,	b	_
2.12	331	[5]	ἢ	_	_
2.12	332	[1]	ὡς	_	_
2.12	333	[1]	ταύτας	_	_
2.12	334	[1]	καλοῦσιν	_	_
2.12	335	[1]	ὀξείας	_	_
2.12	336	[1]	νόσους	_	_
2.12	337	[20]	,	b	_
2.12	338	[1]	ὧν	_	_
2.12	339	[3]	οἱ	_	_
2.12	340	[1]	πυρετοὶ	_	_
2.12	341	[1]	τοὐπίπαν	_	_
2.12	342	[1]	εἰσὶ	_	_
2.12	343	[2]	συνεχεῖς	_	_
2.12	344	[21]	,	b	_
2.12	345	[1]	ὥστ	_	_
2.12	346	[8]	’	b	_
2.12	347	[1]	εἴπερ	_	_
2.12	348	[1]	ἰδίᾳ	_	_
2.12	349	[5]	τε	_	_
2.12	350	[28]	καὶ	_	_
2.12	351	[2]	καθ	_	_
2.12	352	[9]	’	b	_
2.12	353	[1]	ἑαυτὸν	_	_
2.12	354	[1]	ἕκαστον	_	_
2.12	355	[6]	τῶν	_	_
2.12	356	[2]	πυρετῶν	_	_
2.12	357	[1]	ἀσκήσαις	_	_
2.12	358	[3]	γνωρίζειν	_	_
2.12	359	[22]	,	b	_
2.12	360	[2]	οὐκ	_	_
2.12	361	[2]	ἂν	_	_
2.12	362	[2]	ἔτι	_	_
2.12	363	[1]	χαλεπῶς	_	_
2.12	364	[23]	,	b	_
2.12	365	[1]	οὐδ	_	_
2.12	366	[10]	’	b	_
2.12	367	[3]	ὅταν	_	_
2.12	368	[2]	ἅμα	_	_
2.12	369	[1]	πνεύμονος	_	_
2.12	370	[6]	ἢ	_	_
2.12	371	[1]	σπληνὸς	_	_
2.12	372	[7]	ἢ	_	_
2.12	373	[1]	ἥπατος	_	_
2.12	374	[8]	ἢ	_	_
2.12	375	[1]	γαστρὸς	_	_
2.12	376	[1]	φλεγμονή	_	_
2.12	377	[1]	τις	_	_
2.12	378	[1]	εὑρίσκοιτο	_	_
2.12	379	[24]	,	b	_
2.12	380	[2]	διαγνώσῃ	_	_
2.12	381	[6]	τε	_	_
2.12	382	[1]	τὴν	_	_
2.12	383	[1]	ἰδέαν	_	_
2.12	384	[1]	αὐτοῦ	_	_
2.12	385	[29]	καὶ	_	_
2.12	386	[1]	τὸ	_	_
2.12	387	[1]	μέχρι	_	_
2.12	388	[1]	λύσεως	_	_
2.12	389	[1]	μῆκος	_	_
2.12	390	[1]	ὅλης	_	_
2.12	391	[8]	τῆς	_	_
2.12	392	[1]	νόσου	_	_
2.12	393	[1]	προγνώσῃ	_	_
2.12	394	[11]	.	b	_
2.12	395	[2]	πάντως	_	_
2.12	396	[1]	γάρ	_	_
2.12	397	[2]	που	_	_
2.12	398	[2]	τὸ	_	_
2.12	399	[1]	ῥεῦμα	_	_
2.12	400	[3]	τὸ	_	_
2.12	401	[2]	τὴν	_	_
2.12	402	[1]	φλεγμονὴν	_	_
2.12	403	[1]	ἐργασάμενον	_	_
2.12	404	[9]	ἢ	_	_
2.12	405	[9]	τῆς	_	_
2.12	406	[1]	ξανθῆς	_	_
2.12	407	[1]	χολῆς	_	_
2.12	408	[1]	ἐστιν	_	_
2.12	409	[25]	,	b	_
2.12	410	[10]	ἢ	_	_
2.12	411	[10]	τῆς	_	_
2.12	412	[1]	μελαίνης	_	_
2.12	413	[26]	,	b	_
2.12	414	[11]	ἢ	_	_
2.12	415	[6]	τοῦ	_	_
2.12	416	[1]	φλέγματος	_	_
2.12	417	[12]	.	b	_
2.12	418	[4]	εἰ	_	_
2.12	419	[5]	μὲν	_	_
2.12	420	[3]	οὖν	_	_
2.12	421	[1]	ἀκράτου	_	_
2.12	422	[1]	τέ	_	_
2.12	423	[1]	γε	_	_
2.12	424	[30]	καὶ	_	_
2.12	425	[1]	πολλῆς	_	_
2.12	426	[11]	τῆς	_	_
2.12	427	[2]	ξανθῆς	_	_
2.12	428	[2]	χολῆς	_	_
2.12	429	[1]	εἴη	_	_
2.12	430	[27]	,	b	_
2.12	431	[1]	τηνικαῦτα	_	_
2.12	432	[6]	μὲν	_	_
2.12	433	[1]	ἐρυσιπέλατά	_	_
2.12	434	[7]	τε	_	_
2.12	435	[31]	καὶ	_	_
2.12	436	[3]	τοὺς	_	_
2.12	437	[1]	καλουμένους	_	_
2.12	438	[1]	ἕρπητας	_	_
2.12	439	[1]	ἐργάζεται	_	_
2.12	440	[3]	·	b	_
2.12	441	[12]	τῆς	_	_
2.12	442	[2]	μελαίνης	_	_
2.12	443	[3]	δ	_	_
2.12	444	[11]	’	b	_
2.12	445	[3]	ἂν	_	_
2.12	446	[2]	εἴη	_	_
2.12	447	[28]	,	b	_
2.12	448	[12]	ἢ	_	_
2.12	449	[1]	καρκίνους	_	_
2.12	450	[13]	ἢ	_	_
2.12	451	[1]	φαγεδαίνας	_	_
2.12	452	[14]	ἢ	_	_
2.12	453	[1]	ἐλέφαντας	_	_
2.12	454	[29]	,	b	_
2.12	455	[1]	ἤ	_	_
2.12	456	[1]	τι	_	_
2.12	457	[7]	τῶν	_	_
2.12	458	[2]	οὕτω	_	_
2.12	459	[1]	δυσιάτων	_	_
2.12	460	[1]	παθῶν	_	_
2.12	461	[13]	.	b	_
2.12	462	[2]	ὅσα	_	_
2.12	463	[4]	δ	_	_
2.12	464	[12]	’	b	_
2.12	465	[1]	ὑπὸ	_	_
2.12	466	[2]	φλέγματος	_	_
2.12	467	[1]	κατασκήψαντος	_	_
2.12	468	[1]	ἐξαίρεται	_	_
2.12	469	[30]	,	b	_
2.12	470	[1]	ταῦτ	_	_
2.12	471	[13]	’	b	_
2.12	472	[1]	οἰδήματα	_	_
2.12	473	[1]	κέκληται	_	_
2.12	474	[14]	.	b	_
2.12	475	[1]	ψιλὸς	_	_
2.12	476	[7]	μὲν	_	_
2.12	477	[4]	οὖν	_	_
2.12	478	[32]	καὶ	_	_
2.12	479	[1]	μόνος	_	_
2.12	480	[1]	ἕκαστος	_	_
2.12	481	[8]	τῶν	_	_
2.12	482	[2]	εἰρημένων	_	_
2.12	483	[3]	χυμῶν	_	_
2.12	484	[1]	ἀκριβὲς	_	_
2.12	485	[2]	ἕκαστον	_	_
2.12	486	[2]	ἐργάζεται	_	_
2.12	487	[9]	τῶν	_	_
2.12	488	[3]	εἰρημένων	_	_
2.12	489	[2]	παθῶν	_	_
2.12	490	[15]	.	b	_
2.12	491	[1]	ἀναθολωθεὶς	_	_
2.12	492	[9]	δὲ	_	_
2.12	493	[1]	τῷ	_	_
2.12	494	[1]	αἵματι	_	_
2.12	495	[31]	,	b	_
2.12	496	[1]	κᾄπειτα	_	_
2.12	497	[1]	κατασκήψας	_	_
2.12	498	[1]	εἴς	_	_
2.12	499	[2]	τι	_	_
2.12	500	[1]	μόριον	_	_
2.12	501	[32]	,	b	_
2.12	502	[1]	σκιῤῥώδεις	_	_
2.12	503	[33]	,	b	_
2.12	504	[15]	ἢ	_	_
2.12	505	[1]	οἰδηματώδεις	_	_
2.12	506	[3]	ἐργάζεται	_	_
2.12	507	[2]	τὰς	_	_
2.12	508	[1]	φλεγμονάς	_	_
2.12	509	[4]	·	b	_
2.12	510	[2]	σκιῤῥώδεις	_	_
2.12	511	[8]	μὲν	_	_
2.12	512	[7]	ὁ	_	_
2.12	513	[2]	μελαγχολικὸς	_	_
2.12	514	[34]	,	b	_
2.12	515	[1]	ἐρυσιπελατώδεις	_	_
2.12	516	[10]	δὲ	_	_
2.12	517	[8]	ὁ	_	_
2.12	518	[2]	πικρόχολος	_	_
2.12	519	[35]	,	b	_
2.12	520	[2]	οἰδηματώδεις	_	_
2.12	521	[11]	δὲ	_	_
2.12	522	[9]	ὁ	_	_
2.12	523	[2]	φλεγματικός	_	_
2.12	524	[16]	.	b	_
2.12	525	[4]	ὅταν	_	_
2.12	526	[12]	δὲ	_	_
2.12	527	[1]	αὐτὸ	_	_
2.12	528	[4]	τὸ	_	_
2.12	529	[2]	κατὰ	_	_
2.12	530	[1]	φύσιν	_	_
2.12	531	[1]	ἔχον	_	_
2.12	532	[1]	αἷμα	_	_
2.12	533	[1]	σφηνωθὲν	_	_
2.12	534	[3]	ἐν	_	_
2.12	535	[2]	τῷ	_	_
2.12	536	[1]	ῥευματισθέντι	_	_
2.12	537	[1]	χωρίῳ	_	_
2.12	538	[1]	διασαπῇ	_	_
2.12	539	[36]	,	b	_
2.12	540	[1]	φλεγμονὴ	_	_
2.12	541	[1]	μέν	_	_
2.12	542	[2]	ἐστι	_	_
2.12	543	[5]	τὸ	_	_
2.12	544	[1]	πάθημα	_	_
2.12	545	[37]	,	b	_
2.12	546	[1]	ἀπλοῦς	_	_
2.12	547	[13]	δὲ	_	_
2.12	548	[2]	ἐπ	_	_
2.12	549	[14]	’	b	_
2.12	550	[1]	αὐτῇ	_	_
2.12	551	[1]	πυρετὸς	_	_
2.12	552	[1]	ἐξάπτεται	_	_
2.12	553	[38]	,	b	_
2.12	554	[1]	παραπλήσιος	_	_
2.12	555	[1]	μάλιστα	_	_
2.12	556	[10]	τῶν	_	_
2.12	557	[1]	ἐφημέρων	_	_
2.12	558	[5]	τοῖς	_	_
2.12	559	[2]	ἐπὶ	_	_
2.12	560	[1]	βουβῶσι	_	_
2.12	561	[17]	.	b	_
2.12	562	[33]	καὶ	_	_
2.12	563	[3]	γὰρ	_	_
2.12	564	[5]	οὖν	_	_
2.12	565	[34]	καὶ	_	_
2.12	566	[1]	αὐτὸς	_	_
2.12	567	[10]	ὁ	_	_
2.12	568	[1]	βουβὼν	_	_
2.12	569	[3]	ἐξ	_	_
2.12	570	[1]	αἵματος	_	_
2.12	571	[1]	χρηστοῦ	_	_
2.12	572	[1]	γίνεται	_	_
2.12	573	[18]	.	b	_
2.12	574	[1]	δῆλον	_	_
2.12	575	[5]	δ	_	_
2.12	576	[15]	’	b	_
2.12	577	[2]	ὡς	_	_
2.12	578	[39]	,	b	_
2.12	579	[1]	ἐπειδὰν	_	_
2.12	580	[1]	ὑπάρξηται	_	_
2.12	581	[1]	σήπεσθαι	_	_
2.12	582	[1]	τοῦτο	_	_
2.12	583	[40]	,	b	_
2.12	584	[1]	οὐκέτι	_	_
2.12	585	[1]	μένει	_	_
2.12	586	[1]	χρηστὸν	_	_
2.12	587	[41]	,	b	_
2.12	588	[1]	ἀλλ	_	_
2.12	589	[16]	’	b	_
2.12	590	[1]	ἤδη	_	_
2.12	591	[2]	πικρόχολον	_	_
2.12	592	[2]	γίνεται	_	_
2.12	593	[42]	,	b	_
2.12	594	[35]	καὶ	_	_
2.12	595	[1]	φυλάττεται	_	_
2.12	596	[2]	κᾀν	_	_
2.12	597	[1]	τῷδε	_	_
2.12	598	[6]	τὸ	_	_
2.12	599	[1]	τρία	_	_
2.12	600	[3]	τὰ	_	_
2.12	601	[1]	σύμπαντα	_	_
2.12	602	[2]	εἶναι	_	_
2.12	603	[1]	γένη	_	_
2.12	604	[11]	τῶν	_	_
2.12	605	[1]	ἁπλῶν	_	_
2.12	606	[3]	πυρετῶν	_	_
2.12	607	[19]	.	b	_
2.12	608	[11]	ὁ	_	_
2.12	609	[4]	γὰρ	_	_
2.12	610	[4]	ἐξ	_	_
2.12	611	[2]	αἵματος	_	_
2.12	612	[1]	σηπομένου	_	_
2.12	613	[1]	γινόμενος	_	_
2.12	614	[2]	ἤδη	_	_
2.12	615	[1]	πως	_	_
2.12	616	[1]	χολώδης	_	_
2.12	617	[2]	ἐστὶν	_	_
2.12	618	[43]	,	b	_
2.12	619	[1]	εἴ	_	_
2.12	620	[2]	γε	_	_
2.12	621	[3]	κᾀν	_	_
2.12	622	[6]	τοῖς	_	_
2.12	623	[1]	φυσικοῖς	_	_
2.12	624	[1]	λόγοις	_	_
2.12	625	[1]	ὀρθῶς	_	_
2.12	626	[1]	ἀποδέδεικται	_	_
2.12	627	[7]	τὸ	_	_
2.12	628	[9]	μὲν	_	_
2.12	629	[2]	αἷμα	_	_
2.12	630	[2]	ἡ	_	_
2.12	631	[1]	σύμμετρος	_	_
2.12	632	[1]	ἐργαζομένη	_	_
2.12	633	[1]	θερμασία	_	_
2.12	634	[44]	,	b	_
2.12	635	[3]	τὴν	_	_
2.12	636	[1]	ξανθὴν	_	_
2.12	637	[14]	δὲ	_	_
2.12	638	[1]	χολὴν	_	_
2.12	639	[3]	ἡ	_	_
2.12	640	[1]	πλείων	_	_
2.12	641	[3]	ἤδη	_	_
2.12	642	[45]	,	b	_
2.12	643	[4]	τὴν	_	_
2.12	644	[1]	μέλαιναν	_	_
2.12	645	[15]	δὲ	_	_
2.12	646	[4]	ἡ	_	_
2.12	647	[1]	ἄμετρος	_	_
2.12	648	[1]	ἱκανῶς	_	_
2.12	649	[20]	.	b	_
2.12	650	[1]	ὅσον	_	_
2.12	651	[10]	μὲν	_	_
2.12	652	[6]	οὖν	_	_
2.12	653	[3]	ἐστι	_	_
2.12	654	[1]	λιπαρόν	_	_
2.12	655	[8]	τε	_	_
2.12	656	[36]	καὶ	_	_
2.12	657	[1]	κοῦφον	_	_
2.12	658	[4]	ἐν	_	_
2.12	659	[2]	αἵματι	_	_
2.12	660	[46]	,	b	_
2.12	661	[1]	ξανθὴ	_	_
2.12	662	[1]	χολὴ	_	_
2.12	663	[3]	γίνεται	_	_
2.12	664	[5]	·	b	_
2.12	665	[8]	τὸ	_	_
2.12	666	[1]	παχὺ	_	_
2.12	667	[16]	δὲ	_	_
2.12	668	[37]	καὶ	_	_
2.12	669	[1]	οἷον	_	_
2.12	670	[1]	τρὺξ	_	_
2.12	671	[47]	,	b	_
2.12	672	[5]	ὅταν	_	_
2.12	673	[1]	ἀμέτρως	_	_
2.12	674	[1]	θερμανθὲν	_	_
2.12	675	[1]	ἐξικμασθῇ	_	_
2.12	676	[48]	,	b	_
2.12	677	[1]	μέλαινα	_	_
2.12	678	[4]	γίνεται	_	_
2.12	679	[21]	.	b	_
2.12	680	[5]	γίνεται	_	_
2.12	681	[2]	δέ	_	_
2.12	682	[1]	ποτε	_	_
2.12	683	[2]	μέλαινα	_	_
2.12	684	[38]	καὶ	_	_
2.12	685	[5]	ἡ	_	_
2.12	686	[2]	ξανθὴ	_	_
2.12	687	[1]	κατοπτηθεῖσα	_	_
2.12	688	[22]	.	b	_
2.12	689	[1]	διττὸς	_	_
2.12	690	[5]	γὰρ	_	_
2.12	691	[1]	δὴ	_	_
2.12	692	[39]	καὶ	_	_
2.12	693	[2]	ταύτης	_	_
2.12	694	[1]	ἐδείχθη	_	_
2.12	695	[13]	τῆς	_	_
2.12	696	[1]	γενέσεως	_	_
2.12	697	[12]	ὁ	_	_
2.12	698	[1]	τρόπος	_	_
2.12	699	[23]	.	b	_
2.12	700	[1]	ἅπαντες	_	_
2.12	701	[7]	οὖν	_	_
2.12	702	[4]	οἱ	_	_
2.12	703	[3]	ἐπὶ	_	_
2.12	704	[2]	μορίοις	_	_
2.12	705	[2]	τισὶ	_	_
2.12	706	[2]	πεπονθόσι	_	_
2.12	707	[2]	πυρετοὶ	_	_
2.12	708	[12]	τῶν	_	_
2.12	709	[4]	εἰρημένων	_	_
2.12	710	[2]	τινὰ	_	_
2.12	711	[1]	χαρακτήρων	_	_
2.12	712	[16]	ἢ	_	_
2.12	713	[1]	ἁπλοῦν	_	_
2.12	714	[17]	ἢ	_	_
2.12	715	[1]	σύνθετον	_	_
2.12	716	[1]	ἕξουσιν	_	_
2.12	717	[24]	.	b	_
2.12	718	[2]	ἁπλοῦν	_	_
2.12	719	[11]	μὲν	_	_
2.12	720	[49]	,	b	_
2.12	721	[6]	ὅταν	_	_
2.12	722	[2]	ἱκανῶς	_	_
2.12	723	[1]	κρατήσῃ	_	_
2.12	724	[13]	τῶν	_	_
2.12	725	[1]	ἄλλων	_	_
2.12	726	[2]	εἷς	_	_
2.12	727	[1]	χυμὸς	_	_
2.12	728	[50]	,	b	_
2.12	729	[1]	οὐχ	_	_
2.12	730	[3]	ἁπλοῦν	_	_
2.12	731	[17]	δὲ	_	_
2.12	732	[51]	,	b	_
2.12	733	[2]	ἐπειδὰν	_	_
2.12	734	[1]	ἐμφαίνηται	_	_
2.12	735	[7]	τοῦ	_	_
2.12	736	[1]	μιχθέντος	_	_
2.12	737	[6]	ἡ	_	_
2.12	738	[1]	δύναμις	_	_
2.12	739	[25]	.	b	_
2.12	740	[1]	ἐνίοτε	_	_
2.12	741	[18]	δὲ	_	_
2.12	742	[3]	οὐκ	_	_
2.12	743	[1]	ἐμφαίνεται	_	_
2.12	744	[1]	μόνον	_	_
2.12	745	[52]	,	b	_
2.12	746	[1]	ἀλλὰ	_	_
2.12	747	[40]	καὶ	_	_
2.12	748	[1]	κατ	_	_
2.12	749	[17]	’	b	_
2.12	750	[1]	ἴσον	_	_
2.12	751	[1]	ἰσχύει	_	_
2.12	752	[1]	θατέρῳ	_	_
2.12	753	[53]	,	b	_
2.12	754	[41]	καὶ	_	_
2.12	755	[2]	ποτὲ	_	_
2.12	756	[42]	καὶ	_	_
2.12	757	[5]	οἱ	_	_
2.12	758	[2]	τρεῖς	_	_
2.12	759	[3]	ἅμα	_	_
2.12	760	[1]	μίγνυνται	_	_
2.12	761	[1]	ταῖς	_	_
2.12	762	[1]	δυνάμεσιν	_	_
2.12	763	[2]	ἴσον	_	_
2.12	764	[26]	.	b	_
2.12	765	[2]	ἀλλὰ	_	_
2.12	766	[1]	ὥσπερ	_	_
2.12	767	[5]	τὸν	_	_
2.12	768	[1]	ἀκριβῶς	_	_
2.12	769	[1]	ἐπιστάμενον	_	_
2.12	770	[2]	ἰδίᾳ	_	_
2.12	771	[4]	γνωρίζειν	_	_
2.12	772	[1]	οἶνον	_	_
2.12	773	[43]	καὶ	_	_
2.12	774	[1]	μέλι	_	_
2.12	775	[44]	καὶ	_	_
2.12	776	[1]	ὕδωρ	_	_
2.12	777	[2]	οὐδ	_	_
2.12	778	[18]	’	b	_
2.12	779	[7]	ἡ	_	_
2.12	780	[1]	κρᾶσις	_	_
2.12	781	[2]	αὐτῶν	_	_
2.12	782	[1]	διαλανθάνει	_	_
2.12	783	[54]	,	b	_
2.12	784	[3]	κατὰ	_	_
2.12	785	[6]	τὸν	_	_
2.12	786	[1]	αὐτὸν	_	_
2.12	787	[55]	,	b	_
2.12	788	[1]	οἶμαι	_	_
2.12	789	[56]	,	b	_
2.12	790	[1]	τρόπον	_	_
2.12	791	[3]	οὐδ	_	_
2.12	792	[19]	’	b	_
2.12	793	[1]	ὅστις	_	_
2.12	794	[3]	ἰδίᾳ	_	_
2.12	795	[14]	τῶν	_	_
2.12	796	[5]	εἰρημένων	_	_
2.12	797	[3]	ἕκαστον	_	_
2.12	798	[15]	τῶν	_	_
2.12	799	[4]	πυρετῶν	_	_
2.12	800	[1]	οἷός	_	_
2.12	801	[2]	τ	_	_
2.12	802	[20]	’	b	_
2.12	803	[1]	ἐστὶ	_	_
2.12	804	[5]	γνωρίζειν	_	_
2.12	805	[2]	ἀκριβῶς	_	_
2.12	806	[57]	,	b	_
2.12	807	[4]	οὐκ	_	_
2.12	808	[1]	ἀγνοήσει	_	_
2.12	809	[5]	τὴν	_	_
2.12	810	[1]	μίξιν	_	_
2.12	811	[3]	αὐτῶν	_	_
2.12	812	[58]	,	b	_
2.12	813	[1]	ὅθεν	_	_
2.12	814	[1]	ἀρχὴ	_	_
2.12	815	[1]	πάντων	_	_
2.12	816	[2]	ἐστὶ	_	_
2.12	817	[16]	τῶν	_	_
2.12	818	[1]	τοιούτων	_	_
2.12	819	[1]	ἀρίστη	_	_
2.12	820	[4]	τοὺς	_	_
2.12	821	[3]	τρεῖς	_	_
2.12	822	[1]	ἐκείνους	_	_
2.12	823	[2]	πυρετοὺς	_	_
2.12	824	[1]	δύνασθαι	_	_
2.12	825	[6]	γνωρίζειν	_	_
2.12	826	[3]	ἀκριβῶς	_	_
2.12	827	[59]	,	b	_
2.12	828	[1]	ἀμφημερινὸν	_	_
2.12	829	[45]	καὶ	_	_
2.12	830	[1]	τριταῖον	_	_
2.12	831	[46]	καὶ	_	_
2.12	832	[1]	τεταρταῖον	_	_
2.12	833	[27]	.	b	_
2.12	834	[1]	ὅμοιοι	_	_
2.12	835	[6]	γὰρ	_	_
2.12	836	[3]	αὐτοῖς	_	_
2.12	837	[4]	ἀκριβῶς	_	_
2.12	838	[1]	εἰσι	_	_
2.12	839	[47]	καὶ	_	_
2.12	840	[6]	οἱ	_	_
2.12	841	[1]	παρακείμενοι	_	_
2.12	842	[3]	συνεχεῖς	_	_
2.12	843	[60]	,	b	_
2.12	844	[1]	οὔκουν	_	_
2.12	845	[3]	εἰς	_	_
2.12	846	[1]	πολλοὺς	_	_
2.12	847	[48]	καὶ	_	_
2.12	848	[1]	ἀσαφεῖς	_	_
2.12	849	[1]	σκοποὺς	_	_
2.12	850	[61]	,	b	_
2.12	851	[2]	ἀλλ	_	_
2.12	852	[21]	’	b	_
2.12	853	[4]	εἰς	_	_
2.12	854	[1]	ὀλίγους	_	_
2.12	855	[9]	τε	_	_
2.12	856	[49]	καὶ	_	_
2.12	857	[1]	σαφεῖς	_	_
2.12	858	[1]	ἅπασαν	_	_
2.12	859	[1]	ἀνήγαγόν	_	_
2.12	860	[2]	σοι	_	_
2.12	861	[6]	τὴν	_	_
2.12	862	[1]	ἄσκησιν	_	_
2.12	863	[28]	.	b	_
2.12	864	[5]	ἐν	_	_
2.12	865	[1]	τούτοις	_	_
2.12	866	[7]	γὰρ	_	_
2.12	867	[1]	γυμνασάμενος	_	_
2.12	868	[1]	οὐ	_	_
2.12	869	[2]	χαλεπῶς	_	_
2.12	870	[6]	ἐν	_	_
2.12	871	[2]	ταῖς	_	_
2.12	872	[1]	πρώταις	_	_
2.12	873	[17]	τῶν	_	_
2.12	874	[1]	ἡμερῶν	_	_
2.12	875	[3]	διαγνώσῃ	_	_
2.12	876	[14]	τῆς	_	_
2.12	877	[2]	νόσου	_	_
2.12	878	[7]	τὸν	_	_
2.12	879	[1]	χαρακτῆρα	_	_
2.12	880	[29]	.	b	_
2.13	1	[1]	Τὰ	_	_
2.13	2	[1]	μὲν	_	_
2.13	3	[1]	δύο	_	_
2.13	4	[1]	γένη	_	_
2.13	5	[1]	τῶν	_	_
2.13	6	[1]	πυρετῶν	_	_
2.13	7	[1]	ὅπως	_	_
2.13	8	[1]	ἄν	_	_
2.13	9	[1]	τις	_	_
2.13	10	[1]	ἐξ	_	_
2.13	11	[1]	ἀρχῆς	_	_
2.13	12	[1]	γνωρίζοι	_	_
2.13	13	[1]	,	b	_
2.13	14	[1]	λέλεκται	_	_
2.13	15	[1]	.	b	_
2.13	16	[1]	λέγω	_	_
2.13	17	[1]	δὲ	_	_
2.13	18	[2]	δύο	_	_
2.13	19	[2]	γένη	_	_
2.13	20	[2]	τῶν	_	_
2.13	21	[1]	πυ	_	_
2.13	22	[1]	ρετῶν	_	_
2.13	23	[1]	τό	_	_
2.13	24	[1]	τ	_	_
2.13	25	[1]	’	b	_
2.13	26	[1]	ἐπὶ	_	_
2.13	27	[1]	μορίοις	_	_
2.13	28	[1]	τισὶ	_	_
2.13	29	[1]	πεπονθόσι	_	_
2.13	30	[1]	καὶ	_	_
2.13	31	[1]	τὸ	_	_
2.13	32	[3]	τῶν	_	_
2.13	33	[1]	χυμῶν	_	_
2.13	34	[1]	μόνον	_	_
2.13	35	[1]	ἐξαπτομένων	_	_
2.13	36	[2]	.	b	_
2.13	37	[1]	ἐφεξῆς	_	_
2.13	38	[1]	δ	_	_
2.13	39	[2]	’	b	_
2.13	40	[1]	ἂν	_	_
2.13	41	[1]	εἴη	_	_
2.13	42	[1]	λέγειν	_	_
2.13	43	[1]	ὑπὲρ	_	_
2.13	44	[1]	τοῦ	_	_
2.13	45	[1]	τρίτου	_	_
2.13	46	[1]	γένους	_	_
2.13	47	[4]	τῶν	_	_
2.13	48	[2]	πυρετῶν	_	_
2.13	49	[2]	,	b	_
2.13	50	[1]	οὓς	_	_
2.13	51	[1]	ἐφημέρους	_	_
2.13	52	[1]	ἔφαμεν	_	_
2.13	53	[1]	ὀνομάζεσθαι	_	_
2.13	54	[3]	.	b	_
2.13	55	[2]	τοῦ	_	_
2.13	56	[1]	πνεύματος	_	_
2.13	57	[2]	δ	_	_
2.13	58	[3]	’	b	_
2.13	59	[1]	αὐτοῦ	_	_
2.13	60	[1]	μόνου	_	_
2.13	61	[1]	παθήμαθ	_	_
2.13	62	[4]	’	b	_
2.13	63	[1]	ὑπάρχουσιν	_	_
2.13	64	[1]	﻿	_	_
2.13	65	[1]	οὗτοι	_	_
2.13	66	[3]	,	b	_
2.13	67	[1]	χωρὶς	_	_
2.13	68	[2]	χυμῶν	_	_
2.13	69	[1]	σηπεδόνος	_	_
2.13	70	[4]	,	b	_
2.13	71	[1]	ἢ	_	_
2.13	72	[1]	μορίου	_	_
2.13	73	[1]	φλεγμονῆς	_	_
2.13	74	[5]	,	b	_
2.13	75	[1]	ἔξω	_	_
2.13	76	[5]	τῶν	_	_
2.13	77	[2]	ἐπὶ	_	_
2.13	78	[1]	βουβῶσιν	_	_
2.13	79	[4]	.	b	_
2.13	80	[1]	αἱ	_	_
2.13	81	[1]	προφάσεις	_	_
2.13	82	[3]	δ	_	_
2.13	83	[5]	’	b	_
2.13	84	[1]	αὐτῶν	_	_
2.13	85	[1]	τῆς	_	_
2.13	86	[1]	γενέσεως	_	_
2.13	87	[1]	ἀγρυπνία	_	_
2.13	88	[2]	καὶ	_	_
2.13	89	[1]	ἀπεψία	_	_
2.13	90	[3]	καὶ	_	_
2.13	91	[1]	λύπη	_	_
2.13	92	[4]	καὶ	_	_
2.13	93	[1]	φόβος	_	_
2.13	94	[5]	καὶ	_	_
2.13	95	[1]	θυμὸς	_	_
2.13	96	[6]	καὶ	_	_
2.13	97	[1]	φροντὶς	_	_
2.13	98	[6]	,	b	_
2.13	99	[1]	ἔκκαυσίς	_	_
2.13	100	[1]	τε	_	_
2.13	101	[7]	καὶ	_	_
2.13	102	[1]	ψύξις	_	_
2.13	103	[8]	καὶ	_	_
2.13	104	[1]	κόπος	_	_
2.13	105	[9]	καὶ	_	_
2.13	106	[1]	μέθη	_	_
2.13	107	[10]	καὶ	_	_
2.13	108	[1]	πάνθ	_	_
2.13	109	[6]	’	b	_
2.13	110	[1]	ὅσα	_	_
2.13	111	[1]	τοιαῦτα	_	_
2.13	112	[5]	.	b	_
2.13	113	[1]	πῶς	_	_
2.13	114	[1]	οὖν	_	_
2.13	115	[11]	καὶ	_	_
2.13	116	[1]	τούτους	_	_
2.13	117	[1]	γνωρίζειν	_	_
2.13	118	[1]	ἐν	_	_
2.13	119	[1]	τῇ	_	_
2.13	120	[1]	πρώτῃ	_	_
2.13	121	[6]	τῶν	_	_
2.13	122	[1]	ἡμερῶν	_	_
2.13	123	[1]	χρὴ	_	_
2.13	124	[7]	,	b	_
2.13	125	[2]	ἐφεξῆς	_	_
2.13	126	[1]	δίειμι	_	_
2.13	127	[1]	·	b	_
2.13	128	[1]	κοινῇ	_	_
2.13	129	[2]	μὲν	_	_
2.13	130	[1]	ἁπάντων	_	_
2.13	131	[1]	ὁ	_	_
2.13	132	[1]	σφυγμὸς	_	_
2.13	133	[1]	εἰς	_	_
2.13	134	[1]	τάχος	_	_
2.13	135	[1]	ἐπιδίδωσι	_	_
2.13	136	[12]	καὶ	_	_
2.13	137	[1]	πυκνότητα	_	_
2.13	138	[8]	,	b	_
2.13	139	[1]	πολλάκις	_	_
2.13	140	[2]	δὲ	_	_
2.13	141	[13]	καὶ	_	_
2.13	142	[1]	μέγεθος	_	_
2.13	143	[6]	.	b	_
2.13	144	[1]	ἀκριβῶς	_	_
2.13	145	[3]	δὲ	_	_
2.13	146	[1]	ἀποσώζει	_	_
2.13	147	[1]	τὴν	_	_
2.13	148	[1]	κατὰ	_	_
2.13	149	[1]	φύσιν	_	_
2.13	150	[1]	ὁμαλότητά	_	_
2.13	151	[2]	τε	_	_
2.13	152	[14]	καὶ	_	_
2.13	153	[1]	μαλακότητα	_	_
2.13	154	[15]	καὶ	_	_
2.13	155	[1]	τάξιν	_	_
2.13	156	[9]	,	b	_
2.13	157	[1]	ὡσαύτως	_	_
2.13	158	[4]	δὲ	_	_
2.13	159	[16]	καὶ	_	_
2.13	160	[1]	τὰ	_	_
2.13	161	[1]	οὖρα	_	_
2.13	162	[2]	τὰ	_	_
2.13	163	[3]	μὲν	_	_
2.13	164	[1]	ἐναιωρήματα	_	_
2.13	165	[1]	χρηστὰ	_	_
2.13	166	[10]	,	b	_
2.13	167	[3]	τὰ	_	_
2.13	168	[4]	δ	_	_
2.13	169	[7]	’	b	_
2.13	170	[1]	ὑποστάσεις	_	_
2.13	171	[1]	ἴσχει	_	_
2.13	172	[11]	,	b	_
2.13	173	[4]	τὰ	_	_
2.13	174	[5]	δὲ	_	_
2.13	175	[1]	νεφέλας	_	_
2.13	176	[12]	,	b	_
2.13	177	[1]	εὔχροα	_	_
2.13	178	[6]	δὲ	_	_
2.13	179	[1]	πάντα	_	_
2.13	180	[13]	,	b	_
2.13	181	[1]	καθάπερ	_	_
2.13	182	[17]	καὶ	_	_
2.13	183	[1]	ἡ	_	_
2.13	184	[1]	θερμασία	_	_
2.13	185	[1]	πάντων	_	_
2.13	186	[4]	μὲν	_	_
2.13	187	[1]	ἀτμώδης	_	_
2.13	188	[1]	ἐστὶν	_	_
2.13	189	[14]	,	b	_
2.13	190	[1]	ἀλλὰ	_	_
2.13	191	[1]	τοῖς	_	_
2.13	192	[5]	μὲν	_	_
2.13	193	[1]	εὐθὺς	_	_
2.13	194	[2]	ἐν	_	_
2.13	195	[2]	τῇ	_	_
2.13	196	[2]	πρώτῃ	_	_
2.13	197	[2]	τῆς	_	_
2.13	198	[1]	ἁφῆς	_	_
2.13	199	[1]	ἐπιβολῇ	_	_
2.13	200	[15]	,	b	_
2.13	201	[2]	τοῖς	_	_
2.13	202	[5]	δ	_	_
2.13	203	[8]	’	b	_
2.13	204	[2]	ἐξ	_	_
2.13	205	[1]	ὑστέρου	_	_
2.13	206	[16]	,	b	_
2.13	207	[18]	καὶ	_	_
2.13	208	[1]	πάντ	_	_
2.13	209	[9]	’	b	_
2.13	210	[2]	αὐτῶν	_	_
2.13	211	[1]	ἄπεστι	_	_
2.13	212	[5]	τὰ	_	_
2.13	213	[1]	κακοήθη	_	_
2.13	214	[1]	συμπτώματα	_	_
2.13	215	[17]	,	b	_
2.13	216	[1]	περὶ	_	_
2.13	217	[1]	ὧν	_	_
2.13	218	[1]	Ἱπποκράτης	_	_
2.13	219	[1]	ἐδίδαξεν	_	_
2.13	220	[1]	ἡμᾶς	_	_
2.13	221	[3]	ἐν	_	_
2.13	222	[1]	προγνωστικῷ	_	_
2.13	223	[7]	.	b	_
2.13	224	[1]	ταῦτα	_	_
2.13	225	[6]	μὲν	_	_
2.13	226	[2]	οὖν	_	_
2.13	227	[2]	ἁπάντων	_	_
2.13	228	[1]	ἐστὶ	_	_
2.13	229	[1]	κοινὰ	_	_
2.13	230	[1]	σημεῖα	_	_
2.13	231	[7]	τῶν	_	_
2.13	232	[1]	ἐφημέρων	_	_
2.13	233	[3]	πυρετῶν	_	_
2.13	234	[2]	·	b	_
2.13	235	[1]	ἴδια	_	_
2.13	236	[6]	δ	_	_
2.13	237	[10]	’	b	_
2.13	238	[1]	ἑκάστῳ	_	_
2.13	239	[18]	,	b	_
2.13	240	[2]	καθάπερ	_	_
2.13	241	[1]	εἴρηταί	_	_
2.13	242	[1]	μοι	_	_
2.13	243	[1]	κᾀν	_	_
2.13	244	[1]	τῷ	_	_
2.13	245	[1]	πρώτῳ	_	_
2.13	246	[8]	τῶν	_	_
2.13	247	[1]	πρὸς	_	_
2.13	248	[1]	Γλαύκωνα	_	_
2.13	249	[1]	θεραπευτικῶν	_	_
2.13	250	[8]	.	b	_
2.13	251	[1]	ἄρξομαι	_	_
2.13	252	[7]	δὲ	_	_
2.13	253	[19]	καὶ	_	_
2.13	254	[1]	νῦν	_	_
2.13	255	[1]	ἀπὸ	_	_
2.13	256	[9]	τῶν	_	_
2.13	257	[1]	ψυχικῶν	_	_
2.13	258	[1]	παθῶν	_	_
2.13	259	[3]	τοῦ	_	_
2.13	260	[1]	λόγου	_	_
2.13	261	[19]	,	b	_
2.13	262	[1]	φροντίδος	_	_
2.13	263	[20]	καὶ	_	_
2.13	264	[1]	φόβου	_	_
2.13	265	[21]	καὶ	_	_
2.13	266	[1]	θυμοῦ	_	_
2.13	267	[22]	καὶ	_	_
2.13	268	[1]	λύπης	_	_
2.13	269	[9]	.	b	_
2.13	270	[1]	εἰ	_	_
2.13	271	[7]	μὲν	_	_
2.13	272	[1]	δὴ	_	_
2.13	273	[1]	μενόντων	_	_
2.13	274	[1]	ἔτι	_	_
2.13	275	[10]	τῶν	_	_
2.13	276	[3]	τῆς	_	_
2.13	277	[1]	ψυχῆς	_	_
2.13	278	[2]	παθῶν	_	_
2.13	279	[2]	ἡ	_	_
2.13	280	[1]	ἐπίσκεψις	_	_
2.13	281	[1]	γένοιτο	_	_
2.13	282	[20]	,	b	_
2.13	283	[1]	διὰ	_	_
2.13	284	[11]	τῶν	_	_
2.13	285	[1]	σφυγμῶν	_	_
2.13	286	[1]	μάλιστα	_	_
2.13	287	[1]	πειρᾶσθαι	_	_
2.13	288	[1]	διαγινώσκειν	_	_
2.13	289	[21]	,	b	_
2.13	290	[1]	ὡς	_	_
2.13	291	[4]	ἐν	_	_
2.13	292	[3]	τοῖς	_	_
2.13	293	[2]	περὶ	_	_
2.13	294	[2]	σφυγμῶν	_	_
2.13	295	[1]	γέγραπται	_	_
2.13	296	[10]	.	b	_
2.13	297	[1]	μετὰ	_	_
2.13	298	[8]	δὲ	_	_
2.13	299	[2]	ταῦτα	_	_
2.13	300	[23]	καὶ	_	_
2.13	301	[2]	τὴν	_	_
2.13	302	[2]	ἀπὸ	_	_
2.13	303	[12]	τῶν	_	_
2.13	304	[1]	ἄλλων	_	_
2.13	305	[1]	εἰσάγειν	_	_
2.13	306	[1]	διάγνωσιν	_	_
2.13	307	[11]	.	b	_
2.13	308	[2]	εἰ	_	_
2.13	309	[7]	δ	_	_
2.13	310	[11]	’	b	_
2.13	311	[1]	αὐτὰ	_	_
2.13	312	[8]	μὲν	_	_
2.13	313	[2]	εἴη	_	_
2.13	314	[1]	πεπαυμένα	_	_
2.13	315	[22]	,	b	_
2.13	316	[1]	μένοι	_	_
2.13	317	[8]	δ	_	_
2.13	318	[12]	’	b	_
2.13	319	[3]	ἡ	_	_
2.13	320	[1]	διάθεσις	_	_
2.13	321	[23]	,	b	_
2.13	322	[1]	ἀμυδρὸν	_	_
2.13	323	[1]	μέν	_	_
2.13	324	[1]	τι	_	_
2.13	325	[2]	κᾀν	_	_
2.13	326	[4]	τοῖς	_	_
2.13	327	[1]	σφυγμοῖς	_	_
2.13	328	[1]	εὑρήσεις	_	_
2.13	329	[1]	γνώρισμα	_	_
2.13	330	[13]	τῶν	_	_
2.13	331	[1]	ποιησάντων	_	_
2.13	332	[1]	τὸν	_	_
2.13	333	[1]	πυρετὸν	_	_
2.13	334	[3]	παθῶν	_	_
2.13	335	[24]	,	b	_
2.13	336	[1]	ἀποχρήσῃ	_	_
2.13	337	[1]	δέ	_	_
2.13	338	[1]	σοι	_	_
2.13	339	[24]	καὶ	_	_
2.13	340	[2]	χωρὶς	_	_
2.13	341	[14]	τῶν	_	_
2.13	342	[3]	σφυγμῶν	_	_
2.13	343	[6]	τὰ	_	_
2.13	344	[1]	λοιπὰ	_	_
2.13	345	[2]	πάντα	_	_
2.13	346	[12]	.	b	_
2.13	347	[2]	κοινῇ	_	_
2.13	348	[9]	μὲν	_	_
2.13	349	[1]	γὰρ	_	_
2.13	350	[1]	ἅπασι	_	_
2.13	351	[1]	πυῤῥότερα	_	_
2.13	352	[7]	τὰ	_	_
2.13	353	[2]	οὖρα	_	_
2.13	354	[25]	,	b	_
2.13	355	[1]	πρόσεστι	_	_
2.13	356	[9]	δὲ	_	_
2.13	357	[5]	τοῖς	_	_
2.13	358	[10]	μὲν	_	_
2.13	359	[2]	διὰ	_	_
2.13	360	[1]	λύπην	_	_
2.13	361	[1]	δριμύτης	_	_
2.13	362	[1]	μᾶλλον	_	_
2.13	363	[2]	ἢ	_	_
2.13	364	[1]	πλῆθος	_	_
2.13	365	[1]	θερμασίας	_	_
2.13	366	[26]	,	b	_
2.13	367	[2]	ὡς	_	_
2.13	368	[6]	τοῖς	_	_
2.13	369	[1]	γε	_	_
2.13	370	[3]	διὰ	_	_
2.13	371	[1]	θυμὸν	_	_
2.13	372	[1]	ἔμπαλιν	_	_
2.13	373	[13]	.	b	_
2.13	374	[2]	ἀλλὰ	_	_
2.13	375	[25]	καὶ	_	_
2.13	376	[4]	ἡ	_	_
2.13	377	[1]	ἰσχνότης	_	_
2.13	378	[4]	τοῦ	_	_
2.13	379	[1]	σώματος	_	_
2.13	380	[1]	ἐπιδηλοτέρα	_	_
2.13	381	[7]	τοῖς	_	_
2.13	382	[1]	λυπηθεῖσιν	_	_
2.13	383	[3]	ἢ	_	_
2.13	384	[8]	τοῖς	_	_
2.13	385	[1]	φροντίσασι	_	_
2.13	386	[27]	,	b	_
2.13	387	[26]	καὶ	_	_
2.13	388	[5]	ἡ	_	_
2.13	389	[15]	τῶν	_	_
2.13	390	[1]	ὀφθαλμῶν	_	_
2.13	391	[1]	κοιλότης	_	_
2.13	392	[1]	καί	_	_
2.13	393	[2]	τις	_	_
2.13	394	[1]	ἀήθης	_	_
2.13	395	[1]	ἄχροια	_	_
2.13	396	[14]	.	b	_
2.13	397	[3]	ταῦτα	_	_
2.13	398	[11]	μὲν	_	_
2.13	399	[2]	δὴ	_	_
2.13	400	[27]	καὶ	_	_
2.13	401	[16]	τῶν	_	_
2.13	402	[1]	ἄλλως	_	_
2.13	403	[1]	ὁπωσοῦν	_	_
2.13	404	[1]	φροντισάντων	_	_
2.13	405	[2]	κοινὰ	_	_
2.13	406	[28]	,	b	_
2.13	407	[2]	μάλιστα	_	_
2.13	408	[10]	δὲ	_	_
2.13	409	[9]	τοῖς	_	_
2.13	410	[1]	ὀφθαλμοῖς	_	_
2.13	411	[1]	ἐστι	_	_
2.13	412	[1]	διορίζειν	_	_
2.13	413	[15]	.	b	_
2.13	414	[1]	ἔνεστι	_	_
2.13	415	[2]	γὰρ	_	_
2.13	416	[1]	ἐκ	_	_
2.13	417	[1]	τούτων	_	_
2.13	418	[1]	τεκμήρασθαι	_	_
2.13	419	[3]	κᾀν	_	_
2.13	420	[10]	τοῖς	_	_
2.13	421	[1]	ὑγιαίνουσι	_	_
2.13	422	[12]	μὲν	_	_
2.13	423	[2]	τὸ	_	_
2.13	424	[4]	τῆς	_	_
2.13	425	[2]	ψυχῆς	_	_
2.13	426	[1]	ἦθος	_	_
2.13	427	[29]	,	b	_
2.13	428	[28]	καὶ	_	_
2.13	429	[1]	νοσούντων	_	_
2.13	430	[11]	δὲ	_	_
2.13	431	[1]	σαφέστατα	_	_
2.13	432	[2]	σημεῖα	_	_
2.13	433	[2]	τῷ	_	_
2.13	434	[2]	γε	_	_
2.13	435	[1]	δυναμένῳ	_	_
2.13	436	[1]	συνορᾷν	_	_
2.13	437	[16]	.	b	_
2.13	438	[1]	οὕτως	_	_
2.13	439	[13]	μὲν	_	_
2.13	440	[3]	δὴ	_	_
2.13	441	[1]	τοὺς	_	_
2.13	442	[4]	διὰ	_	_
2.13	443	[1]	μαθήματά	_	_
2.13	444	[3]	τε	_	_
2.13	445	[29]	καὶ	_	_
2.13	446	[1]	θεωρίαν	_	_
2.13	447	[1]	τινὰ	_	_
2.13	448	[1]	φροντίσαντας	_	_
2.13	449	[17]	τῶν	_	_
2.13	450	[1]	λυπηθέντων	_	_
2.13	451	[1]	διακρίνειν	_	_
2.13	452	[1]	προσήκει	_	_
2.13	453	[30]	,	b	_
2.13	454	[1]	τούς	_	_
2.13	455	[1]	γ	_	_
2.13	456	[13]	’	b	_
2.13	457	[1]	ἐπ	_	_
2.13	458	[14]	’	b	_
2.13	459	[1]	ἀγρυπνίας	_	_
2.13	460	[31]	,	b	_
2.13	461	[1]	διορίζει	_	_
2.13	462	[14]	μὲν	_	_
2.13	463	[30]	καὶ	_	_
2.13	464	[3]	τὸ	_	_
2.13	465	[5]	τῆς	_	_
2.13	466	[1]	ἀχροίας	_	_
2.13	467	[1]	εἶδος	_	_
2.13	468	[17]	.	b	_
2.13	469	[1]	ὕποιδον	_	_
2.13	470	[1]	γάρ	_	_
2.13	471	[1]	ἐστιν	_	_
2.13	472	[1]	αὐτοῖς	_	_
2.13	473	[4]	τὸ	_	_
2.13	474	[1]	πρόσωπον	_	_
2.13	475	[31]	καὶ	_	_
2.13	476	[2]	αἱ	_	_
2.13	477	[18]	τῶν	_	_
2.13	478	[2]	ὀφθαλμῶν	_	_
2.13	479	[1]	κινήσεις	_	_
2.13	480	[1]	δῆλαι	_	_
2.13	481	[32]	,	b	_
2.13	482	[1]	μόγις	_	_
2.13	483	[3]	γὰρ	_	_
2.13	484	[1]	ἐπαίρουσι	_	_
2.13	485	[8]	τὰ	_	_
2.13	486	[1]	βλέφαρα	_	_
2.13	487	[33]	,	b	_
2.13	488	[32]	καὶ	_	_
2.13	489	[1]	μὴν	_	_
2.13	490	[1]	ὑγρότης	_	_
2.13	491	[12]	δὲ	_	_
2.13	492	[34]	,	b	_
2.13	493	[1]	ξηροὶ	_	_
2.13	494	[4]	γὰρ	_	_
2.13	495	[1]	γίνονται	_	_
2.13	496	[11]	τοῖς	_	_
2.13	497	[2]	λυπηθεῖσιν	_	_
2.13	498	[35]	,	b	_
2.13	499	[4]	ἢ	_	_
2.13	500	[1]	φροντίσασιν	_	_
2.13	501	[18]	.	b	_
2.13	502	[6]	ἡ	_	_
2.13	503	[2]	κοιλότης	_	_
2.13	504	[13]	δὲ	_	_
2.13	505	[1]	κοινὸν	_	_
2.13	506	[3]	ἁπάντων	_	_
2.13	507	[1]	σύμπτωμα	_	_
2.13	508	[36]	,	b	_
2.13	509	[2]	λύπης	_	_
2.13	510	[37]	,	b	_
2.13	511	[2]	ἀγρυπνίας	_	_
2.13	512	[38]	,	b	_
2.13	513	[2]	φροντίδος	_	_
2.13	514	[39]	,	b	_
2.13	515	[1]	οὐ	_	_
2.13	516	[2]	μὴν	_	_
2.13	517	[1]	ἤδη	_	_
2.13	518	[33]	καὶ	_	_
2.13	519	[2]	θυμοῦ	_	_
2.13	520	[19]	.	b	_
2.13	521	[1]	τούτῳ	_	_
2.13	522	[5]	γὰρ	_	_
2.13	523	[1]	οὔτε	_	_
2.13	524	[9]	τὰ	_	_
2.13	525	[6]	τῆς	_	_
2.13	526	[1]	κοιλότητος	_	_
2.13	527	[19]	τῶν	_	_
2.13	528	[3]	ὀφθαλμῶν	_	_
2.13	529	[2]	οὔτε	_	_
2.13	530	[10]	τὰ	_	_
2.13	531	[7]	τῆς	_	_
2.13	532	[2]	ἀχροίας	_	_
2.13	533	[1]	ἐπίδηλα	_	_
2.13	534	[40]	,	b	_
2.13	535	[34]	καὶ	_	_
2.13	536	[3]	μὴν	_	_
2.13	537	[2]	θερμασία	_	_
2.13	538	[1]	πλείων	_	_
2.13	539	[4]	τε	_	_
2.13	540	[35]	καὶ	_	_
2.13	541	[1]	ὠκέως	_	_
2.13	542	[2]	ἐκ	_	_
2.13	543	[5]	τοῦ	_	_
2.13	544	[1]	βάθους	_	_
2.13	545	[1]	ἀναφερομένη	_	_
2.13	546	[20]	.	b	_
2.13	547	[36]	καὶ	_	_
2.13	548	[5]	τὸ	_	_
2.13	549	[2]	μέγεθος	_	_
2.13	550	[20]	τῶν	_	_
2.13	551	[4]	σφυγμῶν	_	_
2.13	552	[1]	οὐκ	_	_
2.13	553	[1]	ἀφαιρεῖται	_	_
2.13	554	[41]	,	b	_
2.13	555	[3]	καθάπερ	_	_
2.13	556	[2]	ἐπ	_	_
2.13	557	[15]	’	b	_
2.13	558	[3]	ἀγρυπνίας	_	_
2.13	559	[5]	τε	_	_
2.13	560	[37]	καὶ	_	_
2.13	561	[3]	λύπης	_	_
2.13	562	[38]	καὶ	_	_
2.13	563	[3]	φροντίδος	_	_
2.13	564	[42]	,	b	_
2.13	565	[1]	ὥστε	_	_
2.13	566	[2]	θυμὸν	_	_
2.13	567	[15]	μὲν	_	_
2.13	568	[39]	καὶ	_	_
2.13	569	[1]	πάνυ	_	_
2.13	570	[1]	σαφῶς	_	_
2.13	571	[3]	αὐτῶν	_	_
2.13	572	[1]	διοριεῖς	_	_
2.13	573	[21]	.	b	_
2.13	574	[1]	ἀλλήλων	_	_
2.13	575	[14]	δὲ	_	_
2.13	576	[1]	ἐκεῖνα	_	_
2.13	577	[43]	,	b	_
2.13	578	[4]	καθάπερ	_	_
2.13	579	[1]	προείρηται	_	_
2.13	580	[44]	,	b	_
2.13	581	[21]	τῶν	_	_
2.13	582	[9]	δ	_	_
2.13	583	[16]	’	b	_
2.13	584	[3]	ἐπὶ	_	_
2.13	585	[1]	κόποις	_	_
2.13	586	[1]	πυρεττόντων	_	_
2.13	587	[6]	τὸ	_	_
2.13	588	[1]	δέρμα	_	_
2.13	589	[1]	ξηρότερον	_	_
2.13	590	[1]	ἤπερ	_	_
2.13	591	[1]	ἄλλῳ	_	_
2.13	592	[1]	τινὶ	_	_
2.13	593	[22]	τῶν	_	_
2.13	594	[2]	ἐφημέρων	_	_
2.13	595	[4]	πυρετῶν	_	_
2.13	596	[22]	.	b	_
2.13	597	[3]	ἀλλὰ	_	_
2.13	598	[1]	τοῦτο	_	_
2.13	599	[16]	μὲν	_	_
2.13	600	[2]	ἅπασι	_	_
2.13	601	[12]	τοῖς	_	_
2.13	602	[4]	ἐπὶ	_	_
2.13	603	[1]	κόπῳ	_	_
2.13	604	[1]	πυρέξασι	_	_
2.13	605	[2]	κοινὸν	_	_
2.13	606	[45]	,	b	_
2.13	607	[1]	ἔν	_	_
2.13	608	[3]	γε	_	_
2.13	609	[3]	τῷ	_	_
2.13	610	[1]	μέχρι	_	_
2.13	611	[8]	τῆς	_	_
2.13	612	[1]	ἀκμῆς	_	_
2.13	613	[6]	τοῦ	_	_
2.13	614	[1]	παροξυσμοῦ	_	_
2.13	615	[1]	χρόνῳ	_	_
2.13	616	[23]	.	b	_
2.13	617	[4]	τῷ	_	_
2.13	618	[15]	δὲ	_	_
2.13	619	[3]	ἀπὸ	_	_
2.13	620	[1]	τοῦδε	_	_
2.13	621	[13]	τοῖς	_	_
2.13	622	[1]	πλείστοις	_	_
2.13	623	[17]	μὲν	_	_
2.13	624	[1]	ὅσοι	_	_
2.13	625	[1]	μὴ	_	_
2.13	626	[1]	ὑπερεπόνησαν	_	_
2.13	627	[46]	,	b	_
2.13	628	[1]	ἰκμάδες	_	_
2.13	629	[1]	τινὲς	_	_
2.13	630	[47]	,	b	_
2.13	631	[5]	ἢ	_	_
2.13	632	[1]	ἀτμὸς	_	_
2.13	633	[1]	θερμὸς	_	_
2.13	634	[3]	ἐκ	_	_
2.13	635	[7]	τοῦ	_	_
2.13	636	[2]	βάθους	_	_
2.13	637	[1]	ἀναφέρεται	_	_
2.13	638	[48]	,	b	_
2.13	639	[2]	τισὶ	_	_
2.13	640	[16]	δὲ	_	_
2.13	641	[1]	κἀν	_	_
2.13	642	[14]	τοῖς	_	_
2.13	643	[2]	μετὰ	_	_
2.13	644	[3]	τὴν	_	_
2.13	645	[1]	ἀκμὴν	_	_
2.13	646	[1]	χρόνοις	_	_
2.13	647	[7]	ἡ	_	_
2.13	648	[1]	ξηρότης	_	_
2.13	649	[1]	παραμένει	_	_
2.13	650	[24]	.	b	_
2.13	651	[1]	γίνεται	_	_
2.13	652	[17]	δὲ	_	_
2.13	653	[2]	τοῦτο	_	_
2.13	654	[3]	μάλιστα	_	_
2.13	655	[15]	τοῖς	_	_
2.13	656	[1]	ὑπερπονήσασιν	_	_
2.13	657	[49]	,	b	_
2.13	658	[6]	ἢ	_	_
2.13	659	[1]	ἐγκαυθεῖσιν	_	_
2.13	660	[50]	,	b	_
2.13	661	[7]	ἢ	_	_
2.13	662	[1]	ψυχθεῖσιν	_	_
2.13	663	[1]	ἅμα	_	_
2.13	664	[5]	τῷ	_	_
2.13	665	[2]	κόπῳ	_	_
2.13	666	[25]	.	b	_
2.13	667	[40]	καὶ	_	_
2.13	668	[18]	μὲν	_	_
2.13	669	[4]	δὴ	_	_
2.13	670	[41]	καὶ	_	_
2.13	671	[11]	τὰ	_	_
2.13	672	[23]	τῶν	_	_
2.13	673	[5]	σφυγμῶν	_	_
2.13	674	[1]	οὐχ	_	_
2.13	675	[2]	ὡσαύτως	_	_
2.13	676	[5]	ἐν	_	_
2.13	677	[1]	ἀμφοτέροις	_	_
2.13	678	[1]	ἔχει	_	_
2.13	679	[26]	.	b	_
2.13	680	[1]	μικροὶ	_	_
2.13	681	[19]	μὲν	_	_
2.13	682	[6]	γὰρ	_	_
2.13	683	[16]	τοῖς	_	_
2.13	684	[1]	ὑπερπονήσασι	_	_
2.13	685	[51]	,	b	_
2.13	686	[1]	μεγάλοι	_	_
2.13	687	[2]	δέ	_	_
2.13	688	[1]	εἰσι	_	_
2.13	689	[17]	τοῖς	_	_
2.13	690	[1]	ἄλλοις	_	_
2.13	691	[27]	.	b	_
2.13	692	[1]	οἱ	_	_
2.13	693	[18]	δὲ	_	_
2.13	694	[5]	ἐπὶ	_	_
2.13	695	[3]	τῇ	_	_
2.13	696	[1]	πυκνώσει	_	_
2.13	697	[8]	τοῦ	_	_
2.13	698	[1]	δέρματος	_	_
2.13	699	[1]	ἀναπτόμενοι	_	_
2.13	700	[1]	πυρετοὶ	_	_
2.13	701	[52]	,	b	_
2.13	702	[1]	πυκνοῦται	_	_
2.13	703	[19]	δὲ	_	_
2.13	704	[8]	ἢ	_	_
2.13	705	[1]	ψυχόμενον	_	_
2.13	706	[53]	,	b	_
2.13	707	[9]	ἢ	_	_
2.13	708	[1]	ποιότητος	_	_
2.13	709	[1]	στρυφνῆς	_	_
2.13	710	[1]	ἀθρόως	_	_
2.13	711	[1]	αὐτῷ	_	_
2.13	712	[1]	ἐμπεσούσης	_	_
2.13	713	[54]	,	b	_
2.13	714	[1]	οἷόν	_	_
2.13	715	[2]	τι	_	_
2.13	716	[42]	καὶ	_	_
2.13	717	[6]	τῷ	_	_
2.13	718	[1]	λουσαμένῳ	_	_
2.13	719	[6]	ἐν	_	_
2.13	720	[7]	τῷ	_	_
2.13	721	[1]	ὕδατι	_	_
2.13	722	[8]	τῷ	_	_
2.13	723	[1]	στυπτηριώδει	_	_
2.13	724	[1]	ἐγένετο	_	_
2.13	725	[55]	,	b	_
2.13	726	[2]	οὗτοι	_	_
2.13	727	[1]	μόνοι	_	_
2.13	728	[2]	πάντων	_	_
2.13	729	[5]	πυρετῶν	_	_
2.13	730	[1]	στεγνόν	_	_
2.13	731	[2]	εἰσι	_	_
2.13	732	[1]	πάθος	_	_
2.13	733	[28]	.	b	_
2.13	734	[2]	ἔνεστι	_	_
2.13	735	[20]	δὲ	_	_
2.13	736	[1]	αὐτοὺς	_	_
2.13	737	[4]	τῇ	_	_
2.13	738	[1]	ἁφῇ	_	_
2.13	739	[2]	διαγινώσκειν	_	_
2.13	740	[56]	,	b	_
2.13	741	[1]	ὥσπερ	_	_
2.13	742	[43]	καὶ	_	_
2.13	743	[2]	τοὺς	_	_
2.13	744	[1]	αὐχμώδεις	_	_
2.13	745	[24]	τῶν	_	_
2.13	746	[6]	πυρετῶν	_	_
2.13	747	[3]	τοὺς	_	_
2.13	748	[6]	ἐπὶ	_	_
2.13	749	[18]	τοῖς	_	_
2.13	750	[2]	κόποις	_	_
2.13	751	[29]	.	b	_
2.13	752	[2]	οὐ	_	_
2.13	753	[7]	γὰρ	_	_
2.13	754	[2]	ἂν	_	_
2.13	755	[1]	οὐδ	_	_
2.13	756	[17]	’	b	_
2.13	757	[8]	ἡ	_	_
2.13	758	[2]	τούτων	_	_
2.13	759	[1]	πύκνωσις	_	_
2.13	760	[1]	ἁφὴν	_	_
2.13	761	[1]	γεγυμνασμένην	_	_
2.13	762	[1]	διαλάθοι	_	_
2.13	763	[30]	.	b	_
2.13	764	[1]	ἀτὰρ	_	_
2.13	765	[3]	οὖν	_	_
2.13	766	[44]	καὶ	_	_
2.13	767	[9]	ἡ	_	_
2.13	768	[9]	τῆς	_	_
2.13	769	[2]	θερμασίας	_	_
2.13	770	[1]	κίνησις	_	_
2.13	771	[1]	ἐπαναδιδοῦσά	_	_
2.13	772	[1]	πώς	_	_
2.13	773	[2]	ἐστι	_	_
2.13	774	[57]	,	b	_
2.13	775	[1]	πρᾳεῖα	_	_
2.13	776	[20]	μὲν	_	_
2.13	777	[2]	κατὰ	_	_
2.13	778	[4]	τὴν	_	_
2.13	779	[1]	πρώτην	_	_
2.13	780	[1]	ἐπιβολὴν	_	_
2.13	781	[1]	φαινομένη	_	_
2.13	782	[58]	,	b	_
2.13	783	[1]	δριμεῖα	_	_
2.13	784	[21]	δὲ	_	_
2.13	785	[59]	,	b	_
2.13	786	[3]	εἰ	_	_
2.13	787	[1]	χρονίσαις	_	_
2.13	788	[7]	ἐπὶ	_	_
2.13	789	[1]	πλέον	_	_
2.13	790	[60]	,	b	_
2.13	791	[1]	γινομένη	_	_
2.13	792	[31]	.	b	_
2.13	793	[3]	οὐ	_	_
2.13	794	[4]	μὴν	_	_
2.13	795	[1]	οὐδὲ	_	_
2.13	796	[12]	τὰ	_	_
2.13	797	[3]	οὖρα	_	_
2.13	798	[1]	πυῤῥὰ	_	_
2.13	799	[19]	τοῖς	_	_
2.13	800	[1]	τοιούτοις	_	_
2.13	801	[61]	,	b	_
2.13	802	[2]	οὐδ	_	_
2.13	803	[18]	’	b	_
2.13	804	[2]	ὁ	_	_
2.13	805	[9]	τοῦ	_	_
2.13	806	[2]	σώματος	_	_
2.13	807	[1]	ὄγκος	_	_
2.13	808	[1]	συμπέπτωκεν	_	_
2.13	809	[32]	.	b	_
2.13	810	[1]	οὔκουν	_	_
2.13	811	[3]	οὐδ	_	_
2.13	812	[19]	’	b	_
2.13	813	[2]	οἱ	_	_
2.13	814	[1]	ὀφθαλμοὶ	_	_
2.13	815	[1]	κοῖλοι	_	_
2.13	816	[45]	καὶ	_	_
2.13	817	[2]	ξηροὶ	_	_
2.13	818	[1]	γίγνοιντο	_	_
2.13	819	[3]	ἂν	_	_
2.13	820	[62]	,	b	_
2.13	821	[1]	ἀλλ	_	_
2.13	822	[20]	’	b	_
2.13	823	[1]	ἔστιν	_	_
2.13	824	[1]	οἷς	_	_
2.13	825	[1]	ὑγρότεροί	_	_
2.13	826	[6]	τε	_	_
2.13	827	[46]	καὶ	_	_
2.13	828	[1]	προπετέστεροι	_	_
2.13	829	[1]	δόξουσιν	_	_
2.13	830	[1]	εἶναι	_	_
2.13	831	[25]	τῶν	_	_
2.13	832	[3]	κατὰ	_	_
2.13	833	[2]	φύσιν	_	_
2.13	834	[63]	,	b	_
2.13	835	[3]	οἱ	_	_
2.13	836	[22]	δὲ	_	_
2.13	837	[1]	σφυγμοὶ	_	_
2.13	838	[1]	μικρότεροι	_	_
2.13	839	[64]	,	b	_
2.13	840	[5]	καθάπερ	_	_
2.13	841	[8]	ἐπὶ	_	_
2.13	842	[4]	λύπης	_	_
2.13	843	[47]	καὶ	_	_
2.13	844	[4]	φροντίδος	_	_
2.13	845	[48]	καὶ	_	_
2.13	846	[4]	ἀγρυπνίας	_	_
2.13	847	[65]	,	b	_
2.13	848	[2]	κἀν	_	_
2.13	849	[20]	τοῖς	_	_
2.13	850	[1]	ἄγαν	_	_
2.13	851	[1]	ἀμέτροις	_	_
2.13	852	[1]	γυμνασίοις	_	_
2.13	853	[33]	.	b	_
2.13	854	[26]	τῶν	_	_
2.13	855	[10]	δ	_	_
2.13	856	[21]	’	b	_
2.13	857	[9]	ἐπὶ	_	_
2.13	858	[1]	βουβῶσι	_	_
2.13	859	[7]	πυρετῶν	_	_
2.13	860	[27]	τῶν	_	_
2.13	861	[3]	ἐφημέρων	_	_
2.13	862	[4]	οἱ	_	_
2.13	863	[2]	σφυγμοὶ	_	_
2.13	864	[1]	μέγιστοι	_	_
2.13	865	[2]	γίνονται	_	_
2.13	866	[49]	καὶ	_	_
2.13	867	[1]	ὠκεῖς	_	_
2.13	868	[50]	καὶ	_	_
2.13	869	[1]	πυκνοὶ	_	_
2.13	870	[51]	καὶ	_	_
2.13	871	[10]	ἡ	_	_
2.13	872	[3]	θερμασία	_	_
2.13	873	[1]	πολλὴ	_	_
2.13	874	[66]	,	b	_
2.13	875	[52]	καὶ	_	_
2.13	876	[3]	μετὰ	_	_
2.13	877	[5]	τὴν	_	_
2.13	878	[2]	ἀκμὴν	_	_
2.13	879	[2]	εὐθὺς	_	_
2.13	880	[4]	ἐκ	_	_
2.13	881	[10]	τοῦ	_	_
2.13	882	[3]	βάθους	_	_
2.13	883	[1]	ἀναφέρεταί	_	_
2.13	884	[3]	τις	_	_
2.13	885	[1]	ἰκμὰς	_	_
2.13	886	[67]	,	b	_
2.13	887	[1]	θερμὴ	_	_
2.13	888	[21]	μὲν	_	_
2.13	889	[68]	,	b	_
2.13	890	[2]	ἀλλ	_	_
2.13	891	[22]	’	b	_
2.13	892	[1]	ἡδεῖα	_	_
2.13	893	[34]	.	b	_
2.13	894	[7]	τὸ	_	_
2.13	895	[8]	γὰρ	_	_
2.13	896	[1]	δριμὺ	_	_
2.13	897	[53]	καὶ	_	_
2.13	898	[1]	δάκνον	_	_
2.13	899	[1]	ἥκιστα	_	_
2.13	900	[3]	πάντων	_	_
2.13	901	[8]	πυρετῶν	_	_
2.13	902	[21]	τοῖς	_	_
2.13	903	[2]	τοιούτοις	_	_
2.13	904	[1]	ὑπάρχει	_	_
2.13	905	[69]	,	b	_
2.13	906	[54]	καὶ	_	_
2.13	907	[8]	τὸ	_	_
2.13	908	[2]	πρόσωπον	_	_
2.13	909	[1]	ἐρυθρὸν	_	_
2.13	910	[2]	αὐτοῖς	_	_
2.13	911	[2]	γίνεται	_	_
2.13	912	[1]	τοὐπίπαν	_	_
2.13	913	[70]	,	b	_
2.13	914	[55]	καὶ	_	_
2.13	915	[7]	ἐν	_	_
2.13	916	[1]	ὄγκῳ	_	_
2.13	917	[1]	μείζονι	_	_
2.13	918	[71]	,	b	_
2.13	919	[56]	καὶ	_	_
2.13	920	[13]	τὰ	_	_
2.13	921	[4]	οὖρα	_	_
2.13	922	[1]	ὑπόλευκα	_	_
2.13	923	[35]	.	b	_
2.13	924	[3]	κοινὸν	_	_
2.13	925	[23]	δὲ	_	_
2.13	926	[22]	τοῖς	_	_
2.13	927	[3]	τοιούτοις	_	_
2.13	928	[3]	ἅπασι	_	_
2.13	929	[1]	πυρετοῖς	_	_
2.13	930	[23]	τοῖς	_	_
2.13	931	[1]	ἐφημέροις	_	_
2.13	932	[11]	ἡ	_	_
2.13	933	[1]	ὁμαλότης	_	_
2.13	934	[11]	τοῦ	_	_
2.13	935	[1]	σφυγμοῦ	_	_
2.13	936	[36]	.	b	_
2.13	937	[1]	παντελῶς	_	_
2.13	938	[9]	γὰρ	_	_
2.13	939	[3]	ἐξ	_	_
2.13	940	[4]	αὐτῶν	_	_
2.13	941	[1]	ὀλίγοι	_	_
2.13	942	[6]	τὴν	_	_
2.13	943	[4]	κατὰ	_	_
2.13	944	[1]	μίαν	_	_
2.13	945	[1]	πληγὴν	_	_
2.13	946	[1]	ἀνωμαλίαν	_	_
2.13	947	[1]	ἐμφαίνουσιν	_	_
2.13	948	[72]	,	b	_
2.13	949	[3]	ἀλλ	_	_
2.13	950	[23]	’	b	_
2.13	951	[4]	οὐδ	_	_
2.13	952	[24]	’	b	_
2.13	953	[3]	οὗτοι	_	_
2.13	954	[2]	πάνυ	_	_
2.13	955	[2]	σαφῶς	_	_
2.13	956	[73]	,	b	_
2.13	957	[5]	οὐδ	_	_
2.13	958	[25]	’	b	_
2.13	959	[1]	ἐναργῶς	_	_
2.13	960	[37]	.	b	_
2.13	961	[2]	εἴρηταί	_	_
2.13	962	[2]	μοι	_	_
2.13	963	[5]	δὴ	_	_
2.13	964	[57]	καὶ	_	_
2.13	965	[14]	τὰ	_	_
2.13	966	[28]	τῶν	_	_
2.13	967	[4]	ἐφημέρων	_	_
2.13	968	[9]	πυρετῶν	_	_
2.13	969	[1]	γνωρίσματα	_	_
2.13	970	[38]	.	b	_
2.13	971	[3]	περὶ	_	_
2.13	972	[24]	δὲ	_	_
2.13	973	[29]	τῶν	_	_
2.13	974	[1]	ἑκτικῶν	_	_
2.13	975	[4]	οὐ	_	_
2.13	976	[2]	νῦν	_	_
2.13	977	[1]	καιρὸς	_	_
2.13	978	[74]	,	b	_
2.13	979	[1]	οὐδεὶς	_	_
2.13	980	[10]	γὰρ	_	_
2.13	981	[8]	ἐν	_	_
2.13	982	[1]	ταῖς	_	_
2.13	983	[1]	πρώταις	_	_
2.13	984	[1]	ἡμέραις	_	_
2.13	985	[75]	,	b	_
2.13	986	[4]	ἀλλ	_	_
2.13	987	[26]	’	b	_
2.13	988	[9]	ἐν	_	_
2.13	989	[9]	τῷ	_	_
2.13	990	[2]	χρόνῳ	_	_
2.13	991	[1]	προϊόντι	_	_
2.13	992	[1]	τοιοῦτος	_	_
2.13	993	[1]	ἀποτελεῖται	_	_
2.13	994	[76]	,	b	_
2.13	995	[2]	ὥστε	_	_
2.13	996	[4]	περὶ	_	_
2.13	997	[22]	μὲν	_	_
2.13	998	[1]	ἐκείνων	_	_
2.13	999	[10]	ἐν	_	_
2.13	1000	[24]	τοῖς	_	_
2.13	1001	[3]	ἐφεξῆς	_	_
2.13	1002	[1]	εἰρήσεται	_	_
2.13	1003	[77]	,	b	_
2.13	1004	[1]	νυνὶ	_	_
2.13	1005	[25]	δὲ	_	_
2.13	1006	[1]	καταπαύσω	_	_
2.13	1007	[2]	τὸν	_	_
2.13	1008	[1]	παρόντα	_	_
2.13	1009	[1]	λόγον	_	_
2.13	1010	[1]	ἐνθάδε	_	_
2.13	1011	[39]	.	b	_
3.1	1	[1]	ΓΑΛΗΝΟΥ	_	_
3.1	2	[1]	ΠΕΡΙ	_	_
3.1	3	[1]	ΚΡΙΣΕΩΝ	_	_
3.1	4	[1]	ΒΙΒΛΙΟΝ	_	_
3.1	5	[1]	Γ	_	_
3.1	6	[1]	.	b	_
3.1	7	[1]	Προκεῖται	_	_
3.1	8	[1]	μὲν	_	_
3.1	9	[1]	,	b	_
3.1	10	[1]	ὡς	_	_
3.1	11	[1]	καὶ	_	_
3.1	12	[1]	πρόσθεν	_	_
3.1	13	[1]	ἐλέγετο	_	_
3.1	14	[2]	,	b	_
3.1	15	[1]	πάσης	_	_
3.1	16	[1]	ἐν	_	_
3.1	17	[1]	νόσῳ	_	_
3.1	18	[1]	μεταβολῆς	_	_
3.1	19	[1]	διαγνώσεις	_	_
3.1	20	[2]	μὲν	_	_
3.1	21	[1]	παρούσης	_	_
3.1	22	[3]	,	b	_
3.1	23	[1]	μελλούσης	_	_
3.1	24	[1]	δὲ	_	_
3.1	25	[1]	ἔσεσθαι	_	_
3.1	26	[1]	προγνώσεις	_	_
3.1	27	[1]	εἰπεῖν	_	_
3.1	28	[2]	.	b	_
3.1	29	[1]	ἐπεὶ	_	_
3.1	30	[1]	δ	_	_
3.1	31	[1]	’	b	_
3.1	32	[1]	ἑξαχῶς	_	_
3.1	33	[1]	αὗται	_	_
3.1	34	[1]	γίνονται	_	_
3.1	35	[4]	,	b	_
3.1	36	[1]	πειρατέον	_	_
3.1	37	[1]	ὑπὲρ	_	_
3.1	38	[1]	ἑκάστου	_	_
3.1	39	[1]	ἰδίᾳ	_	_
3.1	40	[1]	διελθεῖν	_	_
3.1	41	[5]	,	b	_
3.1	42	[1]	αὐτὸ	_	_
3.1	43	[1]	τοῦτο	_	_
3.1	44	[1]	πρότερον	_	_
3.1	45	[1]	ἀναμνήσαντας	_	_
3.1	46	[6]	,	b	_
3.1	47	[2]	ὡς	_	_
3.1	48	[1]	ἕξ	_	_
3.1	49	[1]	εἰσιν	_	_
3.1	50	[1]	αἱ	_	_
3.1	51	[1]	πᾶσαι	_	_
3.1	52	[1]	διαφοραὶ	_	_
3.1	53	[1]	τῶν	_	_
3.1	54	[2]	ἐν	_	_
3.1	55	[1]	ταῖς	_	_
3.1	56	[1]	νόσοις	_	_
3.1	57	[1]	μεταβολῶν	_	_
3.1	58	[3]	.	b	_
3.1	59	[1]	ἢ	_	_
3.1	60	[1]	γὰρ	_	_
3.1	61	[1]	ἐξαίφνης	_	_
3.1	62	[1]	εἰς	_	_
3.1	63	[1]	ὑγείαν	_	_
3.1	64	[1]	μεταπίπτουσιν	_	_
3.1	65	[7]	,	b	_
3.1	66	[2]	ἢ	_	_
3.1	67	[2]	ἐξαίφνης	_	_
3.1	68	[1]	ἀποκτείνουσιν	_	_
3.1	69	[8]	,	b	_
3.1	70	[3]	ἢ	_	_
3.1	71	[1]	κατὰ	_	_
3.1	72	[1]	βραχὺ	_	_
3.1	73	[1]	τούτων	_	_
3.1	74	[1]	ἑκάτερον	_	_
3.1	75	[9]	,	b	_
3.1	76	[4]	ἢ	_	_
3.1	77	[1]	μικτῶς	_	_
3.1	78	[1]	γίνεται	_	_
3.1	79	[4]	.	b	_
3.1	80	[2]	κατὰ	_	_
3.1	81	[2]	βραχὺ	_	_
3.1	82	[3]	μὲν	_	_
3.1	83	[1]	ἤτοι	_	_
3.1	84	[1]	τῆς	_	_
3.1	85	[1]	νόσου	_	_
3.1	86	[1]	μαρανθείσης	_	_
3.1	87	[10]	,	b	_
3.1	88	[5]	ἢ	_	_
3.1	89	[2]	τῆς	_	_
3.1	90	[1]	τοῦ	_	_
3.1	91	[1]	κάμνοντος	_	_
3.1	92	[1]	δυνάμεως	_	_
3.1	93	[1]	καταλυθείσης	_	_
3.1	94	[1]	·	b	_
3.1	95	[2]	μικτῶς	_	_
3.1	96	[2]	δ	_	_
3.1	97	[2]	’	b	_
3.1	98	[11]	,	b	_
3.1	99	[1]	ἐπειδὰν	_	_
3.1	100	[1]	ἀθρόα	_	_
3.1	101	[1]	μέν	_	_
3.1	102	[1]	τις	_	_
3.1	103	[1]	ἐπὶ	_	_
3.1	104	[1]	τὸ	_	_
3.1	105	[1]	κρεῖττον	_	_
3.1	106	[6]	ἢ	_	_
3.1	107	[1]	χεῖρον	_	_
3.1	108	[1]	γένηται	_	_
3.1	109	[1]	μεταβολὴ	_	_
3.1	110	[12]	,	b	_
3.1	111	[1]	τοὐντεῦθεν	_	_
3.1	112	[2]	δὲ	_	_
3.1	113	[1]	ἕως	_	_
3.1	114	[1]	παντελοῦς	_	_
3.1	115	[1]	λύσεως	_	_
3.1	116	[13]	,	b	_
3.1	117	[7]	ἢ	_	_
3.1	118	[1]	θανάτου	_	_
3.1	119	[14]	,	b	_
3.1	120	[2]	τὸ	_	_
3.1	121	[1]	ὑπόλοιπον	_	_
3.1	122	[1]	ἅπαν	_	_
3.1	123	[1]	ἀπομαρανθῇ	_	_
3.1	124	[5]	.	b	_
3.1	125	[1]	περὶ	_	_
3.1	126	[1]	πρώτης	_	_
3.1	127	[1]	οὖν	_	_
3.1	128	[3]	τῆς	_	_
3.1	129	[1]	ἐξαιφνιδίου	_	_
3.1	130	[2]	μεταβολῆς	_	_
3.1	131	[2]	εἰς	_	_
3.1	132	[2]	ὑγείαν	_	_
3.1	133	[1]	εἴπομεν	_	_
3.1	134	[1]	ὅτι	_	_
3.1	135	[1]	τε	_	_
3.1	136	[1]	πασῶν	_	_
3.1	137	[1]	ἐστι	_	_
3.1	138	[2]	τῶν	_	_
3.1	139	[1]	εἰρημένων	_	_
3.1	140	[1]	ἀρίστη	_	_
3.1	141	[15]	,	b	_
3.1	142	[2]	καὶ	_	_
3.1	143	[1]	διὰ	_	_
3.1	144	[1]	τοῦτ	_	_
3.1	145	[3]	’	b	_
3.1	146	[1]	αὐτὴν	_	_
3.1	147	[1]	ἐξαιρέτως	_	_
3.1	148	[1]	ὀνομάζουσιν	_	_
3.1	149	[1]	κρίσιν	_	_
3.1	150	[16]	,	b	_
3.1	151	[2]	ὅτι	_	_
3.1	152	[2]	τε	_	_
3.1	153	[4]	τῆς	_	_
3.1	154	[1]	φύσεως	_	_
3.1	155	[1]	ἀκριβῶς	_	_
3.1	156	[1]	κρατούσης	_	_
3.1	157	[1]	ἁπάντων	_	_
3.1	158	[3]	τῶν	_	_
3.1	159	[1]	παρὰ	_	_
3.1	160	[1]	φύσιν	_	_
3.1	161	[1]	ἀποτελεῖται	_	_
3.1	162	[6]	.	b	_
3.1	163	[4]	τῶν	_	_
3.1	164	[3]	δ	_	_
3.1	165	[4]	’	b	_
3.1	166	[1]	ἄλλων	_	_
3.1	167	[2]	μεταβολῶν	_	_
3.1	168	[1]	ἡ	_	_
3.1	169	[4]	μὲν	_	_
3.1	170	[3]	εἰς	_	_
3.1	171	[1]	ὀξὺν	_	_
3.1	172	[1]	θάνατον	_	_
3.1	173	[1]	τελευτῶσα	_	_
3.1	174	[1]	κακὴ	_	_
3.1	175	[1]	κρίσις	_	_
3.1	176	[1]	ἐστίν	_	_
3.1	177	[7]	.	b	_
3.1	178	[2]	αἱ	_	_
3.1	179	[4]	δ	_	_
3.1	180	[5]	’	b	_
3.1	181	[1]	ἀξιόλογον	_	_
3.1	182	[2]	μέν	_	_
3.1	183	[1]	τινα	_	_
3.1	184	[1]	ποιησάμεναι	_	_
3.1	185	[1]	τὴν	_	_
3.1	186	[1]	ῥοπὴν	_	_
3.1	187	[17]	,	b	_
3.1	188	[1]	οὐ	_	_
3.1	189	[1]	μὴν	_	_
3.1	190	[1]	τελείαν	_	_
3.1	191	[1]	γε	_	_
3.1	192	[1]	λύσιν	_	_
3.1	193	[18]	,	b	_
3.1	194	[1]	ἐλλιπεῖς	_	_
3.1	195	[1]	κρίσεις	_	_
3.1	196	[1]	ὀνομάζονται	_	_
3.1	197	[8]	.	b	_
3.1	198	[1]	ὥσπερ	_	_
3.1	199	[2]	οὖν	_	_
3.1	200	[3]	καὶ	_	_
3.1	201	[1]	ὅσαι	_	_
3.1	202	[3]	κατὰ	_	_
3.1	203	[3]	βραχὺ	_	_
3.1	204	[2]	μαρανθείσης	_	_
3.1	205	[8]	ἢ	_	_
3.1	206	[5]	τῆς	_	_
3.1	207	[2]	δυνάμεως	_	_
3.1	208	[19]	,	b	_
3.1	209	[9]	ἢ	_	_
3.1	210	[6]	τῆς	_	_
3.1	211	[2]	νόσου	_	_
3.1	212	[2]	γίνονται	_	_
3.1	213	[20]	,	b	_
3.1	214	[4]	καὶ	_	_
3.1	215	[1]	αἵδε	_	_
3.1	216	[1]	λύσεις	_	_
3.1	217	[1]	ἁπλῶς	_	_
3.1	218	[21]	,	b	_
3.1	219	[2]	οὐ	_	_
3.1	220	[2]	κρίσεις	_	_
3.1	221	[2]	ὀνομάζονται	_	_
3.1	222	[9]	.	b	_
3.2	1	[1]	Μόνη	_	_
3.2	2	[1]	τοίνυν	_	_
3.2	3	[1]	ἁπλῶς	_	_
3.2	4	[1]	κρίσις	_	_
3.2	5	[1]	ἡ	_	_
3.2	6	[1]	εἰς	_	_
3.2	7	[1]	ὑγείαν	_	_
3.2	8	[1]	ὀξύῤῥοπος	_	_
3.2	9	[1]	μεταβολὴ	_	_
3.2	10	[1]	προσαγορεύεται	_	_
3.2	11	[1]	,	b	_
3.2	12	[1]	καὶ	_	_
3.2	13	[1]	γίνεται	_	_
3.2	14	[1]	μὲν	_	_
3.2	15	[1]	πάντως	_	_
3.2	16	[1]	ἐπὶ	_	_
3.2	17	[1]	φανεραῖς	_	_
3.2	18	[1]	τισιν	_	_
3.2	19	[1]	ἐκκρίσεσιν	_	_
3.2	20	[2]	,	b	_
3.2	21	[1]	ἢ	_	_
3.2	22	[1]	ἀξιολόγοις	_	_
3.2	23	[1]	ἀποστάσεσιν	_	_
3.2	24	[1]	.	b	_
3.2	25	[1]	ὅσα	_	_
3.2	26	[1]	γὰρ	_	_
3.2	27	[1]	ἄλλως	_	_
3.2	28	[1]	ἐῤῥᾳστώνησεν	_	_
3.2	29	[3]	,	b	_
3.2	30	[1]	ὑποτροπιάζει	_	_
3.2	31	[1]	κακοηθέστερον	_	_
3.2	32	[2]	.	b	_
3.2	33	[1]	ἡγεῖται	_	_
3.2	34	[1]	δὲ	_	_
3.2	35	[1]	τῶν	_	_
3.2	36	[1]	ἐκκρίσεών	_	_
3.2	37	[1]	τε	_	_
3.2	38	[2]	καὶ	_	_
3.2	39	[2]	τῶν	_	_
3.2	40	[1]	ἀποστάσεων	_	_
3.2	41	[1]	τούτων	_	_
3.2	42	[1]	οὐ	_	_
3.2	43	[1]	σμικρὰ	_	_
3.2	44	[1]	ταραχὴ	_	_
3.2	45	[1]	κατὰ	_	_
3.2	46	[1]	τοῦ	_	_
3.2	47	[1]	κάμνοντος	_	_
3.2	48	[1]	σῶμα	_	_
3.2	49	[3]	.	b	_
3.2	50	[3]	καὶ	_	_
3.2	51	[2]	γὰρ	_	_
3.2	52	[1]	δυσφορίαι	_	_
3.2	53	[4]	καὶ	_	_
3.2	54	[1]	ἀγρυπνίαι	_	_
3.2	55	[5]	καὶ	_	_
3.2	56	[1]	παραφροσύναι	_	_
3.2	57	[6]	καὶ	_	_
3.2	58	[1]	κώματα	_	_
3.2	59	[7]	καὶ	_	_
3.2	60	[1]	δύσπνοιαι	_	_
3.2	61	[8]	καὶ	_	_
3.2	62	[1]	σκοτόδινοι	_	_
3.2	63	[9]	καὶ	_	_
3.2	64	[1]	δυσαισθησίαι	_	_
3.2	65	[10]	καὶ	_	_
3.2	66	[1]	ἀλγήματα	_	_
3.2	67	[1]	κεφαλῆς	_	_
3.2	68	[11]	καὶ	_	_
3.2	69	[1]	τραχήλου	_	_
3.2	70	[12]	καὶ	_	_
3.2	71	[1]	στομάχου	_	_
3.2	72	[13]	καὶ	_	_
3.2	73	[1]	πολλῶν	_	_
3.2	74	[1]	ἄλλων	_	_
3.2	75	[1]	μορίων	_	_
3.2	76	[4]	.	b	_
3.2	77	[1]	ἐνίοις	_	_
3.2	78	[2]	δὲ	_	_
3.2	79	[14]	καὶ	_	_
3.2	80	[1]	ὤτων	_	_
3.2	81	[1]	ἦχοι	_	_
3.2	82	[15]	καὶ	_	_
3.2	83	[1]	μαρμαρυγαὶ	_	_
3.2	84	[1]	πρὸ	_	_
3.2	85	[3]	τῶν	_	_
3.2	86	[1]	ὀφθαλμῶν	_	_
3.2	87	[1]	φαίνονται	_	_
3.2	88	[16]	καὶ	_	_
3.2	89	[1]	δάκρυον	_	_
3.2	90	[1]	ἀκούσιον	_	_
3.2	91	[1]	ἐκρεῖ	_	_
3.2	92	[17]	καὶ	_	_
3.2	93	[1]	οὖρον	_	_
3.2	94	[1]	ἴσχεται	_	_
3.2	95	[18]	καὶ	_	_
3.2	96	[1]	χεῖλος	_	_
3.2	97	[1]	σείεται	_	_
3.2	98	[4]	,	b	_
3.2	99	[19]	καὶ	_	_
3.2	100	[1]	ἄλλο	_	_
3.2	101	[1]	τι	_	_
3.2	102	[1]	τρομῶδες	_	_
3.2	103	[2]	γίνεται	_	_
3.2	104	[20]	καὶ	_	_
3.2	105	[1]	λήθη	_	_
3.2	106	[21]	καὶ	_	_
3.2	107	[1]	ἄγνοια	_	_
3.2	108	[4]	τῶν	_	_
3.2	109	[1]	παρόντων	_	_
3.2	110	[22]	καὶ	_	_
3.2	111	[1]	ῥῖγος	_	_
3.2	112	[1]	σφοδρὸν	_	_
3.2	113	[1]	ἐμπίπτει	_	_
3.2	114	[5]	,	b	_
3.2	115	[23]	καὶ	_	_
3.2	116	[1]	τοὐπίπαν	_	_
3.2	117	[1]	ὁ	_	_
3.2	118	[1]	παροξυσμὸς	_	_
3.2	119	[1]	προεισβάλλει	_	_
3.2	120	[1]	τῆς	_	_
3.2	121	[1]	συνήθους	_	_
3.2	122	[1]	ὥρας	_	_
3.2	123	[24]	καὶ	_	_
3.2	124	[1]	καῦμα	_	_
3.2	125	[1]	πολὺ	_	_
3.2	126	[25]	καὶ	_	_
3.2	127	[1]	δίψος	_	_
3.2	128	[1]	ἀφόρητον	_	_
3.2	129	[1]	ἕπεται	_	_
3.2	130	[26]	καὶ	_	_
3.2	131	[1]	βοῶσι	_	_
3.2	132	[27]	καὶ	_	_
3.2	133	[1]	ἀναπηδῶσιν	_	_
3.2	134	[6]	,	b	_
3.2	135	[1]	ὥσπερ	_	_
3.2	136	[1]	ἔμπληκτοι	_	_
3.2	137	[7]	,	b	_
3.2	138	[28]	καὶ	_	_
3.2	139	[1]	τὸ	_	_
3.2	140	[2]	τῆς	_	_
3.2	141	[1]	κατακλίσεως	_	_
3.2	142	[1]	σχῆμα	_	_
3.2	143	[1]	φυλάττειν	_	_
3.2	144	[2]	οὐ	_	_
3.2	145	[1]	δύνανται	_	_
3.2	146	[8]	,	b	_
3.2	147	[1]	κἄπειτ	_	_
3.2	148	[1]	’	b	_
3.2	149	[1]	ἐξαίφνης	_	_
3.2	150	[1]	ἱδρὼς	_	_
3.2	151	[1]	ἐξέβρασε	_	_
3.2	152	[1]	πολὺς	_	_
3.2	153	[9]	,	b	_
3.2	154	[1]	ἤ	_	_
3.2	155	[1]	τις	_	_
3.2	156	[1]	ἔμετος	_	_
3.2	157	[1]	οὐκ	_	_
3.2	158	[1]	ὀλίγος	_	_
3.2	159	[1]	ἐπηκολούθησεν	_	_
3.2	160	[10]	,	b	_
3.2	161	[2]	ἢ	_	_
3.2	162	[1]	γαστὴρ	_	_
3.2	163	[1]	ἀθρόως	_	_
3.2	164	[1]	κατέῤῥηξεν	_	_
3.2	165	[11]	,	b	_
3.2	166	[3]	ἢ	_	_
3.2	167	[29]	καὶ	_	_
3.2	168	[1]	λάβρως	_	_
3.2	169	[1]	αἱμοῤῥαγοῦσιν	_	_
3.2	170	[12]	,	b	_
3.2	171	[4]	ἢ	_	_
3.2	172	[30]	καὶ	_	_
3.2	173	[1]	πάνθ	_	_
3.2	174	[2]	’	b	_
3.2	175	[1]	ἅμα	_	_
3.2	176	[1]	συμπίπτει	_	_
3.2	177	[13]	,	b	_
3.2	178	[31]	καὶ	_	_
3.2	179	[1]	φόβος	_	_
3.2	180	[1]	ἐπήρτηται	_	_
3.2	181	[1]	τοῖς	_	_
3.2	182	[1]	ὁρῶσιν	_	_
3.2	183	[3]	οὐ	_	_
3.2	184	[1]	μικρὸς	_	_
3.2	185	[14]	,	b	_
3.2	186	[1]	κᾀν	_	_
3.2	187	[1]	τούτῳ	_	_
3.2	188	[2]	τις	_	_
3.2	189	[1]	ἰδιωτῶν	_	_
3.2	190	[1]	παρὼν	_	_
3.2	191	[1]	ὑπ	_	_
3.2	192	[3]	’	b	_
3.2	193	[1]	αὐτοῦ	_	_
3.2	194	[2]	τοῦ	_	_
3.2	195	[1]	πράγματος	_	_
3.2	196	[1]	ἀναγκασθεὶς	_	_
3.2	197	[1]	ἐξεφώνησεν	_	_
3.2	198	[1]	ὡς	_	_
3.2	199	[2]	ὁ	_	_
3.2	200	[1]	κάμνων	_	_
3.2	201	[1]	κρίνοιτο	_	_
3.2	202	[1]	περὶ	_	_
3.2	203	[3]	τῆς	_	_
3.2	204	[1]	ζωῆς	_	_
3.2	205	[5]	.	b	_
3.2	206	[4]	οὐ	_	_
3.2	207	[3]	γὰρ	_	_
3.2	208	[1]	δὴ	_	_
3.2	209	[1]	ἰατρῶν	_	_
3.2	210	[1]	γέ	_	_
3.2	211	[3]	τις	_	_
3.2	212	[1]	ἰδίως	_	_
3.2	213	[1]	ἔθετο	_	_
3.2	214	[1]	τῷ	_	_
3.2	215	[1]	γινομένῳ	_	_
3.2	216	[1]	τοὔνομα	_	_
3.2	217	[15]	,	b	_
3.2	218	[1]	ἀλλ	_	_
3.2	219	[4]	’	b	_
3.2	220	[1]	ἀνάγκη	_	_
3.2	221	[1]	πᾶσα	_	_
3.2	222	[1]	τὸν	_	_
3.2	223	[1]	παραγενόμενον	_	_
3.2	224	[1]	αὐτῷ	_	_
3.2	225	[1]	ταραχθῆναί	_	_
3.2	226	[2]	τε	_	_
3.2	227	[32]	καὶ	_	_
3.2	228	[1]	ῥῆξαι	_	_
3.2	229	[1]	φωνὴν	_	_
3.2	230	[16]	,	b	_
3.2	231	[33]	καὶ	_	_
3.2	232	[1]	κρίσιν	_	_
3.2	233	[1]	ὀνομάσαι	_	_
3.2	234	[2]	τὸ	_	_
3.2	235	[1]	γινόμενον	_	_
3.2	236	[17]	,	b	_
3.2	237	[1]	ἰατροῦ	_	_
3.2	238	[1]	γε	_	_
3.2	239	[1]	μήν	_	_
3.2	240	[1]	ἐστι	_	_
3.2	241	[1]	γενναίου	_	_
3.2	242	[1]	μήτε	_	_
3.2	243	[1]	ταράσσεσθαι	_	_
3.2	244	[1]	μήτ	_	_
3.2	245	[5]	’	b	_
3.2	246	[1]	ἀγνοεῖν	_	_
3.2	247	[3]	τὸ	_	_
3.2	248	[1]	μέλλον	_	_
3.2	249	[1]	ἀποβήσεσθαι	_	_
3.2	250	[6]	.	b	_
3.2	251	[1]	κάλλιον	_	_
3.2	252	[3]	δὲ	_	_
3.2	253	[1]	εἰ	_	_
3.2	254	[34]	καὶ	_	_
3.2	255	[1]	προγινώσκειν	_	_
3.2	256	[1]	ἐσομένην	_	_
3.2	257	[2]	κρίσιν	_	_
3.2	258	[1]	ἀσκήσειεν	_	_
3.2	259	[7]	.	b	_
3.2	260	[1]	οὐδὲ	_	_
3.2	261	[4]	γὰρ	_	_
3.2	262	[1]	πόῤῥω	_	_
3.2	263	[1]	που	_	_
3.2	264	[4]	τὸ	_	_
3.2	265	[1]	διαγινώσκειν	_	_
3.2	266	[1]	τὴν	_	_
3.2	267	[1]	ἤδη	_	_
3.2	268	[1]	παροῦσαν	_	_
3.2	269	[1]	ἐς	_	_
3.2	270	[1]	ὅ	_	_
3.2	271	[2]	τι	_	_
3.2	272	[1]	τελευτήσει	_	_
3.2	273	[3]	τοῦ	_	_
3.2	274	[2]	προγινώσκειν	_	_
3.2	275	[2]	ἐσομένην	_	_
3.2	276	[1]	ἐστὶν	_	_
3.2	277	[18]	,	b	_
3.2	278	[2]	ἀλλ	_	_
3.2	279	[6]	’	b	_
3.2	280	[1]	ἐκ	_	_
3.2	281	[4]	τῆς	_	_
3.2	282	[1]	αὐτῆς	_	_
3.2	283	[1]	θεωρίας	_	_
3.2	284	[1]	ἄμφω	_	_
3.2	285	[1]	κατορθοῦται	_	_
3.2	286	[8]	.	b	_
3.3	1	[1]	Καὶ	_	_
3.3	2	[1]	πάντ	_	_
3.3	3	[1]	’	b	_
3.3	4	[1]	ἤδη	_	_
3.3	5	[1]	λέλεκταί	_	_
3.3	6	[1]	μοι	_	_
3.3	7	[1]	ταῦτα	_	_
3.3	8	[1]	,	b	_
3.3	9	[1]	τὰ	_	_
3.3	10	[1]	μὲν	_	_
3.3	11	[1]	ἐν	_	_
3.3	12	[1]	τῷ	_	_
3.3	13	[1]	πρώτῳ	_	_
3.3	14	[1]	τῶν	_	_
3.3	15	[1]	περὶ	_	_
3.3	16	[1]	κρισίμων	_	_
3.3	17	[1]	ἡμερῶν	_	_
3.3	18	[1]	ὑπομνήματι	_	_
3.3	19	[2]	,	b	_
3.3	20	[2]	τὰ	_	_
3.3	21	[1]	δ	_	_
3.3	22	[2]	’	b	_
3.3	23	[2]	ἐν	_	_
3.3	24	[1]	τοῖς	_	_
3.3	25	[1]	προηγουμένοις	_	_
3.3	26	[1]	τοῦδε	_	_
3.3	27	[1]	δυσί	_	_
3.3	28	[1]	.	b	_
3.3	29	[1]	λέξω	_	_
3.3	30	[1]	δὲ	_	_
3.3	31	[1]	καὶ	_	_
3.3	32	[1]	νῦν	_	_
3.3	33	[1]	αὐτὰ	_	_
3.3	34	[1]	διὰ	_	_
3.3	35	[1]	κεφαλαίων	_	_
3.3	36	[1]	ἅπαντα	_	_
3.3	37	[3]	,	b	_
3.3	38	[1]	τά	_	_
3.3	39	[1]	τε	_	_
3.3	40	[1]	τὴν	_	_
3.3	41	[1]	παροῦσαν	_	_
3.3	42	[2]	ἤδη	_	_
3.3	43	[1]	κρίσιν	_	_
3.3	44	[1]	ὁποία	_	_
3.3	45	[1]	τις	_	_
3.3	46	[1]	ἔσοιτο	_	_
3.3	47	[1]	δηλοῦντα	_	_
3.3	48	[2]	καὶ	_	_
3.3	49	[3]	τὰ	_	_
3.3	50	[2]	τὴν	_	_
3.3	51	[1]	μέλλουσαν	_	_
3.3	52	[1]	ἔσεσθαι	_	_
3.3	53	[1]	προδηλοῦντα	_	_
3.3	54	[2]	.	b	_
3.3	55	[1]	πρῶτον	_	_
3.3	56	[2]	μὲν	_	_
3.3	57	[1]	δὴ	_	_
3.3	58	[3]	καὶ	_	_
3.3	59	[1]	μέγιστον	_	_
3.3	60	[1]	ἁπάντων	_	_
3.3	61	[1]	τὸ	_	_
3.3	62	[1]	ἐπισκέπτεσθαι	_	_
3.3	63	[1]	τοὺς	_	_
3.3	64	[1]	πεπασμοὺς	_	_
3.3	65	[4]	,	b	_
3.3	66	[1]	ἐξ	_	_
3.3	67	[1]	οὔρων	_	_
3.3	68	[2]	τε	_	_
3.3	69	[4]	καὶ	_	_
3.3	70	[1]	διαχωρημάτων	_	_
3.3	71	[5]	καὶ	_	_
3.3	72	[1]	πτυσμάτων	_	_
3.3	73	[5]	,	b	_
3.3	74	[1]	ὡς	_	_
3.3	75	[1]	ἔγωγε	_	_
3.3	76	[1]	μυρίαις	_	_
3.3	77	[3]	ἤδη	_	_
3.3	78	[1]	κρίσεσι	_	_
3.3	79	[1]	παραγενόμενος	_	_
3.3	80	[1]	οὐδέποτε	_	_
3.3	81	[1]	ἐθεασάμην	_	_
3.3	82	[1]	ἀπολόμενον	_	_
3.3	83	[1]	οὐδένα	_	_
3.3	84	[2]	τῶν	_	_
3.3	85	[1]	ἐπ	_	_
3.3	86	[3]	’	b	_
3.3	87	[1]	πεπασμοῖς	_	_
3.3	88	[1]	κριθέντων	_	_
3.3	89	[6]	,	b	_
3.3	90	[1]	οὐ	_	_
3.3	91	[1]	μὴν	_	_
3.3	92	[3]	τὴν	_	_
3.3	93	[1]	ἴσην	_	_
3.3	94	[1]	γε	_	_
3.3	95	[1]	ἀξίαν	_	_
3.3	96	[1]	ἀπονέμειν	_	_
3.3	97	[1]	ἅπασι	_	_
3.3	98	[1]	χρὴ	_	_
3.3	99	[2]	τοῖς	_	_
3.3	100	[1]	σημείοις	_	_
3.3	101	[7]	,	b	_
3.3	102	[1]	ἀλλ	_	_
3.3	103	[4]	’	b	_
3.3	104	[3]	ἐν	_	_
3.3	105	[3]	μὲν	_	_
3.3	106	[3]	τοῖς	_	_
3.3	107	[1]	κατὰ	_	_
3.3	108	[1]	θώρακά	_	_
3.3	109	[3]	τε	_	_
3.3	110	[6]	καὶ	_	_
3.3	111	[1]	πνεύμονος	_	_
3.3	112	[1]	πάθεσι	_	_
3.3	113	[1]	προσέχειν	_	_
3.3	114	[4]	μὲν	_	_
3.3	115	[1]	μάλιστα	_	_
3.3	116	[1]	τὸν	_	_
3.3	117	[1]	νοῦν	_	_
3.3	118	[4]	τοῖς	_	_
3.3	119	[1]	πτύσμασι	_	_
3.3	120	[8]	,	b	_
3.3	121	[1]	μὴ	_	_
3.3	122	[1]	μέντοι	_	_
3.3	123	[1]	μηδὲ	_	_
3.3	124	[3]	τῶν	_	_
3.3	125	[2]	οὔρων	_	_
3.3	126	[1]	τῆς	_	_
3.3	127	[1]	ἐπισκέψεως	_	_
3.3	128	[1]	ἀμελεῖν	_	_
3.3	129	[9]	,	b	_
3.3	130	[1]	προσεπιβλέπειν	_	_
3.3	131	[2]	δὲ	_	_
3.3	132	[7]	καὶ	_	_
3.3	133	[4]	τὰ	_	_
3.3	134	[1]	διαχωρήματα	_	_
3.3	135	[1]	·	b	_
3.3	136	[1]	πυρεττόντων	_	_
3.3	137	[3]	δὲ	_	_
3.3	138	[1]	μόνον	_	_
3.3	139	[1]	ἄνευ	_	_
3.3	140	[1]	σπλάγχνου	_	_
3.3	141	[1]	τινὸς	_	_
3.3	142	[1]	διαθέσεως	_	_
3.3	143	[10]	,	b	_
3.3	144	[1]	ἤ	_	_
3.3	145	[1]	τινος	_	_
3.3	146	[4]	τῶν	_	_
3.3	147	[1]	καθ	_	_
3.3	148	[5]	’	b	_
3.3	149	[1]	ἧπαρ	_	_
3.3	150	[1]	ἢ	_	_
3.3	151	[1]	νεφροὺς	_	_
3.3	152	[2]	ἢ	_	_
3.3	153	[1]	κύστιν	_	_
3.3	154	[3]	ἢ	_	_
3.3	155	[1]	σπλῆνα	_	_
3.3	156	[1]	φλεγμαινόντων	_	_
3.3	157	[11]	,	b	_
3.3	158	[5]	τοῖς	_	_
3.3	159	[1]	οὔροις	_	_
3.3	160	[2]	μάλιστα	_	_
3.3	161	[2]	προσέχειν	_	_
3.3	162	[2]	τὸν	_	_
3.3	163	[2]	νοῦν	_	_
3.3	164	[12]	,	b	_
3.3	165	[1]	ὥσπερ	_	_
3.3	166	[1]	εἰ	_	_
3.3	167	[8]	καὶ	_	_
3.3	168	[5]	τὰ	_	_
3.3	169	[2]	κατὰ	_	_
3.3	170	[4]	τὴν	_	_
3.3	171	[1]	γαστέρα	_	_
3.3	172	[1]	πεπόνθασι	_	_
3.3	173	[13]	,	b	_
3.3	174	[6]	τοῖς	_	_
3.3	175	[1]	διαχωρήμασι	_	_
3.3	176	[5]	μὲν	_	_
3.3	177	[2]	πρῶτον	_	_
3.3	178	[14]	,	b	_
3.3	179	[1]	οὐκ	_	_
3.3	180	[1]	ἀμελητέον	_	_
3.3	181	[4]	δὲ	_	_
3.3	182	[1]	οὐδὲ	_	_
3.3	183	[5]	τῶν	_	_
3.3	184	[3]	οὔρων	_	_
3.3	185	[3]	.	b	_
3.3	186	[1]	ἀεὶ	_	_
3.3	187	[1]	γὰρ	_	_
3.3	188	[1]	ὁπόταν	_	_
3.3	189	[1]	ᾖ	_	_
3.3	190	[1]	ὁ	_	_
3.3	191	[1]	πυρετὸς	_	_
3.3	192	[15]	,	b	_
3.3	193	[1]	εἴτ	_	_
3.3	194	[6]	’	b	_
3.3	195	[1]	ἐπὶ	_	_
3.3	196	[1]	χυμοῖς	_	_
3.3	197	[1]	μόνοις	_	_
3.3	198	[1]	σηπομένοις	_	_
3.3	199	[1]	ἀναπτόμενος	_	_
3.3	200	[16]	,	b	_
3.3	201	[2]	εἴτ	_	_
3.3	202	[7]	’	b	_
3.3	203	[2]	ἐπὶ	_	_
3.3	204	[1]	μορίῳ	_	_
3.3	205	[1]	φλεγμαίνοντι	_	_
3.3	206	[1]	συνεπόμενος	_	_
3.3	207	[17]	,	b	_
3.3	208	[1]	εἰς	_	_
3.3	209	[1]	οὖρα	_	_
3.3	210	[1]	μάλιστά	_	_
3.3	211	[1]	σε	_	_
3.3	212	[1]	βλέπειν	_	_
3.3	213	[1]	ἀξιῶ	_	_
3.3	214	[18]	,	b	_
3.3	215	[1]	κἀντεῦθεν	_	_
3.3	216	[1]	γνωρίζειν	_	_
3.3	217	[2]	τοὺς	_	_
3.3	218	[2]	πεπασμοὺς	_	_
3.3	219	[19]	,	b	_
3.3	220	[2]	ὡς	_	_
3.3	221	[1]	ἔμπροσθεν	_	_
3.3	222	[1]	εἴρηται	_	_
3.3	223	[4]	.	b	_
3.3	224	[3]	πρῶτον	_	_
3.3	225	[6]	μὲν	_	_
3.3	226	[2]	δὴ	_	_
3.3	227	[9]	καὶ	_	_
3.3	228	[2]	μέγιστον	_	_
3.3	229	[1]	ἀγαθῆς	_	_
3.3	230	[1]	κρίσεως	_	_
3.3	231	[1]	σημεῖον	_	_
3.3	232	[1]	ἐνεστώσης	_	_
3.3	233	[1]	οἱ	_	_
3.3	234	[1]	πεπασμοὶ	_	_
3.3	235	[20]	,	b	_
3.3	236	[1]	δεύτερον	_	_
3.3	237	[5]	δὲ	_	_
3.3	238	[2]	τὸ	_	_
3.3	239	[1]	προδεδηλῶσθαι	_	_
3.3	240	[1]	διά	_	_
3.3	241	[2]	τινος	_	_
3.3	242	[6]	τῶν	_	_
3.3	243	[1]	ἐπιδήλων	_	_
3.3	244	[1]	ᾗ	_	_
3.3	245	[1]	συνῆπται	_	_
3.3	246	[2]	τῆς	_	_
3.3	247	[1]	κρινούσης	_	_
3.3	248	[1]	ἡμέρας	_	_
3.3	249	[1]	ἡ	_	_
3.3	250	[1]	δύναμις	_	_
3.3	251	[2]	·	b	_
3.3	252	[1]	ἐφεξῆς	_	_
3.3	253	[6]	δὲ	_	_
3.3	254	[3]	τὸ	_	_
3.3	255	[1]	εἶδος	_	_
3.3	256	[1]	τοῦ	_	_
3.3	257	[1]	νοσήματος	_	_
3.3	258	[1]	αὐτοῦ	_	_
3.3	259	[10]	καὶ	_	_
3.3	260	[4]	τὸ	_	_
3.3	261	[1]	ἦθος	_	_
3.3	262	[3]	·	b	_
3.3	263	[2]	εἶδος	_	_
3.3	264	[7]	μὲν	_	_
3.3	265	[21]	,	b	_
3.3	266	[2]	εἰ	_	_
3.3	267	[1]	τριταῖος	_	_
3.3	268	[22]	,	b	_
3.3	269	[4]	ἢ	_	_
3.3	270	[1]	ἀμφημερινὸς	_	_
3.3	271	[23]	,	b	_
3.3	272	[1]	﻿	_	_
3.3	273	[5]	ἢ	_	_
3.3	274	[1]	καῦσος	_	_
3.3	275	[24]	,	b	_
3.3	276	[6]	ἢ	_	_
3.3	277	[1]	πλευρῖτις	_	_
3.3	278	[25]	,	b	_
3.3	279	[7]	ἢ	_	_
3.3	280	[1]	περιπνευμονία	_	_
3.3	281	[4]	·	b	_
3.3	282	[2]	ἦθος	_	_
3.3	283	[7]	δὲ	_	_
3.3	284	[26]	,	b	_
3.3	285	[3]	εἰ	_	_
3.3	286	[1]	μέτριον	_	_
3.3	287	[11]	καὶ	_	_
3.3	288	[1]	ἐπιεικὲς	_	_
3.3	289	[27]	,	b	_
3.3	290	[8]	ἢ	_	_
3.3	291	[1]	πονηρόν	_	_
3.3	292	[4]	τε	_	_
3.3	293	[12]	καὶ	_	_
3.3	294	[1]	κακόηθες	_	_
3.3	295	[5]	.	b	_
3.3	296	[2]	ἐφεξῆς	_	_
3.3	297	[8]	δὲ	_	_
3.3	298	[1]	τούτοις	_	_
3.3	299	[28]	,	b	_
3.3	300	[4]	εἰ	_	_
3.3	301	[3]	κατὰ	_	_
3.3	302	[5]	τὴν	_	_
3.3	303	[2]	τοῦ	_	_
3.3	304	[2]	νοσήματος	_	_
3.3	305	[1]	ἰδέαν	_	_
3.3	306	[2]	ἡ	_	_
3.3	307	[1]	ἔκκρισις	_	_
3.3	308	[1]	εἴη	_	_
3.3	309	[6]	.	b	_
3.3	310	[5]	εἰ	_	_
3.3	311	[8]	μὲν	_	_
3.3	312	[2]	γὰρ	_	_
3.3	313	[2]	καῦσος	_	_
3.3	314	[2]	εἴη	_	_
3.3	315	[2]	ὁ	_	_
3.3	316	[2]	πυρετὸς	_	_
3.3	317	[29]	,	b	_
3.3	318	[9]	ἢ	_	_
3.3	319	[1]	αἱμοῤῥαγείτω	_	_
3.3	320	[2]	διὰ	_	_
3.3	321	[1]	ῥινῶν	_	_
3.3	322	[30]	,	b	_
3.3	323	[10]	ἢ	_	_
3.3	324	[1]	ῥιγώσας	_	_
3.3	325	[1]	σφοδρῶς	_	_
3.3	326	[1]	ἱδρούτω	_	_
3.3	327	[1]	πολλῷ	_	_
3.3	328	[13]	καὶ	_	_
3.3	329	[1]	θερμῷ	_	_
3.3	330	[1]	δι	_	_
3.3	331	[8]	’	b	_
3.3	332	[1]	ὅλου	_	_
3.3	333	[3]	τοῦ	_	_
3.3	334	[1]	σώματος	_	_
3.3	335	[31]	,	b	_
3.3	336	[11]	ἢ	_	_
3.3	337	[1]	ἐμείτω	_	_
3.3	338	[5]	τε	_	_
3.3	339	[14]	καὶ	_	_
3.3	340	[1]	διαχωρείτω	_	_
3.3	341	[1]	χολώδη	_	_
3.3	342	[7]	.	b	_
3.3	343	[1]	παραπλησίως	_	_
3.3	344	[9]	δὲ	_	_
3.3	345	[15]	καὶ	_	_
3.3	346	[3]	ὁ	_	_
3.3	347	[2]	τριταῖος	_	_
3.3	348	[1]	ἐμέτοις	_	_
3.3	349	[6]	τε	_	_
3.3	350	[16]	καὶ	_	_
3.3	351	[2]	διαχωρήμασι	_	_
3.3	352	[1]	χολώδεσι	_	_
3.3	353	[32]	,	b	_
3.3	354	[17]	καὶ	_	_
3.3	355	[1]	ἱδρῶτι	_	_
3.3	356	[2]	πολλῷ	_	_
3.3	357	[2]	δι	_	_
3.3	358	[9]	’	b	_
3.3	359	[2]	ὅλου	_	_
3.3	360	[4]	τοῦ	_	_
3.3	361	[2]	σώματος	_	_
3.3	362	[1]	κρινέσθω	_	_
3.3	363	[8]	.	b	_
3.3	364	[1]	φλέγμα	_	_
3.3	365	[10]	δὲ	_	_
3.3	366	[1]	συχνὸν	_	_
3.3	367	[4]	ἐν	_	_
3.3	368	[1]	ἀμφημερινοῖς	_	_
3.3	369	[1]	ἐκκενούσθω	_	_
3.3	370	[33]	,	b	_
3.3	371	[18]	καὶ	_	_
3.3	372	[1]	πολλοὶ	_	_
3.3	373	[1]	γινέσθωσαν	_	_
3.3	374	[1]	ἱδρῶτες	_	_
3.3	375	[5]	ἐν	_	_
3.3	376	[1]	ὅλῳ	_	_
3.3	377	[2]	τῷ	_	_
3.3	378	[1]	σώματι	_	_
3.3	379	[9]	.	b	_
3.3	380	[1]	κρίνει	_	_
3.3	381	[11]	δὲ	_	_
3.3	382	[19]	καὶ	_	_
3.3	383	[1]	φρενῖτιν	_	_
3.3	384	[1]	ἱδρὼς	_	_
3.3	385	[1]	χρηστὸς	_	_
3.3	386	[20]	καὶ	_	_
3.3	387	[1]	μᾶλλον	_	_
3.3	388	[6]	εἰ	_	_
3.3	389	[1]	ἐκ	_	_
3.3	390	[3]	τῆς	_	_
3.3	391	[1]	κεφαλῆς	_	_
3.3	392	[1]	πολὺς	_	_
3.3	393	[21]	καὶ	_	_
3.3	394	[1]	θερμὸς	_	_
3.3	395	[1]	ἐκρέοι	_	_
3.3	396	[34]	,	b	_
3.3	397	[1]	σύμπαντος	_	_
3.3	398	[1]	ἱδροῦντος	_	_
3.3	399	[5]	τοῦ	_	_
3.3	400	[1]	ἄλλου	_	_
3.3	401	[3]	σώματος	_	_
3.3	402	[10]	.	b	_
3.3	403	[1]	ἀλλὰ	_	_
3.3	404	[22]	καὶ	_	_
3.3	405	[3]	δι	_	_
3.3	406	[10]	’	b	_
3.3	407	[1]	αἱμοῤῥαγίας	_	_
3.3	408	[7]	τε	_	_
3.3	409	[1]	τὰς	_	_
3.3	410	[2]	ἐκ	_	_
3.3	411	[2]	ῥινῶν	_	_
3.3	412	[1]	ἔστιν	_	_
3.3	413	[1]	ὅτε	_	_
3.3	414	[1]	φρενῖτις	_	_
3.3	415	[1]	ἐκρίθη	_	_
3.3	416	[1]	βεβαίως	_	_
3.3	417	[35]	,	b	_
3.3	418	[2]	οὐ	_	_
3.3	419	[2]	μὴν	_	_
3.3	420	[1]	λήθαργος	_	_
3.3	421	[12]	ἢ	_	_
3.3	422	[2]	περιπνευμονία	_	_
3.3	423	[1]	χαίρουσιν	_	_
3.3	424	[1]	αἱμοῤῥαγίαις	_	_
3.3	425	[11]	.	b	_
3.3	426	[6]	ἐν	_	_
3.3	427	[1]	μέσῳ	_	_
3.3	428	[12]	δὲ	_	_
3.3	429	[1]	αὐτῶν	_	_
3.3	430	[1]	ἐστι	_	_
3.3	431	[2]	πλευρῖτις	_	_
3.3	432	[12]	.	b	_
3.3	433	[1]	ἧττον	_	_
3.3	434	[9]	μὲν	_	_
3.3	435	[3]	γὰρ	_	_
3.3	436	[13]	ἢ	_	_
3.3	437	[3]	καῦσος	_	_
3.3	438	[23]	καὶ	_	_
3.3	439	[2]	φρενῖτις	_	_
3.3	440	[36]	,	b	_
3.3	441	[2]	μᾶλλον	_	_
3.3	442	[13]	δὲ	_	_
3.3	443	[14]	ἢ	_	_
3.3	444	[3]	περιπνευμονία	_	_
3.3	445	[24]	καὶ	_	_
3.3	446	[2]	λήθαργος	_	_
3.3	447	[2]	αἱμοῤῥαγίαις	_	_
3.3	448	[1]	λυθήσεται	_	_
3.3	449	[13]	.	b	_
3.3	450	[1]	λύουσι	_	_
3.3	451	[2]	δ	_	_
3.3	452	[11]	’	b	_
3.3	453	[1]	ἱκανῶς	_	_
3.3	454	[25]	καὶ	_	_
3.3	455	[2]	τὰς	_	_
3.3	456	[6]	τοῦ	_	_
3.3	457	[1]	ἥπατος	_	_
3.3	458	[26]	καὶ	_	_
3.3	459	[3]	τὰς	_	_
3.3	460	[7]	τοῦ	_	_
3.3	461	[1]	σπληνὸς	_	_
3.3	462	[1]	φλεγμονὰς	_	_
3.3	463	[1]	αἱμοῤῥαγίαι	_	_
3.3	464	[3]	διὰ	_	_
3.3	465	[3]	ῥινῶν	_	_
3.3	466	[37]	,	b	_
3.3	467	[1]	ἐπειδὰν	_	_
3.3	468	[1]	ἅμα	_	_
3.3	469	[1]	πυρετοῖς	_	_
3.3	470	[1]	ὀξέσι	_	_
3.3	471	[1]	φλεγμαίνῃ	_	_
3.3	472	[6]	τὰ	_	_
3.3	473	[1]	σπλάγχνα	_	_
3.3	474	[14]	.	b	_
3.3	475	[27]	καὶ	_	_
3.3	476	[1]	πάσας	_	_
3.3	477	[14]	δὲ	_	_
3.3	478	[4]	τὰς	_	_
3.3	479	[2]	καθ	_	_
3.3	480	[12]	’	b	_
3.3	481	[1]	ὑποχόνδρια	_	_
3.3	482	[2]	φλεγμονὰς	_	_
3.3	483	[5]	τὰς	_	_
3.3	484	[1]	θερμὰς	_	_
3.3	485	[28]	καὶ	_	_
3.3	486	[1]	ὀξείας	_	_
3.3	487	[3]	ἡ	_	_
3.3	488	[4]	διὰ	_	_
3.3	489	[4]	ῥινῶν	_	_
3.3	490	[1]	αἱμοῤῥαγία	_	_
3.3	491	[2]	κρίνει	_	_
3.3	492	[15]	.	b	_
3.3	493	[2]	χρὴ	_	_
3.3	494	[15]	δὲ	_	_
3.3	495	[29]	καὶ	_	_
3.3	496	[1]	κατ	_	_
3.3	497	[13]	’	b	_
3.3	498	[1]	εὐθυωρίαν	_	_
3.3	499	[1]	αἱμοῤῥαγεῖν	_	_
3.3	500	[38]	,	b	_
3.3	501	[3]	ἐκ	_	_
3.3	502	[1]	δεξιοῦ	_	_
3.3	503	[10]	μὲν	_	_
3.3	504	[1]	μυκτῆρος	_	_
3.3	505	[1]	ἐφ	_	_
3.3	506	[14]	’	b	_
3.3	507	[1]	ἥπατί	_	_
3.3	508	[8]	τε	_	_
3.3	509	[30]	καὶ	_	_
3.3	510	[7]	τοῖς	_	_
3.3	511	[4]	κατὰ	_	_
3.3	512	[5]	τὸ	_	_
3.3	513	[1]	δεξιὸν	_	_
3.3	514	[1]	ὑποχόνδριον	_	_
3.3	515	[39]	,	b	_
3.3	516	[2]	ἐξ	_	_
3.3	517	[1]	ἀριστεροῦ	_	_
3.3	518	[16]	δὲ	_	_
3.3	519	[1]	ἐπί	_	_
3.3	520	[9]	τε	_	_
3.3	521	[1]	σπληνὶ	_	_
3.3	522	[31]	καὶ	_	_
3.3	523	[8]	τοῖς	_	_
3.3	524	[1]	ταύτῃ	_	_
3.3	525	[1]	μορίοις	_	_
3.3	526	[16]	.	b	_
3.3	527	[1]	ὀνίνησι	_	_
3.3	528	[17]	δὲ	_	_
3.3	529	[32]	καὶ	_	_
3.3	530	[2]	ἱδρὼς	_	_
3.3	531	[2]	χρηστὸς	_	_
3.3	532	[1]	ἁπάσας	_	_
3.3	533	[6]	τὰς	_	_
3.3	534	[3]	καθ	_	_
3.3	535	[15]	’	b	_
3.3	536	[2]	ὑποχόνδρια	_	_
3.3	537	[3]	φλεγμονὰς	_	_
3.3	538	[7]	τὰς	_	_
3.3	539	[2]	θερμὰς	_	_
3.3	540	[33]	καὶ	_	_
3.3	541	[2]	ὀξείας	_	_
3.3	542	[17]	.	b	_
3.3	543	[2]	ἥπατος	_	_
3.3	544	[3]	δὴ	_	_
3.3	545	[7]	τὰ	_	_
3.3	546	[11]	μὲν	_	_
3.3	547	[1]	κυρτὰ	_	_
3.3	548	[1]	φλεγμαίνοντα	_	_
3.3	549	[1]	τρισὶν	_	_
3.3	550	[1]	ὑπακούει	_	_
3.3	551	[3]	μάλιστα	_	_
3.3	552	[1]	τρόποις	_	_
3.3	553	[1]	ἐκκρίσεως	_	_
3.3	554	[40]	,	b	_
3.3	555	[3]	αἱμοῤῥαγίαις	_	_
3.3	556	[4]	ἐκ	_	_
3.3	557	[2]	μυκτῆρος	_	_
3.3	558	[2]	δεξιοῦ	_	_
3.3	559	[34]	καὶ	_	_
3.3	560	[1]	ἱδρῶσι	_	_
3.3	561	[1]	χρηστοῖς	_	_
3.3	562	[35]	καὶ	_	_
3.3	563	[2]	οὔροις	_	_
3.3	564	[1]	πολλοῖς	_	_
3.3	565	[41]	,	b	_
3.3	566	[8]	τὰ	_	_
3.3	567	[18]	δὲ	_	_
3.3	568	[1]	σιμὰ	_	_
3.3	569	[1]	διαχωρήμασί	_	_
3.3	570	[10]	τε	_	_
3.3	571	[2]	χολώδεσι	_	_
3.3	572	[36]	καὶ	_	_
3.3	573	[1]	ἱδρῶσιν	_	_
3.3	574	[42]	,	b	_
3.3	575	[2]	ἔστιν	_	_
3.3	576	[2]	ὅτε	_	_
3.3	577	[19]	δὲ	_	_
3.3	578	[37]	καὶ	_	_
3.3	579	[2]	ἐμέτοις	_	_
3.3	580	[18]	.	b	_
3.3	581	[1]	ἐκκαθαίρεσθαι	_	_
3.3	582	[20]	δὲ	_	_
3.3	583	[4]	δι	_	_
3.3	584	[16]	’	b	_
3.3	585	[4]	οὔρων	_	_
3.3	586	[1]	ἐθέλει	_	_
3.3	587	[1]	πολὺ	_	_
3.3	588	[4]	δὴ	_	_
3.3	589	[3]	μᾶλλον	_	_
3.3	590	[1]	ἔτι	_	_
3.3	591	[7]	τῶν	_	_
3.3	592	[1]	κυρτῶν	_	_
3.3	593	[8]	τοῦ	_	_
3.3	594	[3]	ἥπατος	_	_
3.3	595	[1]	ἅπανθ	_	_
3.3	596	[17]	’	b	_
3.3	597	[1]	ὅσα	_	_
3.3	598	[5]	κατὰ	_	_
3.3	599	[2]	νεφροὺς	_	_
3.3	600	[38]	καὶ	_	_
3.3	601	[2]	κύστιν	_	_
3.3	602	[1]	ἐπόνησαν	_	_
3.3	603	[43]	,	b	_
3.3	604	[2]	ὥσπερ	_	_
3.3	605	[2]	γε	_	_
3.3	606	[9]	τὰ	_	_
3.3	607	[6]	κατὰ	_	_
3.3	608	[1]	θώρακα	_	_
3.3	609	[39]	καὶ	_	_
3.3	610	[1]	πνεύμονα	_	_
3.3	611	[1]	πτύσμασιν	_	_
3.3	612	[19]	.	b	_
3.3	613	[2]	οἱ	_	_
3.3	614	[21]	δὲ	_	_
3.3	615	[2]	ἱδρῶτες	_	_
3.3	616	[1]	ἅπασί	_	_
3.3	617	[11]	τε	_	_
3.3	618	[2]	πυρετοῖς	_	_
3.3	619	[1]	οἰκεῖοι	_	_
3.3	620	[40]	καὶ	_	_
3.3	621	[4]	μᾶλλον	_	_
3.3	622	[9]	τοῖς	_	_
3.3	623	[1]	περικαέσιν	_	_
3.3	624	[20]	.	b	_
3.3	625	[1]	ἐπωφελοῦσι	_	_
3.3	626	[3]	δ	_	_
3.3	627	[18]	’	b	_
3.3	628	[3]	οὐ	_	_
3.3	629	[1]	σμικρὰ	_	_
3.3	630	[41]	καὶ	_	_
3.3	631	[8]	τὰς	_	_
3.3	632	[1]	ζεούσας	_	_
3.3	633	[4]	φλεγμονὰς	_	_
3.3	634	[44]	,	b	_
3.3	635	[3]	ὅτε	_	_
3.3	636	[45]	,	b	_
3.3	637	[3]	ὡς	_	_
3.3	638	[2]	εἴρηται	_	_
3.3	639	[42]	καὶ	_	_
3.3	640	[1]	πρόσθεν	_	_
3.3	641	[46]	,	b	_
3.3	642	[2]	ἅμα	_	_
3.3	643	[2]	πεπασμοῖς	_	_
3.3	644	[1]	γίνονται	_	_
3.3	645	[21]	.	b	_
3.3	646	[4]	ἤδη	_	_
3.3	647	[22]	δὲ	_	_
3.3	648	[43]	καὶ	_	_
3.3	649	[3]	τοὺς	_	_
3.3	650	[1]	ἀμφημερινοὺς	_	_
3.3	651	[1]	κρίνουσι	_	_
3.3	652	[1]	σὺν	_	_
3.3	653	[3]	ἐμέτοις	_	_
3.3	654	[12]	τε	_	_
3.3	655	[44]	καὶ	_	_
3.3	656	[3]	διαχωρήμασι	_	_
3.3	657	[1]	φλεγματώδεσι	_	_
3.3	658	[47]	,	b	_
3.3	659	[45]	καὶ	_	_
3.3	660	[4]	τοὺς	_	_
3.3	661	[1]	τεταρταίους	_	_
3.3	662	[48]	,	b	_
3.3	663	[7]	εἰ	_	_
3.3	664	[1]	μέλανα	_	_
3.3	665	[2]	σὺν	_	_
3.3	666	[1]	αὐτοῖς	_	_
3.3	667	[1]	ἐκκενοῖτο	_	_
3.3	668	[46]	καὶ	_	_
3.3	669	[1]	ποικίλα	_	_
3.3	670	[49]	,	b	_
3.3	671	[47]	καὶ	_	_
3.3	672	[5]	τοὺς	_	_
3.3	673	[1]	ἡμιτριταίους	_	_
3.3	674	[50]	,	b	_
3.3	675	[8]	εἰ	_	_
3.3	676	[2]	χολώδη	_	_
3.3	677	[13]	τε	_	_
3.3	678	[3]	ἅμα	_	_
3.3	679	[48]	καὶ	_	_
3.3	680	[1]	φλεγματώδη	_	_
3.3	681	[22]	.	b	_
3.3	682	[2]	κρίνουσι	_	_
3.3	683	[23]	δὲ	_	_
3.3	684	[49]	καὶ	_	_
3.3	685	[1]	παρωτίδες	_	_
3.3	686	[1]	ληθάργους	_	_
3.3	687	[14]	τε	_	_
3.3	688	[50]	καὶ	_	_
3.3	689	[10]	τὰ	_	_
3.3	690	[2]	περὶ	_	_
3.3	691	[6]	τὴν	_	_
3.3	692	[1]	κεφαλὴν	_	_
3.3	693	[2]	ἅπαντα	_	_
3.3	694	[5]	·	b	_
3.3	695	[51]	καὶ	_	_
3.3	696	[1]	τἄλλα	_	_
3.3	697	[1]	ἀποσκήμματα	_	_
3.3	698	[6]	τοὺς	_	_
3.3	699	[1]	χρονίζοντας	_	_
3.3	700	[1]	ἅπαντας	_	_
3.3	701	[1]	πυρετοὺς	_	_
3.3	702	[1]	κρίνειν	_	_
3.3	703	[1]	ἀσφαλῶς	_	_
3.3	704	[1]	εἴωθεν	_	_
3.3	705	[6]	·	b	_
3.3	706	[2]	ἀλλ	_	_
3.3	707	[19]	’	b	_
3.3	708	[1]	οὔπω	_	_
3.3	709	[3]	περὶ	_	_
3.3	710	[8]	τῶν	_	_
3.3	711	[1]	χρονιζόντων	_	_
3.3	712	[1]	πρόκειται	_	_
3.3	713	[1]	λέγειν	_	_
3.3	714	[23]	.	b	_
3.3	715	[1]	αἱ	_	_
3.3	716	[4]	γὰρ	_	_
3.3	717	[1]	ἐξαιφνίδιοι	_	_
3.3	718	[1]	μεταβολαὶ	_	_
3.3	719	[51]	,	b	_
3.3	720	[9]	τῶν	_	_
3.3	721	[1]	ὀξέων	_	_
3.3	722	[1]	εἰσὶν	_	_
3.3	723	[52]	,	b	_
3.3	724	[1]	ὧν	_	_
3.3	725	[7]	τὴν	_	_
3.3	726	[1]	ἀρίστην	_	_
3.3	727	[1]	ἐξηγοῦμαι	_	_
3.3	728	[2]	νῦν	_	_
3.3	729	[2]	ὁποία	_	_
3.3	730	[1]	τίς	_	_
3.3	731	[1]	ἐστιν	_	_
3.3	732	[53]	,	b	_
3.3	733	[1]	ὅτι	_	_
3.3	734	[3]	γε	_	_
3.3	735	[1]	πάντως	_	_
3.3	736	[2]	οὐκ	_	_
3.3	737	[2]	ἄνευ	_	_
3.3	738	[1]	πεπασμοῦ	_	_
3.3	739	[54]	,	b	_
3.3	740	[2]	ὅτι	_	_
3.3	741	[15]	τε	_	_
3.3	742	[1]	κατά	_	_
3.3	743	[1]	τινα	_	_
3.3	744	[10]	τῶν	_	_
3.3	745	[2]	κρισίμων	_	_
3.3	746	[2]	ἡμερῶν	_	_
3.3	747	[1]	γινομένη	_	_
3.3	748	[55]	,	b	_
3.3	749	[52]	καὶ	_	_
3.3	750	[1]	προσέτι	_	_
3.3	751	[5]	διὰ	_	_
3.3	752	[4]	τῆς	_	_
3.3	753	[1]	ἐπιδήλου	_	_
3.3	754	[1]	προδεδηλωμένη	_	_
3.3	755	[56]	,	b	_
3.3	756	[53]	καὶ	_	_
3.3	757	[2]	μέντοι	_	_
3.3	758	[54]	καὶ	_	_
3.3	759	[6]	τὸ	_	_
3.3	760	[5]	τῆς	_	_
3.3	761	[2]	κρίσεως	_	_
3.3	762	[3]	εἶδος	_	_
3.3	763	[1]	οἰκεῖον	_	_
3.3	764	[3]	τῷ	_	_
3.3	765	[1]	νοσήματι	_	_
3.3	766	[1]	ποιουμένη	_	_
3.3	767	[24]	.	b	_
3.3	768	[2]	προσεπιβλέπειν	_	_
3.3	769	[4]	δ	_	_
3.3	770	[20]	’	b	_
3.3	771	[1]	ἐνταῦθα	_	_
3.3	772	[1]	κελεύω	_	_
3.3	773	[2]	σε	_	_
3.3	774	[55]	καὶ	_	_
3.3	775	[8]	τὴν	_	_
3.3	776	[1]	ἡλικίαν	_	_
3.3	777	[9]	τοῦ	_	_
3.3	778	[1]	κάμνοντος	_	_
3.3	779	[56]	καὶ	_	_
3.3	780	[9]	τὴν	_	_
3.3	781	[1]	φύσιν	_	_
3.3	782	[57]	καὶ	_	_
3.3	783	[10]	τὴν	_	_
3.3	784	[1]	προγεγενημένην	_	_
3.3	785	[1]	δίαιταν	_	_
3.3	786	[58]	καὶ	_	_
3.3	787	[7]	τὸ	_	_
3.3	788	[1]	χωρίον	_	_
3.3	789	[7]	ἐν	_	_
3.3	790	[1]	ᾧ	_	_
3.3	791	[1]	νοσεῖ	_	_
3.3	792	[59]	καὶ	_	_
3.3	793	[11]	τὴν	_	_
3.3	794	[1]	ὥραν	_	_
3.3	795	[10]	τοῦ	_	_
3.3	796	[1]	ἔτους	_	_
3.3	797	[60]	καὶ	_	_
3.3	798	[12]	τὴν	_	_
3.3	799	[1]	ἐνεστῶσαν	_	_
3.3	800	[1]	κατάστασιν	_	_
3.3	801	[25]	.	b	_
3.3	802	[9]	εἰ	_	_
3.3	803	[12]	μὲν	_	_
3.3	804	[5]	γὰρ	_	_
3.3	805	[3]	ὥσπερ	_	_
3.3	806	[8]	τὸ	_	_
3.3	807	[1]	νόσημα	_	_
3.3	808	[1]	χολῶδες	_	_
3.3	809	[10]	εἰ	_	_
3.3	810	[1]	τύχοι	_	_
3.3	811	[57]	,	b	_
3.3	812	[61]	καὶ	_	_
3.3	813	[1]	τούτων	_	_
3.3	814	[1]	ἕκαστον	_	_
3.3	815	[1]	ὁμοίως	_	_
3.3	816	[3]	εἴη	_	_
3.3	817	[2]	χολῶδες	_	_
3.3	818	[58]	,	b	_
3.3	819	[2]	ἐκκαθαίρεσθαι	_	_
3.3	820	[3]	χρὴ	_	_
3.3	821	[1]	χολὴν	_	_
3.3	822	[8]	ἐν	_	_
3.3	823	[1]	ταῖς	_	_
3.3	824	[2]	κρίσεσι	_	_
3.3	825	[59]	,	b	_
3.3	826	[4]	ὥσπερ	_	_
3.3	827	[11]	εἰ	_	_
3.3	828	[62]	καὶ	_	_
3.3	829	[2]	φλέγμα	_	_
3.3	830	[1]	πλεονεκτεῖ	_	_
3.3	831	[60]	,	b	_
3.3	832	[1]	ἐκκενοῦσθαι	_	_
3.3	833	[1]	προσήκει	_	_
3.3	834	[3]	φλέγμα	_	_
3.3	835	[26]	.	b	_
3.3	836	[1]	ποικίλων	_	_
3.3	837	[24]	δὲ	_	_
3.3	838	[1]	ἐπικρατούντων	_	_
3.3	839	[1]	χυμῶν	_	_
3.3	840	[1]	ποικίλην	_	_
3.3	841	[1]	εἶναι	_	_
3.3	842	[4]	χρὴ	_	_
3.3	843	[63]	καὶ	_	_
3.3	844	[13]	τὴν	_	_
3.3	845	[1]	κένωσιν	_	_
3.3	846	[27]	.	b	_
3.3	847	[2]	ἐπειδὰν	_	_
3.3	848	[1]	δέ	_	_
3.3	849	[1]	σοι	_	_
3.3	850	[2]	ταῦτα	_	_
3.3	851	[1]	σύμπαντα	_	_
3.3	852	[1]	καλῶς	_	_
3.3	853	[2]	ᾖ	_	_
3.3	854	[1]	διηκριβωμένα	_	_
3.3	855	[61]	,	b	_
3.3	856	[1]	παρακολουθεῖν	_	_
3.3	857	[5]	ἤδη	_	_
3.3	858	[3]	σε	_	_
3.3	859	[5]	χρὴ	_	_
3.3	860	[10]	τοῖς	_	_
3.3	861	[1]	ἀποβαίνουσι	_	_
3.3	862	[28]	.	b	_
3.3	863	[12]	εἰ	_	_
3.3	864	[13]	μὲν	_	_
3.3	865	[6]	γὰρ	_	_
3.3	866	[1]	ὅ	_	_
3.3	867	[16]	τε	_	_
3.3	868	[3]	πυρετὸς	_	_
3.3	869	[1]	λύοιτο	_	_
3.3	870	[1]	κρινομένῳ	_	_
3.3	871	[4]	τῷ	_	_
3.3	872	[1]	κάμνοντι	_	_
3.3	873	[64]	καὶ	_	_
3.3	874	[11]	τῶν	_	_
3.3	875	[1]	ἄλλων	_	_
3.3	876	[1]	ἀπαλλάττοιτο	_	_
3.3	877	[1]	συμπτωμάτων	_	_
3.3	878	[62]	,	b	_
3.3	879	[1]	εὐχρούστερός	_	_
3.3	880	[17]	τε	_	_
3.3	881	[1]	γίγνοιτο	_	_
3.3	882	[1]	πρὸς	_	_
3.3	883	[1]	λόγον	_	_
3.3	884	[6]	τῆς	_	_
3.3	885	[1]	κενώσεως	_	_
3.3	886	[63]	,	b	_
3.3	887	[1]	εὐσφυκτότερός	_	_
3.3	888	[18]	τε	_	_
3.3	889	[65]	καὶ	_	_
3.3	890	[1]	ἰσχυρότερος	_	_
3.3	891	[9]	ἐν	_	_
3.3	892	[2]	ταῖς	_	_
3.3	893	[1]	ἐξαναστάσεσιν	_	_
3.3	894	[64]	,	b	_
3.3	895	[1]	αὕτη	_	_
3.3	896	[14]	μὲν	_	_
3.3	897	[4]	ἡ	_	_
3.3	898	[1]	ἀρίστη	_	_
3.3	899	[1]	κρίσις	_	_
3.3	900	[1]	ἐστίν	_	_
3.3	901	[7]	·	b	_
3.3	902	[13]	εἰ	_	_
3.3	903	[2]	δέ	_	_
3.3	904	[1]	τι	_	_
3.3	905	[2]	τούτων	_	_
3.3	906	[1]	λείποι	_	_
3.3	907	[65]	,	b	_
3.3	908	[1]	τοσοῦτον	_	_
3.3	909	[1]	ἀποδεῖ	_	_
3.3	910	[7]	τῆς	_	_
3.3	911	[1]	ἀρίστης	_	_
3.3	912	[1]	ἡλίκη	_	_
3.3	913	[11]	τοῦ	_	_
3.3	914	[1]	λείποντος	_	_
3.3	915	[5]	ἡ	_	_
3.3	916	[2]	δύναμις	_	_
3.3	917	[29]	.	b	_
3.4	1	[1]	Οὕτω	_	_
3.4	2	[1]	μὲν	_	_
3.4	3	[1]	χρὴ	_	_
3.4	4	[1]	διαγινώσκειν	_	_
3.4	5	[1]	ἐνεστῶσαν	_	_
3.4	6	[1]	ἀρίστην	_	_
3.4	7	[1]	κρίσιν	_	_
3.4	8	[1]	,	b	_
3.4	9	[1]	ἔσεσθαι	_	_
3.4	10	[1]	δὲ	_	_
3.4	11	[1]	μέλλουσαν	_	_
3.4	12	[1]	ὧδε	_	_
3.4	13	[1]	.	b	_
3.4	14	[1]	τὴν	_	_
3.4	15	[1]	τοῦ	_	_
3.4	16	[1]	νοσήματος	_	_
3.4	17	[1]	ἐπισκέπτεσθαι	_	_
3.4	18	[1]	φύσιν	_	_
3.4	19	[2]	,	b	_
3.4	20	[1]	εἴτε	_	_
3.4	21	[1]	πικρόχολός	_	_
3.4	22	[1]	ἐστιν	_	_
3.4	23	[3]	,	b	_
3.4	24	[2]	εἴτε	_	_
3.4	25	[1]	φλεγματώδης	_	_
3.4	26	[4]	,	b	_
3.4	27	[3]	εἴτε	_	_
3.4	28	[1]	μελαγχολικὴ	_	_
3.4	29	[5]	,	b	_
3.4	30	[4]	εἴτε	_	_
3.4	31	[1]	μικτή	_	_
3.4	32	[1]	τις	_	_
3.4	33	[2]	.	b	_
3.4	34	[1]	γέγραπται	_	_
3.4	35	[1]	δ	_	_
3.4	36	[1]	’	b	_
3.4	37	[1]	ἐν	_	_
3.4	38	[1]	τῷ	_	_
3.4	39	[1]	πρὸ	_	_
3.4	40	[1]	τούτου	_	_
3.4	41	[1]	λόγῳ	_	_
3.4	42	[1]	τὰ	_	_
3.4	43	[1]	γνωρίσματα	_	_
3.4	44	[3]	.	b	_
3.4	45	[1]	δεύτερον	_	_
3.4	46	[2]	δ	_	_
3.4	47	[2]	’	b	_
3.4	48	[1]	ἐπὶ	_	_
3.4	49	[1]	τούτοις	_	_
3.4	50	[1]	τήν	_	_
3.4	51	[1]	τε	_	_
3.4	52	[1]	ὥραν	_	_
3.4	53	[2]	τοῦ	_	_
3.4	54	[1]	ἔτους	_	_
3.4	55	[1]	καὶ	_	_
3.4	56	[2]	τὴν	_	_
3.4	57	[3]	τοῦ	_	_
3.4	58	[1]	κάμνοντος	_	_
3.4	59	[1]	ἡλικίαν	_	_
3.4	60	[2]	καὶ	_	_
3.4	61	[3]	τὴν	_	_
3.4	62	[1]	κρᾶσιν	_	_
3.4	63	[6]	,	b	_
3.4	64	[1]	ὅσα	_	_
3.4	65	[1]	τ	_	_
3.4	66	[3]	’	b	_
3.4	67	[1]	ἄλλα	_	_
3.4	68	[1]	τῆς	_	_
3.4	69	[1]	αὐτῆς	_	_
3.4	70	[1]	ἔχεται	_	_
3.4	71	[1]	συστοιχίας	_	_
3.4	72	[7]	,	b	_
3.4	73	[1]	ὑπὲρ	_	_
3.4	74	[1]	ὧν	_	_
3.4	75	[1]	ὀλίγον	_	_
3.4	76	[1]	ἔμπροσθεν	_	_
3.4	77	[1]	εἴρηται	_	_
3.4	78	[4]	.	b	_
3.4	79	[3]	καὶ	_	_
3.4	80	[2]	χρὴ	_	_
3.4	81	[1]	κᾂν	_	_
3.4	82	[1]	ἕν	_	_
3.4	83	[1]	ἐξ	_	_
3.4	84	[1]	αὐτῶν	_	_
3.4	85	[1]	ποτε	_	_
3.4	86	[1]	ῥηθῇ	_	_
3.4	87	[8]	,	b	_
3.4	88	[4]	καὶ	_	_
3.4	89	[1]	τῶν	_	_
3.4	90	[1]	μὴ	_	_
3.4	91	[1]	ῥηθέντων	_	_
3.4	92	[1]	ἀναμιμνήσκεσθαι	_	_
3.4	93	[5]	.	b	_
3.4	94	[1]	μακρὸν	_	_
3.4	95	[1]	γὰρ	_	_
3.4	96	[1]	ἂν	_	_
3.4	97	[1]	εἴη	_	_
3.4	98	[1]	διέρχεσθαι	_	_
3.4	99	[1]	σύμπαντα	_	_
3.4	100	[6]	.	b	_
3.4	101	[1]	μετὰ	_	_
3.4	102	[2]	δὲ	_	_
3.4	103	[1]	ταῦτα	_	_
3.4	104	[1]	σκοπεῖσθαι	_	_
3.4	105	[1]	τὰς	_	_
3.4	106	[1]	περιόδους	_	_
3.4	107	[2]	τῶν	_	_
3.4	108	[1]	παροξυσμῶν	_	_
3.4	109	[9]	,	b	_
3.4	110	[5]	εἴτε	_	_
3.4	111	[1]	διὰ	_	_
3.4	112	[1]	τρίτης	_	_
3.4	113	[10]	,	b	_
3.4	114	[6]	εἴτε	_	_
3.4	115	[2]	διὰ	_	_
3.4	116	[1]	τετάρτης	_	_
3.4	117	[11]	,	b	_
3.4	118	[7]	εἴτε	_	_
3.4	119	[1]	καθ	_	_
3.4	120	[4]	’	b	_
3.4	121	[1]	ἑκάστην	_	_
3.4	122	[1]	ἡμέραν	_	_
3.4	123	[12]	,	b	_
3.4	124	[8]	εἴτε	_	_
3.4	125	[1]	μηδ	_	_
3.4	126	[5]	’	b	_
3.4	127	[1]	ὅλως	_	_
3.4	128	[1]	γίνονται	_	_
3.4	129	[13]	,	b	_
3.4	130	[1]	καθάπερ	_	_
3.4	131	[2]	ἐπὶ	_	_
3.4	132	[3]	τῶν	_	_
3.4	133	[1]	συνόχων	_	_
3.4	134	[1]	ἰδίως	_	_
3.4	135	[1]	ὀνομαζομένων	_	_
3.4	136	[1]	ἔστιν	_	_
3.4	137	[1]	ἰδεῖν	_	_
3.4	138	[7]	.	b	_
3.4	139	[1]	εἰ	_	_
3.4	140	[2]	μὲν	_	_
3.4	141	[2]	γὰρ	_	_
3.4	142	[1]	ἐπείγοιντο	_	_
3.4	143	[5]	καὶ	_	_
3.4	144	[1]	προλαμβάνοιεν	_	_
3.4	145	[1]	ἀεὶ	_	_
3.4	146	[2]	τῆς	_	_
3.4	147	[1]	συνήθους	_	_
3.4	148	[1]	ὥρας	_	_
3.4	149	[14]	,	b	_
3.4	150	[6]	καὶ	_	_
3.4	151	[1]	σφοδρότεροι	_	_
3.4	152	[1]	γίνοιντο	_	_
3.4	153	[1]	πολλῷ	_	_
3.4	154	[15]	,	b	_
3.4	155	[7]	καὶ	_	_
3.4	156	[3]	διὰ	_	_
3.4	157	[2]	τρίτης	_	_
3.4	158	[1]	ἀπαντῷεν	_	_
3.4	159	[16]	,	b	_
3.4	160	[2]	ἐν	_	_
3.4	161	[1]	τάχει	_	_
3.4	162	[1]	κριθήσεσθαι	_	_
3.4	163	[1]	δηλοῦσι	_	_
3.4	164	[1]	·	b	_
3.4	165	[2]	εἰ	_	_
3.4	166	[3]	δ	_	_
3.4	167	[6]	’	b	_
3.4	168	[1]	ἀργῶς	_	_
3.4	169	[1]	κινοῖντο	_	_
3.4	170	[8]	καὶ	_	_
3.4	171	[4]	τὴν	_	_
3.4	172	[1]	αὐτὴν	_	_
3.4	173	[2]	ὥραν	_	_
3.4	174	[1]	εἰσβάλλοιεν	_	_
3.4	175	[17]	,	b	_
3.4	176	[1]	ἐφ	_	_
3.4	177	[7]	’	b	_
3.4	178	[1]	ἑκάστῃ	_	_
3.4	179	[2]	τε	_	_
3.4	180	[1]	γίγνοιντο	_	_
3.4	181	[1]	ἡμέρᾳ	_	_
3.4	182	[18]	,	b	_
3.4	183	[2]	μετὰ	_	_
3.4	184	[1]	πλείονα	_	_
3.4	185	[1]	χρόνον	_	_
3.4	186	[2]	ἔσεσθαι	_	_
3.4	187	[1]	σημαίνουσι	_	_
3.4	188	[5]	τὴν	_	_
3.4	189	[2]	κρίσιν	_	_
3.4	190	[8]	.	b	_
3.4	191	[3]	ἐπὶ	_	_
3.4	192	[3]	δὲ	_	_
3.4	193	[2]	τούτοις	_	_
3.4	194	[1]	ἑξῆς	_	_
3.4	195	[19]	,	b	_
3.4	196	[1]	ὅπερ	_	_
3.4	197	[1]	δὴ	_	_
3.4	198	[9]	καὶ	_	_
3.4	199	[1]	μέγιστόν	_	_
3.4	200	[1]	ἐστι	_	_
3.4	201	[20]	,	b	_
3.4	202	[1]	τοὺς	_	_
3.4	203	[1]	πεπασμοὺς	_	_
3.4	204	[1]	ὁρᾷν	_	_
3.4	205	[21]	,	b	_
3.4	206	[10]	καὶ	_	_
3.4	207	[1]	τούτων	_	_
3.4	208	[1]	μάλιστα	_	_
3.4	209	[1]	ταῖς	_	_
3.4	210	[1]	ἀξιολόγοις	_	_
3.4	211	[1]	μεταβολαῖς	_	_
3.4	212	[1]	προσέχειν	_	_
3.4	213	[1]	τὸν	_	_
3.4	214	[1]	νοῦν	_	_
3.4	215	[9]	.	b	_
3.4	216	[3]	εἰ	_	_
3.4	217	[3]	γὰρ	_	_
3.4	218	[3]	ἐν	_	_
3.4	219	[1]	ἐπιδήλοις	_	_
3.4	220	[1]	ἡμέραις	_	_
3.4	221	[2]	γίγνοιντο	_	_
3.4	222	[22]	,	b	_
3.4	223	[2]	τὰς	_	_
3.4	224	[1]	ἐφεξῆς	_	_
3.4	225	[2]	αὐτῶν	_	_
3.4	226	[1]	κρισίμους	_	_
3.4	227	[1]	ἀπαλλάξειν	_	_
3.4	228	[3]	τῆς	_	_
3.4	229	[1]	νόσου	_	_
3.4	230	[2]	τὸν	_	_
3.4	231	[1]	ἄνθρωπον	_	_
3.4	232	[1]	ἐπαγγέλλονται	_	_
3.4	233	[10]	.	b	_
3.4	234	[1]	καθόλου	_	_
3.4	235	[4]	γὰρ	_	_
3.4	236	[23]	,	b	_
3.4	237	[1]	ὡς	_	_
3.4	238	[1]	κἀν	_	_
3.4	239	[1]	τοῖς	_	_
3.4	240	[2]	ἔμπροσθεν	_	_
3.4	241	[2]	εἴρηται	_	_
3.4	242	[1]	λόγοις	_	_
3.4	243	[24]	,	b	_
3.4	244	[1]	ἡ	_	_
3.4	245	[1]	σύμπασα	_	_
3.4	246	[1]	κατάστασις	_	_
3.4	247	[4]	τῶν	_	_
3.4	248	[1]	νοσημάτων	_	_
3.4	249	[4]	διὰ	_	_
3.4	250	[5]	τῶν	_	_
3.4	251	[1]	εἰρημένων	_	_
3.4	252	[1]	τεττάρων	_	_
3.4	253	[1]	γενῶν	_	_
3.4	254	[1]	γνωρίζεται	_	_
3.4	255	[25]	,	b	_
3.4	256	[1]	περὶ	_	_
3.4	257	[2]	ὧν	_	_
3.4	258	[1]	ἔφαμεν	_	_
3.4	259	[1]	﻿	_	_
3.4	260	[4]	ἐν	_	_
3.4	261	[1]	ἀφορισμοῖς	_	_
3.4	262	[1]	διειλέχθαι	_	_
3.4	263	[3]	τὸν	_	_
3.4	264	[1]	Ἱπποκράτην	_	_
3.4	265	[1]	τόνδε	_	_
3.4	266	[4]	τὸν	_	_
3.4	267	[1]	τρόπον	_	_
3.4	268	[11]	.	b	_
3.4	269	[2]	τοὺς	_	_
3.4	270	[4]	δὲ	_	_
3.4	271	[1]	παροξυσμοὺς	_	_
3.4	272	[11]	καὶ	_	_
3.4	273	[3]	τὰς	_	_
3.4	274	[1]	καταστάσιας	_	_
3.4	275	[1]	δηλώσουσιν	_	_
3.4	276	[1]	αἱ	_	_
3.4	277	[1]	νοῦσοι	_	_
3.4	278	[12]	καὶ	_	_
3.4	279	[2]	αἱ	_	_
3.4	280	[1]	ὧραι	_	_
3.4	281	[4]	τοῦ	_	_
3.4	282	[1]	ἔτεος	_	_
3.4	283	[13]	καὶ	_	_
3.4	284	[3]	αἱ	_	_
3.4	285	[6]	τῶν	_	_
3.4	286	[1]	περιόδων	_	_
3.4	287	[1]	πρὸς	_	_
3.4	288	[1]	ἀλλήλας	_	_
3.4	289	[1]	ἐπιδόσιες	_	_
3.4	290	[26]	,	b	_
3.4	291	[1]	ἤν	_	_
3.4	292	[3]	τε	_	_
3.4	293	[2]	καθ	_	_
3.4	294	[8]	’	b	_
3.4	295	[1]	ἡμέρην	_	_
3.4	296	[27]	,	b	_
3.4	297	[2]	ἤν	_	_
3.4	298	[4]	τε	_	_
3.4	299	[1]	παρ	_	_
3.4	300	[9]	’	b	_
3.4	301	[2]	ἡμέρην	_	_
3.4	302	[28]	,	b	_
3.4	303	[3]	ἤν	_	_
3.4	304	[5]	τε	_	_
3.4	305	[14]	καὶ	_	_
3.4	306	[5]	διὰ	_	_
3.4	307	[1]	πλείονος	_	_
3.4	308	[1]	χρόνου	_	_
3.4	309	[1]	γίνωνται	_	_
3.4	310	[12]	.	b	_
3.4	311	[1]	εἶτ	_	_
3.4	312	[10]	’	b	_
3.4	313	[2]	ἐφεξῆς	_	_
3.4	314	[1]	φησι	_	_
3.4	315	[2]	·	b	_
3.4	316	[1]	ἀτὰρ	_	_
3.4	317	[15]	καὶ	_	_
3.4	318	[1]	τοῖσιν	_	_
3.4	319	[1]	ἐπιφαινομένοισιν	_	_
3.4	320	[1]	οἷον	_	_
3.4	321	[5]	ἐν	_	_
3.4	322	[1]	πλευριτικοῖσι	_	_
3.4	323	[1]	πτύελον	_	_
3.4	324	[29]	,	b	_
3.4	325	[1]	αὐτίκα	_	_
3.4	326	[1]	ἢν	_	_
3.4	327	[1]	ἐπιφαίνηται	_	_
3.4	328	[30]	,	b	_
3.4	329	[1]	ἀρχομένου	_	_
3.4	330	[3]	μὲν	_	_
3.4	331	[1]	βραχύνει	_	_
3.4	332	[31]	,	b	_
3.4	333	[2]	ἢν	_	_
3.4	334	[5]	δὲ	_	_
3.4	335	[1]	ὕστερον	_	_
3.4	336	[2]	ἐπιφαίνηται	_	_
3.4	337	[32]	,	b	_
3.4	338	[1]	μηκύνει	_	_
3.4	339	[13]	.	b	_
3.4	340	[1]	διηγησάμεθα	_	_
3.4	341	[4]	δ	_	_
3.4	342	[11]	’	b	_
3.4	343	[4]	ἐπὶ	_	_
3.4	344	[1]	πλεῖστον	_	_
3.4	345	[6]	ἐν	_	_
3.4	346	[2]	τῷ	_	_
3.4	347	[1]	πρώτῳ	_	_
3.4	348	[1]	γράμματι	_	_
3.4	349	[1]	περί	_	_
3.4	350	[6]	τε	_	_
3.4	351	[7]	τῶν	_	_
3.4	352	[1]	ἐπιφαινομένων	_	_
3.4	353	[2]	τούτων	_	_
3.4	354	[1]	σημείων	_	_
3.4	355	[33]	,	b	_
3.4	356	[1]	ἃ	_	_
3.4	357	[2]	δὴ	_	_
3.4	358	[6]	τὴν	_	_
3.4	359	[1]	πέψιν	_	_
3.4	360	[1]	ἐνδείκνυται	_	_
3.4	361	[4]	τῆς	_	_
3.4	362	[2]	νόσου	_	_
3.4	363	[34]	,	b	_
3.4	364	[16]	καὶ	_	_
3.4	365	[1]	ὅπῃ	_	_
3.4	366	[1]	διαφέρει	_	_
3.4	367	[8]	τῶν	_	_
3.4	368	[1]	κρισίμων	_	_
3.4	369	[2]	ὀνομαζομένων	_	_
3.4	370	[2]	σημείων	_	_
3.4	371	[7]	τε	_	_
3.4	372	[17]	καὶ	_	_
3.4	373	[1]	συμπτωμάτων	_	_
3.4	374	[14]	.	b	_
3.4	375	[1]	εἴπερ	_	_
3.4	376	[1]	οὖν	_	_
3.4	377	[1]	ἐκείνων	_	_
3.4	378	[1]	μνημονεύεις	_	_
3.4	379	[35]	,	b	_
3.4	380	[1]	ἐλπίζω	_	_
3.4	381	[1]	σε	_	_
3.4	382	[1]	ῥᾳδίως	_	_
3.4	383	[1]	ποιήσειν	_	_
3.4	384	[7]	ἐν	_	_
3.4	385	[1]	τῷδε	_	_
3.4	386	[3]	τῷ	_	_
3.4	387	[2]	λόγῳ	_	_
3.4	388	[1]	προγνωστικόν	_	_
3.4	389	[8]	τε	_	_
3.4	390	[18]	καὶ	_	_
3.4	391	[1]	διαγνωστικὸν	_	_
3.4	392	[1]	ἀρίστης	_	_
3.4	393	[1]	κρίσεως	_	_
3.4	394	[15]	.	b	_
3.4	395	[4]	αἱ	_	_
3.4	396	[4]	μὲν	_	_
3.4	397	[5]	γὰρ	_	_
3.4	398	[1]	ἄλλαι	_	_
3.4	399	[1]	στοχασμῷ	_	_
3.4	400	[1]	τινι	_	_
3.4	401	[1]	τεχνικῷ	_	_
3.4	402	[1]	προγινώσκονται	_	_
3.4	403	[36]	,	b	_
3.4	404	[7]	τὴν	_	_
3.4	405	[5]	δ	_	_
3.4	406	[12]	’	b	_
3.4	407	[2]	ἀρίστην	_	_
3.4	408	[3]	κρίσιν	_	_
3.4	409	[37]	,	b	_
3.4	410	[1]	ἣν	_	_
3.4	411	[3]	δὴ	_	_
3.4	412	[19]	καὶ	_	_
3.4	413	[1]	μόνην	_	_
3.4	414	[1]	ἁπλῶς	_	_
3.4	415	[1]	ὀνομάζεσθαι	_	_
3.4	416	[4]	κρίσιν	_	_
3.4	417	[2]	ἔφαμεν	_	_
3.4	418	[38]	,	b	_
3.4	419	[1]	οὐδὲ	_	_
3.4	420	[1]	στοχαστικῶς	_	_
3.4	421	[1]	ἄν	_	_
3.4	422	[2]	τις	_	_
3.4	423	[39]	,	b	_
3.4	424	[1]	ἀλλὰ	_	_
3.4	425	[1]	βεβαίως	_	_
3.4	426	[1]	προγινώσκοι	_	_
3.4	427	[16]	.	b	_
3.4	428	[1]	πάντα	_	_
3.4	429	[6]	γὰρ	_	_
3.4	430	[5]	ἐπὶ	_	_
3.4	431	[9]	τῶν	_	_
3.4	432	[1]	τοιούτων	_	_
3.4	433	[2]	νοσημάτων	_	_
3.4	434	[2]	ἐξ	_	_
3.4	435	[1]	ἀρχῆς	_	_
3.4	436	[1]	εὐθὺς	_	_
3.4	437	[1]	ἀκίνδυνα	_	_
3.4	438	[1]	φαίνεται	_	_
3.4	439	[2]	τὰ	_	_
3.4	440	[1]	σημεῖα	_	_
3.4	441	[17]	.	b	_
3.4	442	[1]	τελέως	_	_
3.4	443	[5]	μὲν	_	_
3.4	444	[2]	οὖν	_	_
3.4	445	[1]	ὄντα	_	_
3.4	446	[1]	τοιαῦτα	_	_
3.4	447	[1]	κατὰ	_	_
3.4	448	[8]	τὴν	_	_
3.4	449	[1]	πρώτην	_	_
3.4	450	[1]	τετράδα	_	_
3.4	451	[9]	τὴν	_	_
3.4	452	[5]	κρίσιν	_	_
3.4	453	[1]	ἐπαγγέλλεται	_	_
3.4	454	[40]	,	b	_
3.4	455	[1]	καθότι	_	_
3.4	456	[20]	καὶ	_	_
3.4	457	[1]	Ἱπποκράτης	_	_
3.4	458	[1]	ἐδίδαξεν	_	_
3.4	459	[8]	ἐν	_	_
3.4	460	[4]	τῷ	_	_
3.4	461	[1]	προγνωστικῷ	_	_
3.4	462	[1]	λέγων	_	_
3.4	463	[1]	ᾧδε	_	_
3.4	464	[3]	·	b	_
3.4	465	[1]	οἵ	_	_
3.4	466	[9]	τε	_	_
3.4	467	[1]	εὐηθέστατοι	_	_
3.4	468	[10]	τῶν	_	_
3.4	469	[1]	πυρετῶν	_	_
3.4	470	[21]	καὶ	_	_
3.4	471	[6]	ἐπὶ	_	_
3.4	472	[3]	σημείων	_	_
3.4	473	[1]	ἀσφαλεστάτων	_	_
3.4	474	[1]	γινόμενοι	_	_
3.4	475	[1]	τεταρταῖοι	_	_
3.4	476	[1]	παύονται	_	_
3.4	477	[41]	,	b	_
3.4	478	[1]	ἢ	_	_
3.4	479	[1]	πρόσθεν	_	_
3.4	480	[18]	.	b	_
3.4	481	[1]	οὐ	_	_
3.4	482	[7]	γὰρ	_	_
3.4	483	[1]	ἐνδέχεται	_	_
3.4	484	[1]	πυρετὸν	_	_
3.4	485	[1]	οὔτε	_	_
3.4	486	[5]	τὸν	_	_
3.4	487	[1]	ἀσφαλέστατα	_	_
3.4	488	[2]	πάντα	_	_
3.4	489	[1]	κεκτημένον	_	_
3.4	490	[2]	οὔτε	_	_
3.4	491	[6]	τὸν	_	_
3.4	492	[1]	ὀλεθριώτατα	_	_
3.4	493	[2]	μὴ	_	_
3.4	494	[2]	οὐ	_	_
3.4	495	[2]	κατὰ	_	_
3.4	496	[10]	τὴν	_	_
3.4	497	[2]	πρώτην	_	_
3.4	498	[2]	τετράδα	_	_
3.4	499	[7]	τὸν	_	_
3.4	500	[6]	μὲν	_	_
3.4	501	[1]	λυθῆναι	_	_
3.4	502	[42]	,	b	_
3.4	503	[8]	τὸν	_	_
3.4	504	[6]	δὲ	_	_
3.4	505	[1]	ἀποκτεῖναι	_	_
3.4	506	[43]	,	b	_
3.4	507	[2]	καθάπερ	_	_
3.4	508	[4]	εἰ	_	_
3.4	509	[22]	καὶ	_	_
3.4	510	[1]	μικρὸν	_	_
3.4	511	[1]	ἀποχωρήσειεν	_	_
3.4	512	[1]	ὁ	_	_
3.4	513	[7]	μὲν	_	_
3.4	514	[1]	ἀπὸ	_	_
3.4	515	[11]	τῶν	_	_
3.4	516	[1]	ἐσχάτως	_	_
3.4	517	[1]	ὀλεθρίων	_	_
3.4	518	[44]	,	b	_
3.4	519	[2]	ὁ	_	_
3.4	520	[6]	δ	_	_
3.4	521	[13]	’	b	_
3.4	522	[2]	ἀπὸ	_	_
3.4	523	[12]	τῶν	_	_
3.4	524	[1]	ἄκρως	_	_
3.4	525	[1]	σωτηρίων	_	_
3.4	526	[45]	,	b	_
3.4	527	[1]	οὐκ	_	_
3.4	528	[2]	ἐνδέχεται	_	_
3.4	529	[3]	τοὺς	_	_
3.4	530	[1]	πυρετοὺς	_	_
3.4	531	[1]	τούτους	_	_
3.4	532	[1]	ἐξωτέρω	_	_
3.4	533	[1]	προβῆναι	_	_
3.4	534	[5]	τῆς	_	_
3.4	535	[1]	ἑβδόμης	_	_
3.4	536	[1]	ἡμέρας	_	_
3.4	537	[19]	.	b	_
3.4	538	[1]	τὸ	_	_
3.4	539	[7]	δὲ	_	_
3.4	540	[9]	εἴτε	_	_
3.4	541	[1]	σφοδρὰ	_	_
3.4	542	[23]	καὶ	_	_
3.4	543	[1]	ἀγωνιστικὴ	_	_
3.4	544	[1]	γενήσεται	_	_
3.4	545	[1]	κρίσις	_	_
3.4	546	[46]	,	b	_
3.4	547	[10]	εἴτε	_	_
3.4	548	[1]	μετρία	_	_
3.4	549	[47]	,	b	_
3.4	550	[1]	εἴτ	_	_
3.4	551	[14]	’	b	_
3.4	552	[1]	οὐδ	_	_
3.4	553	[15]	’	b	_
3.4	554	[2]	ὅλως	_	_
3.4	555	[2]	κρίσις	_	_
3.4	556	[48]	,	b	_
3.4	557	[2]	ἀλλὰ	_	_
3.4	558	[1]	λύσις	_	_
3.4	559	[2]	ἁπλῶς	_	_
3.4	560	[49]	,	b	_
3.4	561	[1]	οὐκέτ	_	_
3.4	562	[16]	’	b	_
3.4	563	[1]	ἐκ	_	_
3.4	564	[13]	τῶν	_	_
3.4	565	[2]	ὀλεθρίων	_	_
3.4	566	[10]	τε	_	_
3.4	567	[24]	καὶ	_	_
3.4	568	[2]	σωτηρίων	_	_
3.4	569	[4]	σημείων	_	_
3.4	570	[50]	,	b	_
3.4	571	[1]	ἀλλ	_	_
3.4	572	[17]	’	b	_
3.4	573	[3]	ἐξ	_	_
3.4	574	[1]	ἄλλων	_	_
3.4	575	[1]	προγινώσκεται	_	_
3.4	576	[20]	.	b	_
3.4	577	[1]	δύο	_	_
3.4	578	[7]	δ	_	_
3.4	579	[18]	’	b	_
3.4	580	[1]	ἐστὶ	_	_
3.4	581	[25]	καὶ	_	_
3.4	582	[3]	τούτων	_	_
3.4	583	[3]	τὰ	_	_
3.4	584	[1]	γένη	_	_
3.4	585	[51]	,	b	_
3.4	586	[1]	μέγεθός	_	_
3.4	587	[11]	τε	_	_
3.4	588	[26]	καὶ	_	_
3.4	589	[1]	κίνησις	_	_
3.4	590	[2]	νοσήματος	_	_
3.4	591	[21]	.	b	_
3.4	592	[9]	ἐν	_	_
3.4	593	[1]	οἷς	_	_
3.4	594	[1]	πρώτοις	_	_
3.4	595	[2]	εὐθὺς	_	_
3.4	596	[1]	ἀκριβῶς	_	_
3.4	597	[3]	χρὴ	_	_
3.4	598	[1]	γεγυμνάσθαι	_	_
3.4	599	[27]	καὶ	_	_
3.4	600	[1]	διακρίνειν	_	_
3.4	601	[1]	αὐτὰ	_	_
3.4	602	[1]	δύνασθαι	_	_
3.4	603	[2]	ῥᾳδίως	_	_
3.4	604	[1]	ἤθους	_	_
3.4	605	[12]	τε	_	_
3.4	606	[28]	καὶ	_	_
3.4	607	[1]	ἰδέας	_	_
3.4	608	[3]	νοσήματος	_	_
3.4	609	[22]	.	b	_
3.4	610	[3]	ἀλλὰ	_	_
3.4	611	[11]	τὴν	_	_
3.4	612	[8]	μὲν	_	_
3.4	613	[1]	ἰδέαν	_	_
3.4	614	[2]	ὡς	_	_
3.4	615	[4]	χρὴ	_	_
3.4	616	[2]	διαγινώσκειν	_	_
3.4	617	[10]	ἐν	_	_
3.4	618	[5]	τῷ	_	_
3.4	619	[1]	δευτέρῳ	_	_
3.4	620	[1]	τῶνδε	_	_
3.4	621	[14]	τῶν	_	_
3.4	622	[1]	ὑπομνημάτων	_	_
3.4	623	[3]	εἴρηται	_	_
3.4	624	[23]	.	b	_
3.4	625	[1]	τριταῖος	_	_
3.4	626	[8]	γὰρ	_	_
3.4	627	[29]	καὶ	_	_
3.4	628	[1]	ἀμφημερινὸς	_	_
3.4	629	[30]	καὶ	_	_
3.4	630	[1]	τεταρταῖος	_	_
3.4	631	[31]	καὶ	_	_
3.4	632	[1]	ἡμιτριταῖος	_	_
3.4	633	[32]	καὶ	_	_
3.4	634	[1]	πλευρῖτις	_	_
3.4	635	[33]	καὶ	_	_
3.4	636	[1]	περιπνευμονία	_	_
3.4	637	[34]	καὶ	_	_
3.4	638	[1]	φρενῖτις	_	_
3.4	639	[1]	εἴδη	_	_
3.4	640	[3]	νοσημάτων	_	_
3.4	641	[1]	εἰσίν	_	_
3.4	642	[24]	.	b	_
3.4	643	[5]	εἰ	_	_
3.4	644	[8]	δ	_	_
3.4	645	[19]	’	b	_
3.4	646	[1]	εὔηθες	_	_
3.4	647	[52]	,	b	_
3.4	648	[2]	ἢ	_	_
3.4	649	[1]	κακόηθες	_	_
3.4	650	[53]	,	b	_
3.4	651	[2]	ἐκ	_	_
3.4	652	[15]	τῶν	_	_
3.4	653	[1]	ἑπομένων	_	_
3.4	654	[1]	αὐτοῖς	_	_
3.4	655	[2]	συμπτωμάτων	_	_
3.4	656	[2]	ἡ	_	_
3.4	657	[1]	διάγνωσις	_	_
3.4	658	[54]	,	b	_
3.4	659	[2]	ἃ	_	_
3.4	660	[1]	διεξῆλθεν	_	_
3.4	661	[1]	ἅπαντα	_	_
3.4	662	[1]	σχεδὸν	_	_
3.4	663	[2]	Ἱπποκράτης	_	_
3.4	664	[11]	ἐν	_	_
3.4	665	[6]	τῷ	_	_
3.4	666	[2]	προγνωστικῷ	_	_
3.4	667	[25]	.	b	_
3.4	668	[3]	τούτοις	_	_
3.4	669	[8]	δὲ	_	_
3.4	670	[1]	συγκαταριθμεῖν	_	_
3.4	671	[5]	χρὴ	_	_
3.4	672	[35]	καὶ	_	_
3.4	673	[4]	τὰ	_	_
3.4	674	[6]	τῆς	_	_
3.4	675	[1]	ἀπεψίας	_	_
3.4	676	[13]	τε	_	_
3.4	677	[36]	καὶ	_	_
3.4	678	[7]	τῆς	_	_
3.4	679	[1]	πέψεως	_	_
3.4	680	[2]	σημεῖα	_	_
3.4	681	[26]	.	b	_
3.4	682	[1]	μέγεθος	_	_
3.4	683	[9]	δὲ	_	_
3.4	684	[37]	καὶ	_	_
3.4	685	[2]	κίνησις	_	_
3.4	686	[4]	νοσήματος	_	_
3.4	687	[1]	ἕτερα	_	_
3.4	688	[4]	τούτων	_	_
3.4	689	[1]	ἐστίν	_	_
3.4	690	[27]	.	b	_
3.4	691	[1]	βληχροὶ	_	_
3.4	692	[1]	γοῦν	_	_
3.4	693	[1]	ἐνίοτε	_	_
3.4	694	[38]	καὶ	_	_
3.4	695	[1]	μικροὶ	_	_
3.4	696	[1]	πυρετοὶ	_	_
3.4	697	[1]	κακοήθεις	_	_
3.4	698	[1]	εἰσὶ	_	_
3.4	699	[1]	σφόδρα	_	_
3.4	700	[39]	καὶ	_	_
3.4	701	[1]	ἄλλοι	_	_
3.4	702	[1]	θερμοὶ	_	_
3.4	703	[40]	καὶ	_	_
3.4	704	[1]	περικαεῖς	_	_
3.4	705	[55]	,	b	_
3.4	706	[3]	ὡς	_	_
3.4	707	[1]	ἄσην	_	_
3.4	708	[14]	τε	_	_
3.4	709	[1]	ἅμα	_	_
3.4	710	[41]	καὶ	_	_
3.4	711	[1]	καῦμα	_	_
3.4	712	[42]	καὶ	_	_
3.4	713	[1]	δίψος	_	_
3.4	714	[1]	ἀφόρητον	_	_
3.4	715	[1]	ἐπιφέρειν	_	_
3.4	716	[56]	,	b	_
3.4	717	[1]	ὅμως	_	_
3.4	718	[1]	οὐδὲν	_	_
3.4	719	[1]	ἔχουσιν	_	_
3.4	720	[2]	ἐνίοτε	_	_
3.4	721	[1]	κινδυνῶδες	_	_
3.4	722	[28]	.	b	_
3.4	723	[4]	εἴρηται	_	_
3.4	724	[10]	δὲ	_	_
3.4	725	[43]	καὶ	_	_
3.4	726	[2]	πρόσθεν	_	_
3.4	727	[4]	ὡς	_	_
3.4	728	[11]	εἴτε	_	_
3.4	729	[1]	σφοδρότητά	_	_
3.4	730	[3]	τις	_	_
3.4	731	[57]	,	b	_
3.4	732	[12]	εἴτε	_	_
3.4	733	[2]	μέγεθος	_	_
3.4	734	[1]	ὀνομάζει	_	_
3.4	735	[5]	νοσήματος	_	_
3.4	736	[58]	,	b	_
3.4	737	[3]	οὐ	_	_
3.4	738	[1]	διοίσει	_	_
3.4	739	[29]	.	b	_
3.4	740	[5]	τούτων	_	_
3.4	741	[11]	δὲ	_	_
3.4	742	[1]	ἁπάντων	_	_
3.4	743	[3]	ἡ	_	_
3.4	744	[3]	κίνησις	_	_
3.4	745	[2]	διαφέρει	_	_
3.4	746	[59]	,	b	_
3.4	747	[44]	καὶ	_	_
3.4	748	[1]	διαγινώσκεται	_	_
3.4	749	[7]	τῷ	_	_
3.4	750	[1]	χρόνῳ	_	_
3.4	751	[16]	τῶν	_	_
3.4	752	[1]	μερῶν	_	_
3.4	753	[5]	τοῦ	_	_
3.4	754	[1]	παροξυσμοῦ	_	_
3.4	755	[30]	.	b	_
3.4	756	[2]	τεττάρων	_	_
3.4	757	[9]	γὰρ	_	_
3.4	758	[12]	ἐν	_	_
3.4	759	[1]	ἑκάστῳ	_	_
3.4	760	[1]	παροξυσμῷ	_	_
3.4	761	[1]	μορίων	_	_
3.4	762	[1]	ὑπαρχόντων	_	_
3.4	763	[60]	,	b	_
3.4	764	[2]	ἀρχῆς	_	_
3.4	765	[15]	τε	_	_
3.4	766	[45]	καὶ	_	_
3.4	767	[1]	ἀναβάσεως	_	_
3.4	768	[46]	καὶ	_	_
3.4	769	[1]	ἀκμῆς	_	_
3.4	770	[47]	καὶ	_	_
3.4	771	[1]	παρακμῆς	_	_
3.4	772	[61]	,	b	_
3.4	773	[1]	ἤτοι	_	_
3.4	774	[1]	ταχέως	_	_
3.4	775	[4]	τις	_	_
3.4	776	[2]	ἅπαντα	_	_
3.4	777	[2]	ταῦτα	_	_
3.4	778	[1]	διεξέρχεται	_	_
3.4	779	[1]	πυρετὸς	_	_
3.4	780	[62]	,	b	_
3.4	781	[3]	ἢ	_	_
3.4	782	[1]	βραδέως	_	_
3.4	783	[63]	,	b	_
3.4	784	[4]	ἢ	_	_
3.4	785	[1]	τινὰ	_	_
3.4	786	[9]	μὲν	_	_
3.4	787	[3]	αὐτῶν	_	_
3.4	788	[1]	θᾶττον	_	_
3.4	789	[64]	,	b	_
3.4	790	[2]	τινὰ	_	_
3.4	791	[12]	δὲ	_	_
3.4	792	[1]	βραδύτερον	_	_
3.4	793	[31]	.	b	_
3.4	794	[6]	εἰ	_	_
3.4	795	[10]	μὲν	_	_
3.4	796	[3]	οὖν	_	_
3.4	797	[3]	ἅπαντα	_	_
3.4	798	[2]	ταχέως	_	_
3.4	799	[1]	διανύοι	_	_
3.4	800	[65]	,	b	_
3.4	801	[1]	πρόδηλον	_	_
3.4	802	[5]	ὡς	_	_
3.4	803	[7]	ἐπὶ	_	_
3.4	804	[12]	τὴν	_	_
3.4	805	[6]	κρίσιν	_	_
3.4	806	[1]	ἐπείγεται	_	_
3.4	807	[66]	,	b	_
3.4	808	[48]	καὶ	_	_
3.4	809	[1]	πάντως	_	_
3.4	810	[2]	ἐστὶ	_	_
3.4	811	[1]	διαλείπων	_	_
3.4	812	[1]	οὗτος	_	_
3.4	813	[32]	.	b	_
3.4	814	[4]	οὐ	_	_
3.4	815	[10]	γὰρ	_	_
3.4	816	[3]	ἐνδέχεται	_	_
3.4	817	[9]	τὸν	_	_
3.4	818	[3]	πάντα	_	_
3.4	819	[1]	ταχὺ	_	_
3.4	820	[1]	διεξιόντα	_	_
3.4	821	[1]	μένειν	_	_
3.4	822	[1]	ἔτι	_	_
3.4	823	[1]	συνεχῆ	_	_
3.4	824	[67]	,	b	_
3.4	825	[3]	καθάπερ	_	_
3.4	826	[2]	οὐδὲ	_	_
3.4	827	[7]	εἰ	_	_
3.4	828	[2]	μηκύνει	_	_
3.4	829	[68]	,	b	_
3.4	830	[3]	κατὰ	_	_
3.4	831	[4]	πάντα	_	_
3.4	832	[5]	τὰ	_	_
3.4	833	[1]	μόρια	_	_
3.4	834	[1]	διαλείπειν	_	_
3.4	835	[2]	ἄν	_	_
3.4	836	[2]	ἔτι	_	_
3.4	837	[1]	δύναιτο	_	_
3.4	838	[33]	.	b	_
3.4	839	[1]	δῆλον	_	_
3.4	840	[13]	δὲ	_	_
3.4	841	[6]	ὡς	_	_
3.4	842	[10]	τὸν	_	_
3.4	843	[11]	μὲν	_	_
3.4	844	[1]	εἰς	_	_
3.4	845	[1]	ἀπυρεξίαν	_	_
3.4	846	[1]	παυόμενον	_	_
3.4	847	[1]	ὀνομάζω	_	_
3.4	848	[1]	διαλείποντα	_	_
3.4	849	[69]	,	b	_
3.4	850	[6]	τοῦ	_	_
3.4	851	[14]	δὲ	_	_
3.4	852	[1]	συνεχοῦς	_	_
3.4	853	[1]	πυρετοῦ	_	_
3.4	854	[2]	πάντως	_	_
3.4	855	[12]	μὲν	_	_
3.4	856	[2]	ἕν	_	_
3.4	857	[1]	γέ	_	_
3.4	858	[1]	τι	_	_
3.4	859	[1]	μεμήκυσται	_	_
3.4	860	[1]	μόριον	_	_
3.4	861	[70]	,	b	_
3.4	862	[1]	ἔστι	_	_
3.4	863	[9]	δ	_	_
3.4	864	[20]	’	b	_
3.4	865	[1]	ὅτε	_	_
3.4	866	[49]	καὶ	_	_
3.4	867	[2]	δύο	_	_
3.4	868	[50]	καὶ	_	_
3.4	869	[1]	τρία	_	_
3.4	870	[51]	καὶ	_	_
3.4	871	[2]	σύμπαντα	_	_
3.4	872	[34]	.	b	_
3.4	873	[7]	τοῦ	_	_
3.4	874	[13]	μὲν	_	_
3.4	875	[2]	ἰδίως	_	_
3.4	876	[1]	ὀνομαζομένου	_	_
3.4	877	[2]	πυρετοῦ	_	_
3.4	878	[1]	συνόχου	_	_
3.4	879	[1]	πολυχρόνιος	_	_
3.4	880	[4]	ἡ	_	_
3.4	881	[1]	ἀκμὴ	_	_
3.4	882	[71]	,	b	_
3.4	883	[1]	μᾶλλον	_	_
3.4	884	[10]	δ	_	_
3.4	885	[21]	’	b	_
3.4	886	[2]	ἀκμὴ	_	_
3.4	887	[1]	πᾶς	_	_
3.4	888	[2]	ἐστιν	_	_
3.4	889	[3]	ὁ	_	_
3.4	890	[1]	τοιοῦτος	_	_
3.4	891	[1]	πυρετός	_	_
3.4	892	[4]	·	b	_
3.4	893	[8]	τοῦ	_	_
3.4	894	[15]	δὲ	_	_
3.4	895	[3]	μὴ	_	_
3.4	896	[2]	συνόχου	_	_
3.4	897	[14]	μὲν	_	_
3.4	898	[72]	,	b	_
3.4	899	[5]	οὐ	_	_
3.4	900	[1]	μὴν	_	_
3.4	901	[2]	εἰς	_	_
3.4	902	[2]	ἀπυρεξίαν	_	_
3.4	903	[1]	γε	_	_
3.4	904	[1]	παυομένου	_	_
3.4	905	[1]	πολυχρονιωτέρας	_	_
3.4	906	[15]	μὲν	_	_
3.4	907	[17]	τῶν	_	_
3.4	908	[2]	ἄλλων	_	_
3.4	909	[2]	μερῶν	_	_
3.4	910	[8]	τῆς	_	_
3.4	911	[2]	ἀκμῆς	_	_
3.4	912	[1]	γινομένης	_	_
3.4	913	[1]	ὀξεῖα	_	_
3.4	914	[5]	ἡ	_	_
3.4	915	[4]	κίνησις	_	_
3.4	916	[73]	,	b	_
3.4	917	[1]	ὀλιγοχρονιωτέρας	_	_
3.4	918	[16]	δὲ	_	_
3.4	919	[1]	βραδεῖα	_	_
3.4	920	[35]	.	b	_
3.4	921	[1]	διωρισμένης	_	_
3.4	922	[4]	οὖν	_	_
3.4	923	[2]	ἰδέας	_	_
3.4	924	[6]	νοσήματος	_	_
3.4	925	[52]	καὶ	_	_
3.4	926	[1]	μεγέθους	_	_
3.4	927	[53]	καὶ	_	_
3.4	928	[1]	κινήσεως	_	_
3.4	929	[54]	καὶ	_	_
3.4	930	[2]	ἤθους	_	_
3.4	931	[74]	,	b	_
3.4	932	[55]	καὶ	_	_
3.4	933	[9]	τῆς	_	_
3.4	934	[16]	μὲν	_	_
3.4	935	[3]	ἰδέας	_	_
3.4	936	[3]	ἐκ	_	_
3.4	937	[18]	τῶν	_	_
3.4	938	[1]	οἰκείων	_	_
3.4	939	[3]	συμπτωμάτων	_	_
3.4	940	[1]	γνωριζομένης	_	_
3.4	941	[75]	,	b	_
3.4	942	[9]	τοῦ	_	_
3.4	943	[17]	δὲ	_	_
3.4	944	[2]	μεγέθους	_	_
3.4	945	[4]	ἐκ	_	_
3.4	946	[10]	τοῦ	_	_
3.4	947	[4]	κατὰ	_	_
3.4	948	[3]	ταῦτα	_	_
3.4	949	[1]	πηλίκου	_	_
3.4	950	[76]	,	b	_
3.4	951	[10]	τῆς	_	_
3.4	952	[18]	δὲ	_	_
3.4	953	[2]	κινήσεως	_	_
3.4	954	[5]	ἐκ	_	_
3.4	955	[11]	τοῦ	_	_
3.4	956	[2]	χρόνου	_	_
3.4	957	[19]	τῶν	_	_
3.4	958	[12]	τοῦ	_	_
3.4	959	[2]	παροξυσμοῦ	_	_
3.4	960	[2]	μορίων	_	_
3.4	961	[77]	,	b	_
3.4	962	[13]	τοῦ	_	_
3.4	963	[19]	δὲ	_	_
3.4	964	[3]	ἤθους	_	_
3.4	965	[6]	ἐκ	_	_
3.4	966	[20]	τῶν	_	_
3.4	967	[1]	ἐπιγινομένων	_	_
3.4	968	[4]	συμπτωμάτων	_	_
3.4	969	[78]	,	b	_
3.4	970	[1]	προσλαμβανομένων	_	_
3.4	971	[20]	δὲ	_	_
3.4	972	[4]	τούτοις	_	_
3.4	973	[2]	ὥρας	_	_
3.4	974	[16]	τε	_	_
3.4	975	[56]	καὶ	_	_
3.4	976	[1]	χώρας	_	_
3.4	977	[57]	καὶ	_	_
3.4	978	[1]	φύσεως	_	_
3.4	979	[58]	καὶ	_	_
3.4	980	[21]	τῶν	_	_
3.4	981	[1]	ὁμοίων	_	_
3.4	982	[36]	.	b	_
3.4	983	[1]	ὅτι	_	_
3.4	984	[17]	μὲν	_	_
3.4	985	[1]	σωθήσεταί	_	_
3.4	986	[5]	τις	_	_
3.4	987	[79]	,	b	_
3.4	988	[5]	ἢ	_	_
3.4	989	[1]	τεθνήξεται	_	_
3.4	990	[80]	,	b	_
3.4	991	[2]	πρὸς	_	_
3.4	992	[2]	τρία	_	_
3.4	993	[4]	ταῦτα	_	_
3.4	994	[1]	ἀποβλέπων	_	_
3.4	995	[1]	ἐξευρήσεις	_	_
3.4	996	[81]	,	b	_
3.4	997	[2]	ἰδέαν	_	_
3.4	998	[82]	,	b	_
3.4	999	[1]	ἦθος	_	_
3.4	1000	[59]	καὶ	_	_
3.4	1001	[3]	μέγεθος	_	_
3.4	1002	[5]	·	b	_
3.4	1003	[2]	μάλιστα	_	_
3.4	1004	[11]	δ	_	_
3.4	1005	[22]	’	b	_
3.4	1006	[13]	ἐν	_	_
3.4	1007	[5]	τούτοις	_	_
3.4	1008	[2]	προσέχειν	_	_
3.4	1009	[8]	τῷ	_	_
3.4	1010	[1]	ἤθει	_	_
3.4	1011	[11]	τὸν	_	_
3.4	1012	[2]	νοῦν	_	_
3.4	1013	[37]	.	b	_
3.4	1014	[2]	ὅτι	_	_
3.4	1015	[21]	δὲ	_	_
3.4	1016	[1]	κριθήσεται	_	_
3.4	1017	[83]	,	b	_
3.4	1018	[6]	ἢ	_	_
3.4	1019	[4]	μὴ	_	_
3.4	1020	[84]	,	b	_
3.4	1021	[1]	πρῶτον	_	_
3.4	1022	[18]	μὲν	_	_
3.4	1023	[7]	ἐκ	_	_
3.4	1024	[11]	τῆς	_	_
3.4	1025	[1]	κινήσεώς	_	_
3.4	1026	[17]	τε	_	_
3.4	1027	[60]	καὶ	_	_
3.4	1028	[14]	τοῦ	_	_
3.4	1029	[3]	μεγέθους	_	_
3.4	1030	[85]	,	b	_
3.4	1031	[1]	ἔπειτα	_	_
3.4	1032	[12]	δ	_	_
3.4	1033	[23]	’	b	_
3.4	1034	[8]	ἐκ	_	_
3.4	1035	[12]	τῆς	_	_
3.4	1036	[4]	ἰδέας	_	_
3.4	1037	[86]	,	b	_
3.4	1038	[2]	εἶτ	_	_
3.4	1039	[24]	’	b	_
3.4	1040	[9]	ἐκ	_	_
3.4	1041	[13]	τῆς	_	_
3.4	1042	[5]	κατὰ	_	_
3.4	1043	[4]	τὰς	_	_
3.4	1044	[3]	ὥρας	_	_
3.4	1045	[18]	τε	_	_
3.4	1046	[61]	καὶ	_	_
3.4	1047	[5]	τὰς	_	_
3.4	1048	[1]	τοιαύτας	_	_
3.4	1049	[2]	συστοιχίας	_	_
3.4	1050	[38]	.	b	_
3.4	1051	[10]	ἐκ	_	_
3.4	1052	[1]	μέντοι	_	_
3.4	1053	[22]	τῶν	_	_
3.4	1054	[2]	ἐπιγινομένων	_	_
3.4	1055	[1]	οὐχ	_	_
3.4	1056	[2]	ἁπάντων	_	_
3.4	1057	[87]	,	b	_
3.4	1058	[2]	ἀλλ	_	_
3.4	1059	[25]	’	b	_
3.4	1060	[2]	ὅσα	_	_
3.4	1061	[1]	μικρῷ	_	_
3.4	1062	[3]	πρόσθεν	_	_
3.4	1063	[1]	εἶπον	_	_
3.4	1064	[88]	,	b	_
3.4	1065	[1]	ἀρχομέναις	_	_
3.4	1066	[1]	ἤδη	_	_
3.4	1067	[2]	ταῖς	_	_
3.4	1068	[1]	κρίσεσι	_	_
3.4	1069	[1]	συνεισβάλλειν	_	_
3.4	1070	[89]	,	b	_
3.4	1071	[7]	ἢ	_	_
3.4	1072	[1]	βραχύ	_	_
3.4	1073	[2]	τι	_	_
3.4	1074	[1]	φθάνειν	_	_
3.4	1075	[1]	αὐταῖς	_	_
3.4	1076	[90]	,	b	_
3.4	1077	[1]	ἅπερ	_	_
3.4	1078	[4]	δὴ	_	_
3.4	1079	[62]	καὶ	_	_
3.4	1080	[1]	κρίσιμα	_	_
3.4	1081	[3]	σημεῖα	_	_
3.4	1082	[1]	καλοῦμεν	_	_
3.4	1083	[3]	ἰδίως	_	_
3.4	1084	[39]	.	b	_
3.4	1085	[1]	τριχῇ	_	_
3.4	1086	[11]	γὰρ	_	_
3.4	1087	[23]	τῶν	_	_
3.4	1088	[3]	ἐπιγινομένων	_	_
3.4	1089	[1]	νενεμημένων	_	_
3.4	1090	[91]	,	b	_
3.4	1091	[1]	εἴς	_	_
3.4	1092	[19]	τε	_	_
3.4	1093	[6]	τὰ	_	_
3.4	1094	[1]	δηλοῦν	_	_
3.4	1095	[2]	τὸ	_	_
3.4	1096	[2]	ἦθος	_	_
3.4	1097	[1]	πεφυκότα	_	_
3.4	1098	[63]	καὶ	_	_
3.4	1099	[7]	τὰ	_	_
3.4	1100	[13]	τὴν	_	_
3.4	1101	[2]	μέλλουσαν	_	_
3.4	1102	[3]	ἔσεσθαι	_	_
3.4	1103	[7]	κρίσιν	_	_
3.4	1104	[1]	ὑπόγυον	_	_
3.4	1105	[92]	,	b	_
3.4	1106	[3]	ἔτι	_	_
3.4	1107	[20]	τε	_	_
3.4	1108	[3]	πρὸς	_	_
3.4	1109	[6]	τούτοις	_	_
3.4	1110	[3]	ὅσα	_	_
3.4	1111	[5]	μὴ	_	_
3.4	1112	[1]	μόνον	_	_
3.4	1113	[7]	ὡς	_	_
3.4	1114	[4]	σημεῖα	_	_
3.4	1115	[2]	κρίσεως	_	_
3.4	1116	[93]	,	b	_
3.4	1117	[4]	ἀλλὰ	_	_
3.4	1118	[64]	καὶ	_	_
3.4	1119	[8]	ὡς	_	_
3.4	1120	[1]	αἴτια	_	_
3.4	1121	[1]	τιθέμεθα	_	_
3.4	1122	[40]	.	b	_
3.4	1123	[3]	τὸ	_	_
3.4	1124	[19]	μὲν	_	_
3.4	1125	[2]	πρῶτον	_	_
3.4	1126	[11]	ἐκ	_	_
3.4	1127	[24]	τῶν	_	_
3.4	1128	[2]	εἰρημένων	_	_
3.4	1129	[1]	γένος	_	_
3.4	1130	[1]	ἁπλοῦν	_	_
3.4	1131	[3]	ἐστιν	_	_
3.4	1132	[41]	.	b	_
3.4	1133	[8]	τὰ	_	_
3.4	1134	[20]	μὲν	_	_
3.4	1135	[12]	γὰρ	_	_
3.4	1136	[4]	αὐτῶν	_	_
3.4	1137	[2]	ἐστι	_	_
3.4	1138	[1]	μοχθηρὰ	_	_
3.4	1139	[94]	,	b	_
3.4	1140	[9]	τὰ	_	_
3.4	1141	[22]	δὲ	_	_
3.4	1142	[1]	χρηστὰ	_	_
3.4	1143	[1]	τετύχηκεν	_	_
3.4	1144	[2]	ὄντα	_	_
3.4	1145	[6]	διὰ	_	_
3.4	1146	[1]	παντός	_	_
3.4	1147	[42]	.	b	_
3.4	1148	[4]	τὸ	_	_
3.4	1149	[23]	δὲ	_	_
3.4	1150	[1]	δεύτερόν	_	_
3.4	1151	[21]	τε	_	_
3.4	1152	[65]	καὶ	_	_
3.4	1153	[1]	τρίτον	_	_
3.4	1154	[2]	οὐκ	_	_
3.4	1155	[2]	ἀεὶ	_	_
3.4	1156	[1]	ταὐτὸν	_	_
3.4	1157	[3]	οὔτε	_	_
3.4	1158	[2]	δηλοῦν	_	_
3.4	1159	[4]	οὔτε	_	_
3.4	1160	[1]	ποιεῖν	_	_
3.4	1161	[1]	πέφυκεν	_	_
3.4	1162	[95]	,	b	_
3.4	1163	[5]	ἀλλὰ	_	_
3.4	1164	[2]	τοῖς	_	_
3.4	1165	[14]	τῆς	_	_
3.4	1166	[3]	νόσου	_	_
3.4	1167	[1]	καιροῖς	_	_
3.4	1168	[1]	ὑπαλλάττεται	_	_
3.4	1169	[43]	.	b	_
3.4	1170	[1]	λέλεκται	_	_
3.4	1171	[13]	δ	_	_
3.4	1172	[26]	’	b	_
3.4	1173	[8]	ἐπὶ	_	_
3.4	1174	[2]	πλεῖστον	_	_
3.4	1175	[2]	﻿	_	_
3.4	1176	[2]	ὑπὲρ	_	_
3.4	1177	[3]	ἁπάντων	_	_
3.4	1178	[6]	τούτων	_	_
3.4	1179	[14]	ἐν	_	_
3.4	1180	[9]	τῷ	_	_
3.4	1181	[2]	πρώτῳ	_	_
3.4	1182	[2]	γράμματι	_	_
3.4	1183	[44]	.	b	_
3.4	1184	[1]	σαφηνείας	_	_
3.4	1185	[2]	γοῦν	_	_
3.4	1186	[1]	ἕνεκα	_	_
3.4	1187	[1]	προκεχειρίσθω	_	_
3.4	1188	[6]	τις	_	_
3.4	1189	[1]	ἄῤῥωστος	_	_
3.4	1190	[15]	ἐν	_	_
3.4	1191	[1]	τῇ	_	_
3.4	1192	[1]	πρώτῃ	_	_
3.4	1193	[25]	τῶν	_	_
3.4	1194	[1]	ἡμερῶν	_	_
3.4	1195	[1]	ἐναργέστατα	_	_
3.4	1196	[1]	σωτηρίας	_	_
3.4	1197	[1]	ἔχων	_	_
3.4	1198	[5]	σημεῖα	_	_
3.4	1199	[45]	.	b	_
3.4	1200	[3]	πάντως	_	_
3.4	1201	[21]	μὲν	_	_
3.4	1202	[13]	γὰρ	_	_
3.4	1203	[1]	τούτῳ	_	_
3.4	1204	[6]	κατὰ	_	_
3.4	1205	[14]	τὴν	_	_
3.4	1206	[3]	πρώτην	_	_
3.4	1207	[3]	τετράδα	_	_
3.4	1208	[1]	λυθήσεται	_	_
3.4	1209	[5]	τὸ	_	_
3.4	1210	[1]	νόσημα	_	_
3.4	1211	[46]	.	b	_
3.4	1212	[1]	πότερον	_	_
3.4	1213	[24]	δὲ	_	_
3.4	1214	[1]	κριθὲν	_	_
3.4	1215	[96]	,	b	_
3.4	1216	[8]	ἢ	_	_
3.4	1217	[1]	λυθὲν	_	_
3.4	1218	[97]	,	b	_
3.4	1219	[1]	μεγέθει	_	_
3.4	1220	[22]	τε	_	_
3.4	1221	[66]	καὶ	_	_
3.4	1222	[1]	σμικρότητι	_	_
3.4	1223	[1]	διορίζεται	_	_
3.4	1224	[47]	.	b	_
3.4	1225	[10]	τὰ	_	_
3.4	1226	[22]	μὲν	_	_
3.4	1227	[14]	γὰρ	_	_
3.4	1228	[1]	μεγάλα	_	_
3.4	1229	[1]	κρίνεται	_	_
3.4	1230	[4]	πάντως	_	_
3.4	1231	[6]	·	b	_
3.4	1232	[4]	ὅσα	_	_
3.4	1233	[25]	δὲ	_	_
3.4	1234	[1]	σμικρὰ	_	_
3.4	1235	[98]	,	b	_
3.4	1236	[1]	λύεται	_	_
3.4	1237	[2]	μόνον	_	_
3.4	1238	[48]	.	b	_
3.4	1239	[6]	ἡ	_	_
3.4	1240	[14]	δ	_	_
3.4	1241	[27]	’	b	_
3.4	1242	[1]	ἡμέρα	_	_
3.4	1243	[15]	τῆς	_	_
3.4	1244	[3]	κρίσεως	_	_
3.4	1245	[12]	ἐκ	_	_
3.4	1246	[16]	τῆς	_	_
3.4	1247	[3]	κινήσεως	_	_
3.4	1248	[1]	εὑρεθήσεται	_	_
3.4	1249	[49]	.	b	_
3.4	1250	[3]	συνόχου	_	_
3.4	1251	[23]	μὲν	_	_
3.4	1252	[15]	γὰρ	_	_
3.4	1253	[1]	ὄντος	_	_
3.4	1254	[15]	τοῦ	_	_
3.4	1255	[3]	πυρετοῦ	_	_
3.4	1256	[67]	καὶ	_	_
3.4	1257	[1]	μηδενὸς	_	_
3.4	1258	[1]	πλημμεληθέντος	_	_
3.4	1259	[99]	,	b	_
3.4	1260	[3]	ἀεὶ	_	_
3.4	1261	[16]	γὰρ	_	_
3.4	1262	[6]	χρὴ	_	_
3.4	1263	[2]	τούτου	_	_
3.4	1264	[1]	μεμνῆσθαι	_	_
3.4	1265	[100]	,	b	_
3.4	1266	[7]	κατὰ	_	_
3.4	1267	[15]	τὴν	_	_
3.4	1268	[1]	τετάρτην	_	_
3.4	1269	[2]	ἡμέραν	_	_
3.4	1270	[1]	ἐλπίζειν	_	_
3.4	1271	[4]	ἔσεσθαι	_	_
3.4	1272	[16]	τὴν	_	_
3.4	1273	[8]	κρίσιν	_	_
3.4	1274	[50]	.	b	_
3.4	1275	[8]	εἰ	_	_
3.4	1276	[26]	δὲ	_	_
3.4	1277	[1]	συνεχὴς	_	_
3.4	1278	[2]	εἴη	_	_
3.4	1279	[101]	,	b	_
3.4	1280	[1]	τό	_	_
3.4	1281	[23]	τε	_	_
3.4	1282	[4]	μέγεθος	_	_
3.4	1283	[2]	ὁρᾷν	_	_
3.4	1284	[7]	χρὴ	_	_
3.4	1285	[68]	καὶ	_	_
3.4	1286	[17]	τὴν	_	_
3.4	1287	[1]	κίνησιν	_	_
3.4	1288	[51]	.	b	_
3.4	1289	[4]	ἐνδέχεται	_	_
3.4	1290	[17]	γὰρ	_	_
3.4	1291	[8]	κατὰ	_	_
3.4	1292	[18]	τὴν	_	_
3.4	1293	[1]	τρίτην	_	_
3.4	1294	[9]	ἢ	_	_
3.4	1295	[1]	πέμπτην	_	_
3.4	1296	[3]	ἡμέραν	_	_
3.4	1297	[1]	γενέσθαι	_	_
3.4	1298	[19]	τὴν	_	_
3.4	1299	[9]	κρίσιν	_	_
3.4	1300	[102]	,	b	_
3.4	1301	[9]	κατὰ	_	_
3.4	1302	[24]	μὲν	_	_
3.4	1303	[20]	τὴν	_	_
3.4	1304	[2]	τρίτην	_	_
3.4	1305	[1]	μεγάλου	_	_
3.4	1306	[24]	τε	_	_
3.4	1307	[16]	τοῦ	_	_
3.4	1308	[7]	νοσήματος	_	_
3.4	1309	[2]	ὄντος	_	_
3.4	1310	[69]	καὶ	_	_
3.4	1311	[3]	ταχέως	_	_
3.4	1312	[1]	κινουμένου	_	_
3.4	1313	[103]	,	b	_
3.4	1314	[10]	κατὰ	_	_
3.4	1315	[27]	δὲ	_	_
3.4	1316	[21]	τὴν	_	_
3.4	1317	[2]	πέμπτην	_	_
3.4	1318	[104]	,	b	_
3.4	1319	[9]	εἰ	_	_
3.4	1320	[6]	μὴ	_	_
3.4	1321	[1]	πάνυ	_	_
3.4	1322	[1]	μέγα	_	_
3.4	1323	[1]	μηδὲ	_	_
3.4	1324	[4]	ταχέως	_	_
3.4	1325	[1]	κινοῖτο	_	_
3.4	1326	[52]	.	b	_
3.4	1327	[8]	χρὴ	_	_
3.4	1328	[18]	γὰρ	_	_
3.4	1329	[22]	τὴν	_	_
3.4	1330	[10]	κρίσιν	_	_
3.4	1331	[1]	συνδραμεῖν	_	_
3.4	1332	[10]	τῷ	_	_
3.4	1333	[2]	παροξυσμῷ	_	_
3.4	1334	[105]	,	b	_
3.4	1335	[70]	καὶ	_	_
3.4	1336	[1]	οὕτω	_	_
3.4	1337	[1]	σπάνιόν	_	_
3.4	1338	[3]	ἐστι	_	_
3.4	1339	[6]	τὸ	_	_
3.4	1340	[11]	κατὰ	_	_
3.4	1341	[23]	τὴν	_	_
3.4	1342	[2]	τετάρτην	_	_
3.4	1343	[1]	κριθῆναι	_	_
3.4	1344	[1]	ὥστε	_	_
3.4	1345	[1]	Ἀρχιγένης	_	_
3.4	1346	[25]	μὲν	_	_
3.4	1347	[1]	δὶς	_	_
3.4	1348	[1]	ἔοικεν	_	_
3.4	1349	[1]	αὐτὸ	_	_
3.4	1350	[2]	παρ	_	_
3.4	1351	[28]	’	b	_
3.4	1352	[1]	ὅλον	_	_
3.4	1353	[1]	αὐτοῦ	_	_
3.4	1354	[12]	τὸν	_	_
3.4	1355	[1]	βίον	_	_
3.4	1356	[1]	ἑωρακέναι	_	_
3.4	1357	[106]	,	b	_
3.4	1358	[1]	ἐγὼ	_	_
3.4	1359	[28]	δὲ	_	_
3.4	1360	[1]	μέχρι	_	_
3.4	1361	[17]	τοῦ	_	_
3.4	1362	[1]	νῦν	_	_
3.4	1363	[1]	ἅπαξ	_	_
3.4	1364	[53]	.	b	_
3.4	1365	[71]	καὶ	_	_
3.4	1366	[1]	τοῦτο	_	_
3.4	1367	[1]	αἴτιόν	_	_
3.4	1368	[4]	ἐστιν	_	_
3.4	1369	[107]	,	b	_
3.4	1370	[9]	ὡς	_	_
3.4	1371	[1]	κᾀν	_	_
3.4	1372	[3]	τοῖς	_	_
3.4	1373	[2]	περὶ	_	_
3.4	1374	[2]	κρισίμων	_	_
3.4	1375	[2]	ἡμερῶν	_	_
3.4	1376	[5]	εἴρηται	_	_
3.4	1377	[108]	,	b	_
3.4	1378	[18]	τοῦ	_	_
3.4	1379	[24]	τὴν	_	_
3.4	1380	[11]	κρίσιν	_	_
3.4	1381	[1]	πολλάκις	_	_
3.4	1382	[13]	ἐκ	_	_
3.4	1383	[17]	τῆς	_	_
3.4	1384	[2]	τετάρτης	_	_
3.4	1385	[3]	εἰς	_	_
3.4	1386	[25]	τὴν	_	_
3.4	1387	[3]	τρίτην	_	_
3.4	1388	[25]	τε	_	_
3.4	1389	[72]	καὶ	_	_
3.4	1390	[4]	εἰς	_	_
3.4	1391	[26]	τὴν	_	_
3.4	1392	[3]	πέμπτην	_	_
3.4	1393	[1]	μεθίστασθαι	_	_
3.4	1394	[54]	.	b	_
3.4	1395	[7]	τὸ	_	_
3.4	1396	[26]	μὲν	_	_
3.4	1397	[19]	γὰρ	_	_
3.4	1398	[1]	οὕτως	_	_
3.4	1399	[5]	ταχέως	_	_
3.4	1400	[1]	κρινόμενον	_	_
3.4	1401	[2]	νόσημα	_	_
3.4	1402	[5]	πάντως	_	_
3.4	1403	[1]	κάτοξυ	_	_
3.4	1404	[7]	·	b	_
3.4	1405	[4]	τοῖς	_	_
3.4	1406	[1]	κατόξεσι	_	_
3.4	1407	[29]	δὲ	_	_
3.4	1408	[1]	πᾶσιν	_	_
3.4	1409	[2]	ἤτοι	_	_
3.4	1410	[1]	συνόχους	_	_
3.4	1411	[1]	ἔχειν	_	_
3.4	1412	[6]	πάντως	_	_
3.4	1413	[1]	ἀνάγκη	_	_
3.4	1414	[4]	τοὺς	_	_
3.4	1415	[2]	πυρετοὺς	_	_
3.4	1416	[109]	,	b	_
3.4	1417	[10]	ἢ	_	_
3.4	1418	[1]	συνεχεῖς	_	_
3.4	1419	[27]	μὲν	_	_
3.4	1420	[110]	,	b	_
3.4	1421	[6]	ἀλλὰ	_	_
3.4	1422	[7]	διὰ	_	_
3.4	1423	[3]	τρίτης	_	_
3.4	1424	[1]	παροξυνομένους	_	_
3.4	1425	[55]	.	b	_
3.4	1426	[1]	οἱ	_	_
3.4	1427	[28]	μὲν	_	_
3.4	1428	[5]	δὴ	_	_
3.4	1429	[1]	σύνοχοι	_	_
3.4	1430	[1]	σπανιώτεροί	_	_
3.4	1431	[1]	τέ	_	_
3.4	1432	[1]	εἰσι	_	_
3.4	1433	[73]	καὶ	_	_
3.4	1434	[2]	μηδενὸς	_	_
3.4	1435	[2]	πλημμεληθέντος	_	_
3.4	1436	[16]	ἐν	_	_
3.4	1437	[2]	τῇ	_	_
3.4	1438	[1]	τετάρτῃ	_	_
3.4	1439	[1]	κρίνονται	_	_
3.4	1440	[111]	,	b	_
3.4	1441	[18]	τῆς	_	_
3.4	1442	[2]	φύσεως	_	_
3.4	1443	[3]	ταῖς	_	_
3.4	1444	[1]	οἰκείαις	_	_
3.4	1445	[1]	περιόδοις	_	_
3.4	1446	[9]	ἐπὶ	_	_
3.4	1447	[27]	τὴν	_	_
3.4	1448	[12]	κρίσιν	_	_
3.4	1449	[1]	ἀφικνουμένης	_	_
3.4	1450	[56]	.	b	_
3.4	1451	[2]	ἔστι	_	_
3.4	1452	[30]	δὲ	_	_
3.4	1453	[74]	καὶ	_	_
3.4	1454	[2]	αὐτὸ	_	_
3.4	1455	[2]	τοῦτο	_	_
3.4	1456	[8]	τὸ	_	_
3.4	1457	[1]	μηδὲν	_	_
3.4	1458	[1]	πλημμεληθῆναι	_	_
3.4	1459	[1]	σπάνιον	_	_
3.4	1460	[57]	.	b	_
3.4	1461	[2]	οἱ	_	_
3.4	1462	[31]	δὲ	_	_
3.4	1463	[2]	συνεχεῖς	_	_
3.4	1464	[17]	ἐν	_	_
3.4	1465	[5]	τοῖς	_	_
3.4	1466	[1]	παροξυσμοῖς	_	_
3.4	1467	[1]	κρινόμενοι	_	_
3.4	1468	[3]	τῇ	_	_
3.4	1469	[1]	τρίτῃ	_	_
3.4	1470	[26]	τῶν	_	_
3.4	1471	[3]	ἡμερῶν	_	_
3.4	1472	[1]	εὐλόγως	_	_
3.4	1473	[112]	,	b	_
3.4	1474	[11]	ἢ	_	_
3.4	1475	[4]	τῇ	_	_
3.4	1476	[1]	πέμπτῃ	_	_
3.4	1477	[1]	λύονται	_	_
3.4	1478	[58]	.	b	_
3.4	1479	[10]	εἰ	_	_
3.4	1480	[20]	γὰρ	_	_
3.4	1481	[75]	καὶ	_	_
3.4	1482	[5]	τῇ	_	_
3.4	1483	[2]	τετάρτῃ	_	_
3.4	1484	[1]	κριθεῖέν	_	_
3.4	1485	[2]	ποτε	_	_
3.4	1486	[113]	,	b	_
3.4	1487	[11]	τῷ	_	_
3.4	1488	[3]	λόγῳ	_	_
3.4	1489	[19]	τοῦ	_	_
3.4	1490	[12]	κατὰ	_	_
3.4	1491	[28]	τὴν	_	_
3.4	1492	[4]	τρίτην	_	_
3.4	1493	[4]	ἡμέραν	_	_
3.4	1494	[3]	παροξυσμοῦ	_	_
3.4	1495	[3]	τοῦτο	_	_
3.4	1496	[1]	πάσχουσιν	_	_
3.4	1497	[59]	.	b	_
3.4	1498	[4]	ὁ	_	_
3.4	1499	[21]	γὰρ	_	_
3.4	1500	[3]	περὶ	_	_
3.4	1501	[29]	τὴν	_	_
3.4	1502	[1]	ἑνδεκάτην	_	_
3.4	1503	[3]	ὥραν	_	_
3.4	1504	[114]	,	b	_
3.4	1505	[11]	εἰ	_	_
3.4	1506	[1]	τύχοι	_	_
3.4	1507	[115]	,	b	_
3.4	1508	[19]	τῆς	_	_
3.4	1509	[4]	τρίτης	_	_
3.4	1510	[2]	ἡμέρας	_	_
3.4	1511	[1]	εἰσβαλὼν	_	_
3.4	1512	[1]	παροξυσμὸς	_	_
3.4	1513	[116]	,	b	_
3.4	1514	[3]	ἤτοι	_	_
3.4	1515	[8]	διὰ	_	_
3.4	1516	[5]	τρίτης	_	_
3.4	1517	[1]	νυκτὸς	_	_
3.4	1518	[117]	,	b	_
3.4	1519	[12]	ἢ	_	_
3.4	1520	[9]	διὰ	_	_
3.4	1521	[3]	τετάρτης	_	_
3.4	1522	[3]	ἡμέρας	_	_
3.4	1523	[1]	ἐπιφέρει	_	_
3.4	1524	[30]	τὴν	_	_
3.4	1525	[13]	κρίσιν	_	_
3.4	1526	[60]	.	b	_
3.4	1527	[1]	ὅταν	_	_
3.4	1528	[5]	οὖν	_	_
3.4	1529	[18]	ἐν	_	_
3.4	1530	[6]	τῇ	_	_
3.4	1531	[2]	πρώτῃ	_	_
3.4	1532	[27]	τῶν	_	_
3.4	1533	[4]	ἡμερῶν	_	_
3.4	1534	[118]	,	b	_
3.4	1535	[1]	αὖθις	_	_
3.4	1536	[22]	γὰρ	_	_
3.4	1537	[1]	ῥητέον	_	_
3.4	1538	[1]	ταὐτὰ	_	_
3.4	1539	[119]	,	b	_
3.4	1540	[1]	θεασάμενός	_	_
3.4	1541	[3]	τι	_	_
3.4	1542	[2]	πέψεως	_	_
3.4	1543	[1]	ἐναργὲς	_	_
3.4	1544	[1]	γνώρισμα	_	_
3.4	1545	[120]	,	b	_
3.4	1546	[1]	πάντων	_	_
3.4	1547	[32]	δὲ	_	_
3.4	1548	[1]	δηλονότι	_	_
3.4	1549	[28]	τῶν	_	_
3.4	1550	[3]	ἄλλων	_	_
3.4	1551	[5]	σημείων	_	_
3.4	1552	[1]	ἀκινδύνων	_	_
3.4	1553	[2]	ὑπαρχόντων	_	_
3.4	1554	[121]	,	b	_
3.4	1555	[1]	εἰδείης	_	_
3.4	1556	[29]	μὲν	_	_
3.4	1557	[2]	ἤδη	_	_
3.4	1558	[2]	βεβαίως	_	_
3.4	1559	[3]	ὅτι	_	_
3.4	1560	[4]	περὶ	_	_
3.4	1561	[31]	τὴν	_	_
3.4	1562	[4]	πρώτην	_	_
3.4	1563	[4]	τετράδα	_	_
3.4	1564	[32]	τὴν	_	_
3.4	1565	[1]	λύσιν	_	_
3.4	1566	[2]	ἀνάγκη	_	_
3.4	1567	[2]	γενέσθαι	_	_
3.4	1568	[12]	τῷ	_	_
3.4	1569	[1]	νοσήματι	_	_
3.4	1570	[122]	,	b	_
3.4	1571	[1]	θεασάμενος	_	_
3.4	1572	[33]	δὲ	_	_
3.4	1573	[9]	τὸ	_	_
3.4	1574	[5]	μέγεθος	_	_
3.4	1575	[2]	αὐτοῦ	_	_
3.4	1576	[1]	προσεπιμάθοις	_	_
3.4	1577	[4]	ὅτι	_	_
3.4	1578	[76]	καὶ	_	_
3.4	1579	[3]	μετὰ	_	_
3.4	1580	[4]	κρίσεως	_	_
3.4	1581	[61]	.	b	_
3.4	1582	[14]	ἐκ	_	_
3.4	1583	[3]	γοῦν	_	_
3.4	1584	[20]	τῆς	_	_
3.4	1585	[4]	κινήσεως	_	_
3.4	1586	[1]	χρή	_	_
3.4	1587	[2]	σε	_	_
3.4	1588	[20]	τοῦ	_	_
3.4	1589	[8]	νοσήματος	_	_
3.4	1590	[13]	ἢ	_	_
3.4	1591	[33]	τὴν	_	_
3.4	1592	[5]	τρίτην	_	_
3.4	1593	[123]	,	b	_
3.4	1594	[14]	ἢ	_	_
3.4	1595	[34]	τὴν	_	_
3.4	1596	[3]	τετάρτην	_	_
3.4	1597	[15]	ἢ	_	_
3.4	1598	[35]	τὴν	_	_
3.4	1599	[4]	πέμπτην	_	_
3.4	1600	[2]	ἐλπίζειν	_	_
3.4	1601	[8]	·	b	_
3.4	1602	[12]	εἰ	_	_
3.4	1603	[30]	μὲν	_	_
3.4	1604	[2]	πάνυ	_	_
3.4	1605	[6]	ταχέως	_	_
3.4	1606	[2]	κινοῖτο	_	_
3.4	1607	[124]	,	b	_
3.4	1608	[36]	τὴν	_	_
3.4	1609	[6]	τρίτην	_	_
3.4	1610	[125]	,	b	_
3.4	1611	[13]	εἰ	_	_
3.4	1612	[34]	δὲ	_	_
3.4	1613	[1]	βραδύτερόν	_	_
3.4	1614	[1]	πως	_	_
3.4	1615	[126]	,	b	_
3.4	1616	[37]	τὴν	_	_
3.4	1617	[5]	πέμπτην	_	_
3.4	1618	[127]	,	b	_
3.4	1619	[14]	εἰ	_	_
3.4	1620	[35]	δὲ	_	_
3.4	1621	[1]	σύνοχος	_	_
3.4	1622	[5]	ὁ	_	_
3.4	1623	[2]	πυρετὸς	_	_
3.4	1624	[3]	εἴη	_	_
3.4	1625	[128]	,	b	_
3.4	1626	[38]	τὴν	_	_
3.4	1627	[4]	τετάρτην	_	_
3.4	1628	[62]	.	b	_
3.4	1629	[1]	συνεπιλαμβάνεται	_	_
3.4	1630	[36]	δὲ	_	_
3.4	1631	[13]	τῷ	_	_
3.4	1632	[31]	μὲν	_	_
3.4	1633	[2]	τάχει	_	_
3.4	1634	[21]	τῆς	_	_
3.4	1635	[5]	κινήσεως	_	_
3.4	1636	[2]	τό	_	_
3.4	1637	[26]	τε	_	_
3.4	1638	[6]	μέγεθος	_	_
3.4	1639	[21]	τοῦ	_	_
3.4	1640	[9]	νοσήματος	_	_
3.4	1641	[77]	καὶ	_	_
3.4	1642	[7]	ἡ	_	_
3.4	1643	[1]	ὥρα	_	_
3.4	1644	[22]	τοῦ	_	_
3.4	1645	[2]	ἔτους	_	_
3.4	1646	[78]	καὶ	_	_
3.4	1647	[8]	ἡ	_	_
3.4	1648	[1]	ἡλικία	_	_
3.4	1649	[79]	καὶ	_	_
3.4	1650	[9]	ἡ	_	_
3.4	1651	[1]	χώρα	_	_
3.4	1652	[80]	καὶ	_	_
3.4	1653	[11]	τὰ	_	_
3.4	1654	[2]	ἄλλα	_	_
3.4	1655	[5]	ὅσα	_	_
3.4	1656	[2]	πολλάκις	_	_
3.4	1657	[6]	εἴρηται	_	_
3.4	1658	[1]	πικρόχολα	_	_
3.4	1659	[39]	τὴν	_	_
3.4	1660	[2]	φύσιν	_	_
3.4	1661	[1]	ὑπάρχειν	_	_
3.4	1662	[129]	,	b	_
3.4	1663	[7]	τῇ	_	_
3.4	1664	[37]	δὲ	_	_
3.4	1665	[1]	βραδύτητι	_	_
3.4	1666	[1]	τἀναντία	_	_
3.4	1667	[63]	.	b	_
3.4	1668	[1]	θέρους	_	_
3.4	1669	[32]	μὲν	_	_
3.4	1670	[23]	γὰρ	_	_
3.4	1671	[1]	νεανίσκος	_	_
3.4	1672	[1]	φύσει	_	_
3.4	1673	[1]	θερμότερος	_	_
3.4	1674	[4]	ἐξ	_	_
3.4	1675	[1]	ἐνδείας	_	_
3.4	1676	[81]	καὶ	_	_
3.4	1677	[1]	πόνου	_	_
3.4	1678	[1]	ἐδεσμάτων	_	_
3.4	1679	[27]	τε	_	_
3.4	1680	[82]	καὶ	_	_
3.4	1681	[1]	ποτῶν	_	_
3.4	1682	[1]	χολωδῶν	_	_
3.4	1683	[1]	συνεπιλήψεται	_	_
3.4	1684	[8]	τῇ	_	_
3.4	1685	[2]	τρίτῃ	_	_
3.4	1686	[1]	κρίσει	_	_
3.4	1687	[130]	,	b	_
3.4	1688	[83]	καὶ	_	_
3.4	1689	[2]	μᾶλλον	_	_
3.4	1690	[15]	εἰ	_	_
3.4	1691	[1]	αὐχμώδης	_	_
3.4	1692	[1]	ἱκανῶς	_	_
3.4	1693	[1]	ἥ	_	_
3.4	1694	[28]	τε	_	_
3.4	1695	[1]	προγεγενημένη	_	_
3.4	1696	[2]	κατάστασις	_	_
3.4	1697	[4]	εἴη	_	_
3.4	1698	[84]	καὶ	_	_
3.4	1699	[10]	ἡ	_	_
3.4	1700	[2]	νῦν	_	_
3.4	1701	[1]	ἐνεστῶσα	_	_
3.4	1702	[85]	καὶ	_	_
3.4	1703	[10]	τὸ	_	_
3.4	1704	[1]	χωρίον	_	_
3.4	1705	[19]	ἐν	_	_
3.4	1706	[1]	ᾧ	_	_
3.4	1707	[1]	νοσεῖ	_	_
3.4	1708	[2]	φύσει	_	_
3.4	1709	[1]	θερμόν	_	_
3.4	1710	[64]	.	b	_
3.4	1711	[16]	εἰ	_	_
3.4	1712	[38]	δὲ	_	_
3.4	1713	[86]	καὶ	_	_
3.4	1714	[1]	τριταῖαι	_	_
3.4	1715	[1]	κρίσεις	_	_
3.4	1716	[1]	ἐπιδεδημηκυῖαι	_	_
3.4	1717	[1]	τηνικαῦτα	_	_
3.4	1718	[1]	εἶεν	_	_
3.4	1719	[131]	,	b	_
3.4	1720	[3]	ἐστὶ	_	_
3.4	1721	[1]	βεβαιότερος	_	_
3.4	1722	[6]	ὁ	_	_
3.4	1723	[1]	στοχασμός	_	_
3.4	1724	[65]	.	b	_
3.4	1725	[17]	εἰ	_	_
3.4	1726	[2]	μέντοι	_	_
3.4	1727	[2]	τἀναντία	_	_
3.4	1728	[5]	πάντα	_	_
3.4	1729	[1]	συνέλθοι	_	_
3.4	1730	[132]	,	b	_
3.4	1731	[1]	βραδυτέρα	_	_
3.4	1732	[33]	μὲν	_	_
3.4	1733	[11]	ἡ	_	_
3.4	1734	[5]	κίνησις	_	_
3.4	1735	[23]	τοῦ	_	_
3.4	1736	[10]	νοσήματος	_	_
3.4	1737	[133]	,	b	_
3.4	1738	[6]	οὐ	_	_
3.4	1739	[3]	πάνυ	_	_
3.4	1740	[1]	δέ	_	_
3.4	1741	[4]	τι	_	_
3.4	1742	[11]	τὸ	_	_
3.4	1743	[7]	μέγεθος	_	_
3.4	1744	[1]	ἀξιόλογον	_	_
3.4	1745	[134]	,	b	_
3.4	1746	[12]	ἡ	_	_
3.4	1747	[39]	δὲ	_	_
3.4	1748	[2]	ὥρα	_	_
3.4	1749	[1]	χειμὼν	_	_
3.4	1750	[135]	,	b	_
3.4	1751	[7]	ὁ	_	_
3.4	1752	[40]	δὲ	_	_
3.4	1753	[1]	νοσῶν	_	_
3.4	1754	[4]	ἤτοι	_	_
3.4	1755	[3]	φύσει	_	_
3.4	1756	[1]	φλεγματωδέστερος	_	_
3.4	1757	[136]	,	b	_
3.4	1758	[16]	ἢ	_	_
3.4	1759	[1]	παρακμάζων	_	_
3.4	1760	[137]	,	b	_
3.4	1761	[5]	εἰς	_	_
3.4	1762	[13]	τὸν	_	_
3.4	1763	[22]	τῆς	_	_
3.4	1764	[1]	πέμπτης	_	_
3.4	1765	[4]	ἡμέρας	_	_
3.4	1766	[1]	παροξυσμὸν	_	_
3.4	1767	[3]	ἐλπίζειν	_	_
3.4	1768	[1]	ἀφίξεσθαι	_	_
3.4	1769	[40]	τὴν	_	_
3.4	1770	[14]	κρίσιν	_	_
3.4	1771	[138]	,	b	_
3.4	1772	[4]	ἔτι	_	_
3.4	1773	[41]	δὲ	_	_
3.4	1774	[3]	μᾶλλον	_	_
3.4	1775	[139]	,	b	_
3.4	1776	[18]	εἰ	_	_
3.4	1777	[87]	καὶ	_	_
3.4	1778	[12]	τὸ	_	_
3.4	1779	[2]	χωρίον	_	_
3.4	1780	[1]	ὑγρὸν	_	_
3.4	1781	[5]	εἴη	_	_
3.4	1782	[88]	καὶ	_	_
3.4	1783	[1]	ψυχρὸν	_	_
3.4	1784	[140]	,	b	_
3.4	1785	[2]	ἥ	_	_
3.4	1786	[29]	τε	_	_
3.4	1787	[1]	παροῦσα	_	_
3.4	1788	[3]	κατάστασις	_	_
3.4	1789	[1]	ὁμοία	_	_
3.4	1790	[89]	καὶ	_	_
3.4	1791	[5]	αἱ	_	_
3.4	1792	[2]	κρίσεις	_	_
3.4	1793	[2]	ἐπιδεδημηκυῖαι	_	_
3.4	1794	[1]	πεμπταῖαι	_	_
3.4	1795	[141]	,	b	_
3.4	1796	[90]	καὶ	_	_
3.4	1797	[1]	τἄλλα	_	_
3.4	1798	[42]	δὲ	_	_
3.4	1799	[12]	τὰ	_	_
3.4	1800	[7]	τούτοις	_	_
3.4	1801	[1]	ἀνάλογα	_	_
3.4	1802	[142]	,	b	_
3.4	1803	[1]	ἀργία	_	_
3.4	1804	[30]	τε	_	_
3.4	1805	[91]	καὶ	_	_
3.4	1806	[1]	πλησμονὴ	_	_
3.4	1807	[143]	,	b	_
3.4	1808	[92]	καὶ	_	_
3.4	1809	[1]	φλεγματώδη	_	_
3.4	1810	[13]	τὰ	_	_
3.4	1811	[1]	προεδηδεσμένα	_	_
3.4	1812	[1]	σιτία	_	_
3.4	1813	[2]	χρόνῳ	_	_
3.4	1814	[1]	πλείονι	_	_
3.4	1815	[66]	.	b	_
3.4	1816	[1]	πάλιν	_	_
3.4	1817	[6]	οὖν	_	_
3.4	1818	[1]	ἕτερος	_	_
3.4	1819	[2]	ἄῤῥωστος	_	_
3.4	1820	[1]	ὑποκείσθω	_	_
3.4	1821	[144]	,	b	_
3.4	1822	[1]	μήπω	_	_
3.4	1823	[34]	μὲν	_	_
3.4	1824	[2]	μηδὲν	_	_
3.4	1825	[2]	ἔχων	_	_
3.4	1826	[2]	ἐναργὲς	_	_
3.4	1827	[3]	πέψεως	_	_
3.4	1828	[1]	σημεῖον	_	_
3.4	1829	[1]	μήτ	_	_
3.4	1830	[29]	’	b	_
3.4	1831	[20]	ἐν	_	_
3.4	1832	[9]	τῇ	_	_
3.4	1833	[3]	πρώτῃ	_	_
3.4	1834	[29]	τῶν	_	_
3.4	1835	[5]	ἡμερῶν	_	_
3.4	1836	[2]	μήτ	_	_
3.4	1837	[30]	’	b	_
3.4	1838	[21]	ἐν	_	_
3.4	1839	[10]	τῇ	_	_
3.4	1840	[1]	δευτέρᾳ	_	_
3.4	1841	[145]	,	b	_
3.4	1842	[7]	μὴ	_	_
3.4	1843	[3]	μέντοι	_	_
3.4	1844	[2]	κινδυνῶδες	_	_
3.4	1845	[146]	,	b	_
3.4	1846	[7]	ἀλλὰ	_	_
3.4	1847	[1]	παντοίως	_	_
3.4	1848	[2]	ἀκίνδυνα	_	_
3.4	1849	[7]	πάντως	_	_
3.4	1850	[67]	.	b	_
3.4	1851	[1]	σωθήσεται	_	_
3.4	1852	[35]	μὲν	_	_
3.4	1853	[2]	δηλονότι	_	_
3.4	1854	[93]	καὶ	_	_
3.4	1855	[2]	οὗτος	_	_
3.4	1856	[147]	,	b	_
3.4	1857	[3]	ἀλλ	_	_
3.4	1858	[31]	’	b	_
3.4	1859	[3]	οὐκ	_	_
3.4	1860	[22]	ἐν	_	_
3.4	1861	[11]	τῇ	_	_
3.4	1862	[4]	πρώτῃ	_	_
3.4	1863	[1]	τετράδι	_	_
3.4	1864	[2]	τελέως	_	_
3.4	1865	[1]	ἀπαλλαγήσεται	_	_
3.4	1866	[68]	.	b	_
3.4	1867	[3]	προσέχειν	_	_
3.4	1868	[7]	οὖν	_	_
3.4	1869	[1]	αὖ	_	_
3.4	1870	[1]	δεῖ	_	_
3.4	1871	[3]	σε	_	_
3.4	1872	[14]	τὸν	_	_
3.4	1873	[3]	νοῦν	_	_
3.4	1874	[1]	ἐπιμελῶς	_	_
3.4	1875	[148]	,	b	_
3.4	1876	[1]	εἴ	_	_
3.4	1877	[5]	τι	_	_
3.4	1878	[4]	πέψεως	_	_
3.4	1879	[1]	ἐναργοῦς	_	_
3.4	1880	[1]	ἐπιδείξει	_	_
3.4	1881	[2]	σημεῖον	_	_
3.4	1882	[69]	.	b	_
3.4	1883	[19]	εἰ	_	_
3.4	1884	[24]	γὰρ	_	_
3.4	1885	[4]	τοῦτο	_	_
3.4	1886	[1]	γένοιτο	_	_
3.4	1887	[149]	,	b	_
3.4	1888	[13]	κατὰ	_	_
3.4	1889	[41]	τὴν	_	_
3.4	1890	[1]	ἑβδόμην	_	_
3.4	1891	[5]	ἡμέραν	_	_
3.4	1892	[3]	ἀνάγκη	_	_
3.4	1893	[2]	λυθῆναι	_	_
3.4	1894	[13]	τὸ	_	_
3.4	1895	[3]	νόσημα	_	_
3.4	1896	[150]	,	b	_
3.4	1897	[3]	μηδενὸς	_	_
3.4	1898	[23]	ἐν	_	_
3.4	1899	[14]	τῷ	_	_
3.4	1900	[1]	μεταξὺ	_	_
3.4	1901	[3]	πλημμεληθέντος	_	_
3.4	1902	[70]	.	b	_
3.4	1903	[20]	εἰ	_	_
3.4	1904	[43]	δὲ	_	_
3.4	1905	[4]	μετὰ	_	_
3.4	1906	[5]	κρίσεως	_	_
3.4	1907	[151]	,	b	_
3.4	1908	[17]	ἢ	_	_
3.4	1909	[8]	μὴ	_	_
3.4	1910	[152]	,	b	_
3.4	1911	[15]	τῷ	_	_
3.4	1912	[2]	μεγέθει	_	_
3.4	1913	[24]	τοῦ	_	_
3.4	1914	[11]	νοσήματος	_	_
3.4	1915	[1]	διορίζεσθαι	_	_
3.4	1916	[71]	.	b	_
3.4	1917	[2]	πρόδηλον	_	_
3.4	1918	[25]	γὰρ	_	_
3.4	1919	[10]	ὡς	_	_
3.4	1920	[1]	περ	_	_
3.4	1921	[2]	μέγα	_	_
3.4	1922	[153]	,	b	_
3.4	1923	[8]	πάντως	_	_
3.4	1924	[5]	μετὰ	_	_
3.4	1925	[6]	κρίσεως	_	_
3.4	1926	[9]	·	b	_
3.4	1927	[21]	εἰ	_	_
3.4	1928	[44]	δὲ	_	_
3.4	1929	[94]	καὶ	_	_
3.4	1930	[1]	κινούμενον	_	_
3.4	1931	[1]	ὀξέως	_	_
3.4	1932	[154]	,	b	_
3.4	1933	[5]	ἔτι	_	_
3.4	1934	[6]	δὴ	_	_
3.4	1935	[95]	καὶ	_	_
3.4	1936	[4]	μᾶλλον	_	_
3.4	1937	[155]	,	b	_
3.4	1938	[2]	ὥστε	_	_
3.4	1939	[2]	κᾂν	_	_
3.4	1940	[1]	ἁμαρτηθῇ	_	_
3.4	1941	[6]	τι	_	_
3.4	1942	[9]	μὴ	_	_
3.4	1943	[4]	πάνυ	_	_
3.4	1944	[3]	μέγα	_	_
3.4	1945	[5]	περὶ	_	_
3.4	1946	[15]	τὸν	_	_
3.4	1947	[1]	κάμνοντα	_	_
3.4	1948	[156]	,	b	_
3.4	1949	[9]	πάντως	_	_
3.4	1950	[6]	μετὰ	_	_
3.4	1951	[7]	κρίσεως	_	_
3.4	1952	[157]	,	b	_
3.4	1953	[96]	καὶ	_	_
3.4	1954	[2]	οὕτως	_	_
3.4	1955	[4]	ἐλπίζειν	_	_
3.4	1956	[1]	ἑβδομαίαν	_	_
3.4	1957	[1]	ἀπαντήσεσθαι	_	_
3.4	1958	[15]	κρίσιν	_	_
3.4	1959	[72]	.	b	_
3.4	1960	[22]	εἰ	_	_
3.4	1961	[4]	μέντοι	_	_
3.4	1962	[10]	μὴ	_	_
3.4	1963	[5]	πάνυ	_	_
3.4	1964	[7]	ταχέως	_	_
3.4	1965	[3]	κινοῖτο	_	_
3.4	1966	[158]	,	b	_
3.4	1967	[1]	πλημμεληθείη	_	_
3.4	1968	[2]	δέ	_	_
3.4	1969	[7]	τι	_	_
3.4	1970	[2]	μεταξὺ	_	_
3.4	1971	[6]	περὶ	_	_
3.4	1972	[16]	τὸν	_	_
3.4	1973	[2]	ἄνθρωπον	_	_
3.4	1974	[159]	,	b	_
3.4	1975	[6]	εἰς	_	_
3.4	1976	[42]	τὴν	_	_
3.4	1977	[1]	ἐννάτην	_	_
3.4	1978	[6]	ἡμέραν	_	_
3.4	1979	[13]	ἡ	_	_
3.4	1980	[3]	κρίσις	_	_
3.4	1981	[1]	μεταπίπτειν	_	_
3.4	1982	[1]	ὀφείλει	_	_
3.4	1983	[73]	.	b	_
3.4	1984	[2]	πάλιν	_	_
3.4	1985	[8]	οὖν	_	_
3.4	1986	[2]	ἕτερος	_	_
3.4	1987	[3]	ἄῤῥωστος	_	_
3.4	1988	[2]	ὑποκείσθω	_	_
3.4	1989	[30]	τῶν	_	_
3.4	1990	[1]	ἀκινδύνως	_	_
3.4	1991	[1]	ἐχόντων	_	_
3.4	1992	[10]	ἐπὶ	_	_
3.4	1993	[23]	τῆς	_	_
3.4	1994	[2]	ἑβδόμης	_	_
3.4	1995	[5]	ἡμέρας	_	_
3.4	1996	[3]	πρῶτον	_	_
3.4	1997	[3]	ἐναργὲς	_	_
3.4	1998	[1]	ἴσχων	_	_
3.4	1999	[8]	τι	_	_
3.4	2000	[5]	πέψεως	_	_
3.4	2001	[3]	σημεῖον	_	_
3.4	2002	[74]	.	b	_
3.4	2003	[3]	οὗτος	_	_
3.4	2004	[160]	,	b	_
3.4	2005	[23]	εἰ	_	_
3.4	2006	[36]	μὲν	_	_
3.4	2007	[4]	μέγα	_	_
3.4	2008	[14]	τὸ	_	_
3.4	2009	[4]	νόσημα	_	_
3.4	2010	[97]	καὶ	_	_
3.4	2011	[8]	ταχέως	_	_
3.4	2012	[6]	εἴη	_	_
3.4	2013	[2]	κινούμενον	_	_
3.4	2014	[161]	,	b	_
3.4	2015	[1]	ἑνδεκαταῖος	_	_
3.4	2016	[5]	μᾶλλον	_	_
3.4	2017	[18]	ἢ	_	_
3.4	2018	[1]	τεσσαρεσκαιδεκαταῖος	_	_
3.4	2019	[2]	κριθήσεται	_	_
3.4	2020	[10]	·	b	_
3.4	2021	[1]	μικροτέρου	_	_
3.4	2022	[45]	δὲ	_	_
3.4	2023	[3]	ὄντος	_	_
3.4	2024	[162]	,	b	_
3.4	2025	[19]	ἢ	_	_
3.4	2026	[11]	μὴ	_	_
3.4	2027	[6]	πάνυ	_	_
3.4	2028	[9]	ταχέως	_	_
3.4	2029	[2]	κινουμένου	_	_
3.4	2030	[163]	,	b	_
3.4	2031	[2]	τεσσαρεσκαιδεκαταῖος	_	_
3.4	2032	[6]	μᾶλλον	_	_
3.4	2033	[20]	ἢ	_	_
3.4	2034	[2]	ἑνδεκαταῖος	_	_
3.4	2035	[75]	.	b	_
3.4	2036	[1]	ἐπιδιορίζεσθαι	_	_
3.4	2037	[46]	δὲ	_	_
3.4	2038	[2]	δεῖ	_	_
3.4	2039	[6]	τοῖς	_	_
3.4	2040	[1]	ἄλλοις	_	_
3.4	2041	[164]	,	b	_
3.4	2042	[24]	εἰ	_	_
3.4	2043	[37]	μὲν	_	_
3.4	2044	[98]	καὶ	_	_
3.4	2045	[1]	νέος	_	_
3.4	2046	[7]	εἴη	_	_
3.4	2047	[99]	καὶ	_	_
3.4	2048	[4]	φύσει	_	_
3.4	2049	[1]	χολώδης	_	_
3.4	2050	[100]	καὶ	_	_
3.4	2051	[1]	θέρος	_	_
3.4	2052	[101]	καὶ	_	_
3.4	2053	[24]	ἐν	_	_
3.4	2054	[1]	χωρίῳ	_	_
3.4	2055	[5]	φύσει	_	_
3.4	2056	[1]	θερμῷ	_	_
3.4	2057	[102]	καὶ	_	_
3.4	2058	[1]	τά	_	_
3.4	2059	[31]	τε	_	_
3.4	2060	[25]	τοῦ	_	_
3.4	2061	[4]	πρόσθεν	_	_
3.4	2062	[1]	βίου	_	_
3.4	2063	[103]	καὶ	_	_
3.4	2064	[14]	τὰ	_	_
3.4	2065	[24]	τῆς	_	_
3.4	2066	[1]	παρούσης	_	_
3.4	2067	[1]	καταστάσεως	_	_
3.4	2068	[11]	ἐπὶ	_	_
3.4	2069	[15]	τὸ	_	_
3.4	2070	[1]	θερμότερον	_	_
3.4	2071	[4]	ἅπαντα	_	_
3.4	2072	[1]	ῥέποι	_	_
3.4	2073	[165]	,	b	_
3.4	2074	[10]	πάντως	_	_
3.4	2075	[12]	ἐπὶ	_	_
3.4	2076	[25]	τῆς	_	_
3.4	2077	[1]	ἑνδεκάτης	_	_
3.4	2078	[6]	ἡμέρας	_	_
3.4	2079	[3]	κριθήσεται	_	_
3.4	2080	[4]	οὗτος	_	_
3.4	2081	[166]	,	b	_
3.4	2082	[4]	καθάπερ	_	_
3.4	2083	[25]	εἰ	_	_
3.4	2084	[104]	καὶ	_	_
3.4	2085	[3]	τἀναντία	_	_
3.4	2086	[31]	τῶν	_	_
3.4	2087	[3]	εἰρημένων	_	_
3.4	2088	[1]	ἅπανθ	_	_
3.4	2089	[32]	’	b	_
3.4	2090	[1]	ὑπάρχει	_	_
3.4	2091	[16]	τῷ	_	_
3.4	2092	[1]	νοσοῦντι	_	_
3.4	2093	[167]	,	b	_
3.4	2094	[14]	κατὰ	_	_
3.4	2095	[43]	τὴν	_	_
3.4	2096	[1]	τεσσαρεσκαιδεκάτην	_	_
3.4	2097	[76]	.	b	_
3.4	2098	[3]	﻿	_	_
3.4	2099	[26]	εἰ	_	_
3.4	2100	[47]	δὲ	_	_
3.4	2101	[3]	τινὰ	_	_
3.4	2102	[38]	μὲν	_	_
3.4	2103	[8]	εἴη	_	_
3.4	2104	[168]	,	b	_
3.4	2105	[4]	τινὰ	_	_
3.4	2106	[48]	δὲ	_	_
3.4	2107	[12]	μὴ	_	_
3.4	2108	[169]	,	b	_
3.4	2109	[4]	πλημμεληθέντος	_	_
3.4	2110	[3]	δέ	_	_
3.4	2111	[1]	τινος	_	_
3.4	2112	[25]	ἐν	_	_
3.4	2113	[17]	τῷ	_	_
3.4	2114	[3]	μεταξὺ	_	_
3.4	2115	[170]	,	b	_
3.4	2116	[15]	κατὰ	_	_
3.4	2117	[44]	τὴν	_	_
3.4	2118	[2]	ἑνδεκάτην	_	_
3.4	2119	[7]	ἡμέραν	_	_
3.4	2120	[4]	οὐκ	_	_
3.4	2121	[5]	ἐνδέχεται	_	_
3.4	2122	[2]	κριθῆναι	_	_
3.4	2123	[16]	τὸ	_	_
3.4	2124	[5]	νόσημα	_	_
3.4	2125	[77]	.	b	_
3.4	2126	[3]	πολλάκις	_	_
3.4	2127	[49]	δὲ	_	_
3.4	2128	[3]	οὐδὲ	_	_
3.4	2129	[16]	κατὰ	_	_
3.4	2130	[45]	τὴν	_	_
3.4	2131	[1]	ιδ΄	_	_
3.4	2132	[171]	,	b	_
3.4	2133	[2]	ὅταν	_	_
3.4	2134	[1]	ᾖ	_	_
3.4	2135	[1]	μεῖζον	_	_
3.4	2136	[17]	τὸ	_	_
3.4	2137	[1]	ἁμαρτηθέν	_	_
3.4	2138	[78]	.	b	_
3.4	2139	[27]	εἰ	_	_
3.4	2140	[5]	μέντοι	_	_
3.4	2141	[3]	μηδὲν	_	_
3.4	2142	[1]	ἁμαρτηθείη	_	_
3.4	2143	[172]	,	b	_
3.4	2144	[1]	μικτὰ	_	_
3.4	2145	[15]	δ	_	_
3.4	2146	[33]	’	b	_
3.4	2147	[9]	εἴη	_	_
3.4	2148	[15]	τὰ	_	_
3.4	2149	[1]	συμπτώματα	_	_
3.4	2150	[173]	,	b	_
3.4	2151	[1]	γεγυμνασμένου	_	_
3.4	2152	[32]	τε	_	_
3.4	2153	[105]	καὶ	_	_
3.4	2154	[1]	ὀξέος	_	_
3.4	2155	[26]	ἐν	_	_
3.4	2156	[2]	τῷδε	_	_
3.4	2157	[1]	χρεία	_	_
3.4	2158	[26]	τοῦ	_	_
3.4	2159	[1]	ἰατροῦ	_	_
3.4	2160	[4]	πρὸς	_	_
3.4	2161	[18]	τὸ	_	_
3.4	2162	[2]	διακρίνειν	_	_
3.4	2163	[16]	τὰ	_	_
3.4	2164	[1]	μείζονα	_	_
3.4	2165	[46]	τὴν	_	_
3.4	2166	[1]	δύναμιν	_	_
3.4	2167	[1]	ἔχοντα	_	_
3.4	2168	[6]	σημεῖα	_	_
3.4	2169	[174]	,	b	_
3.4	2170	[106]	καὶ	_	_
3.4	2171	[12]	τῇ	_	_
3.4	2172	[1]	κατ	_	_
3.4	2173	[34]	’	b	_
3.4	2174	[2]	αὐτὰ	_	_
3.4	2175	[1]	προδηλουμένῃ	_	_
3.4	2176	[2]	κρίσει	_	_
3.4	2177	[1]	πιστεῦσαι	_	_
3.4	2178	[7]	μᾶλλον	_	_
3.4	2179	[13]	ἐπὶ	_	_
3.4	2180	[32]	τῶν	_	_
3.4	2181	[3]	οὕτως	_	_
3.4	2182	[1]	ἀμφιβόλων	_	_
3.4	2183	[1]	προγνώσεων	_	_
3.4	2184	[79]	.	b	_
3.4	2185	[28]	εἰ	_	_
3.4	2186	[50]	δὲ	_	_
3.4	2187	[107]	καὶ	_	_
3.4	2188	[13]	μὴ	_	_
3.4	2189	[17]	κατὰ	_	_
3.4	2190	[47]	τὴν	_	_
3.4	2191	[1]	ζ΄	_	_
3.4	2192	[2]	αὐτὴν	_	_
3.4	2193	[175]	,	b	_
3.4	2194	[8]	ἀλλὰ	_	_
3.4	2195	[18]	κατὰ	_	_
3.4	2196	[6]	τὰς	_	_
3.4	2197	[1]	ἄλλας	_	_
3.4	2198	[2]	γε	_	_
3.4	2199	[7]	τὰς	_	_
3.4	2200	[4]	μεταξὺ	_	_
3.4	2201	[26]	τῆς	_	_
3.4	2202	[3]	ἑβδόμης	_	_
3.4	2203	[33]	τε	_	_
3.4	2204	[108]	καὶ	_	_
3.4	2205	[27]	τῆς	_	_
3.4	2206	[1]	ια΄	_	_
3.4	2207	[1]	ἔνεστιν	_	_
3.4	2208	[2]	ἀκριβῶς	_	_
3.4	2209	[1]	ἐξευρεῖν	_	_
3.4	2210	[19]	τὸ	_	_
3.4	2211	[1]	γενησόμενον	_	_
3.4	2212	[80]	.	b	_
3.4	2213	[29]	εἰ	_	_
3.4	2214	[26]	γὰρ	_	_
3.4	2215	[5]	ἤτοι	_	_
3.4	2216	[20]	τὸ	_	_
3.4	2217	[8]	μέγεθος	_	_
3.4	2218	[21]	ἢ	_	_
3.4	2219	[21]	τὸ	_	_
3.4	2220	[1]	τάχος	_	_
3.4	2221	[28]	τῆς	_	_
3.4	2222	[27]	τοῦ	_	_
3.4	2223	[12]	νοσήματος	_	_
3.4	2224	[6]	κινήσεως	_	_
3.4	2225	[1]	ἐπιταθείη	_	_
3.4	2226	[19]	κατὰ	_	_
3.4	2227	[1]	ταύτας	_	_
3.4	2228	[8]	τὰς	_	_
3.4	2229	[7]	ἡμέρας	_	_
3.4	2230	[176]	,	b	_
3.4	2231	[1]	ἀξιόλογός	_	_
3.4	2232	[34]	τε	_	_
3.4	2233	[1]	προσθήκη	_	_
3.4	2234	[1]	γίγνοιτο	_	_
3.4	2235	[7]	τοῖς	_	_
3.4	2236	[29]	τῆς	_	_
3.4	2237	[6]	πέψεως	_	_
3.4	2238	[1]	σημείοις	_	_
3.4	2239	[177]	,	b	_
3.4	2240	[3]	ἑνδεκαταῖος	_	_
3.4	2241	[8]	ὁ	_	_
3.4	2242	[2]	τοιοῦτος	_	_
3.4	2243	[4]	ἄῤῥωστος	_	_
3.4	2244	[4]	κριθήσεται	_	_
3.4	2245	[178]	,	b	_
3.4	2246	[5]	καθάπερ	_	_
3.4	2247	[30]	εἰ	_	_
3.4	2248	[109]	καὶ	_	_
3.4	2249	[4]	τἀναντία	_	_
3.4	2250	[179]	,	b	_
3.4	2251	[3]	τεσσαρεσκαιδεκαταῖος	_	_
3.4	2252	[81]	.	b	_
3.4	2253	[3]	ὑποκείσθω	_	_
3.4	2254	[1]	τοίνυν	_	_
3.4	2255	[3]	πάλιν	_	_
3.4	2256	[5]	ἄῤῥωστος	_	_
3.4	2257	[27]	ἐν	_	_
3.4	2258	[1]	ἀκινδύνῳ	_	_
3.4	2259	[2]	νοσήματι	_	_
3.4	2260	[20]	κατὰ	_	_
3.4	2261	[9]	τὰς	_	_
3.4	2262	[1]	προτέρας	_	_
3.4	2263	[8]	ἡμέρας	_	_
3.4	2264	[180]	,	b	_
3.4	2265	[1]	ἀργοτέραν	_	_
3.4	2266	[35]	τε	_	_
3.4	2267	[48]	τὴν	_	_
3.4	2268	[2]	κίνησιν	_	_
3.4	2269	[3]	ἔχων	_	_
3.4	2270	[28]	τοῦ	_	_
3.4	2271	[4]	πυρετοῦ	_	_
3.4	2272	[110]	καὶ	_	_
3.4	2273	[2]	μηδὲ	_	_
3.4	2274	[1]	περικαῶς	_	_
3.4	2275	[7]	πάνυ	_	_
3.4	2276	[1]	πυρέττων	_	_
3.4	2277	[181]	,	b	_
3.4	2278	[9]	ἀλλὰ	_	_
3.4	2279	[111]	καὶ	_	_
3.4	2280	[1]	σὺν	_	_
3.4	2281	[8]	τοῖς	_	_
3.4	2282	[30]	τῆς	_	_
3.4	2283	[2]	ἀπεψίας	_	_
3.4	2284	[2]	σημείοις	_	_
3.4	2285	[11]	·	b	_
3.4	2286	[5]	ὅτι	_	_
3.4	2287	[39]	μὲν	_	_
3.4	2288	[1]	ἐντὸς	_	_
3.4	2289	[31]	τῆς	_	_
3.4	2290	[2]	ιδ΄	_	_
3.4	2291	[9]	ὁ	_	_
3.4	2292	[3]	τοιοῦτος	_	_
3.4	2293	[5]	οὐκ	_	_
3.4	2294	[2]	ἂν	_	_
3.4	2295	[1]	ἀπαλλαγείη	_	_
3.4	2296	[29]	τοῦ	_	_
3.4	2297	[13]	νοσήματος	_	_
3.4	2298	[3]	ἤδη	_	_
3.4	2299	[2]	δῆλον	_	_
3.4	2300	[82]	.	b	_
3.4	2301	[13]	εἴτε	_	_
3.4	2302	[51]	δὲ	_	_
3.4	2303	[2]	κατ	_	_
3.4	2304	[35]	’	b	_
3.4	2305	[3]	αὐτὴν	_	_
3.4	2306	[1]	ἐκείνην	_	_
3.4	2307	[182]	,	b	_
3.4	2308	[14]	εἴτε	_	_
3.4	2309	[112]	καὶ	_	_
3.4	2310	[1]	ποῤῥωτέρω	_	_
3.4	2311	[183]	,	b	_
3.4	2312	[9]	τοῖς	_	_
3.4	2313	[2]	καιροῖς	_	_
3.4	2314	[32]	τῆς	_	_
3.4	2315	[1]	ὅλης	_	_
3.4	2316	[4]	νόσου	_	_
3.4	2317	[2]	διορίζεσθαι	_	_
3.4	2318	[83]	.	b	_
3.4	2319	[17]	τὰ	_	_
3.4	2320	[40]	μὲν	_	_
3.4	2321	[27]	γὰρ	_	_
3.4	2322	[33]	τῆς	_	_
3.4	2323	[3]	ἀρχῆς	_	_
3.4	2324	[7]	σημεῖα	_	_
3.4	2325	[2]	μέχρι	_	_
3.4	2326	[1]	πολλοῦ	_	_
3.4	2327	[1]	παραμένοντα	_	_
3.4	2328	[1]	χρόνιον	_	_
3.4	2329	[1]	εἶναι	_	_
3.4	2330	[1]	δηλώσουσι	_	_
3.4	2331	[22]	τὸ	_	_
3.4	2332	[6]	νόσημα	_	_
3.4	2333	[184]	,	b	_
3.4	2334	[18]	τὰ	_	_
3.4	2335	[52]	δὲ	_	_
3.4	2336	[34]	τῆς	_	_
3.4	2337	[2]	ἀναβάσεως	_	_
3.4	2338	[185]	,	b	_
3.4	2339	[31]	εἰ	_	_
3.4	2340	[21]	κατὰ	_	_
3.4	2341	[49]	τὴν	_	_
3.4	2342	[1]	δ΄	_	_
3.4	2343	[22]	ἢ	_	_
3.4	2344	[50]	τὴν	_	_
3.4	2345	[2]	ζ΄	_	_
3.4	2346	[1]	φανείη	_	_
3.4	2347	[186]	,	b	_
3.4	2348	[7]	περὶ	_	_
3.4	2349	[51]	τὴν	_	_
3.4	2350	[3]	ιδ΄	_	_
3.4	2351	[5]	ἐλπίζειν	_	_
3.4	2352	[9]	τι	_	_
3.4	2353	[187]	,	b	_
3.4	2354	[1]	διορισθήσεται	_	_
3.4	2355	[53]	δὲ	_	_
3.4	2356	[14]	ἐπὶ	_	_
3.4	2357	[35]	τῆς	_	_
3.4	2358	[2]	ια΄	_	_
3.4	2359	[84]	.	b	_
3.4	2360	[32]	εἰ	_	_
3.4	2361	[28]	γὰρ	_	_
3.4	2362	[2]	ἅμα	_	_
3.4	2363	[19]	τὰ	_	_
3.4	2364	[3]	τρία	_	_
3.4	2365	[1]	τάδε	_	_
3.4	2366	[1]	συνδράμοι	_	_
3.4	2367	[22]	κατὰ	_	_
3.4	2368	[1]	ταύτην	_	_
3.4	2369	[52]	τὴν	_	_
3.4	2370	[8]	ἡμέραν	_	_
3.4	2371	[188]	,	b	_
3.4	2372	[3]	ἥ	_	_
3.4	2373	[36]	τε	_	_
3.4	2374	[36]	τῆς	_	_
3.4	2375	[7]	κινήσεως	_	_
3.4	2376	[1]	ὀξύτης	_	_
3.4	2377	[1]	ἱκανὴν	_	_
3.4	2378	[1]	αὔξησιν	_	_
3.4	2379	[1]	εἰληφυῖα	_	_
3.4	2380	[113]	καὶ	_	_
3.4	2381	[23]	τὸ	_	_
3.4	2382	[9]	μέγεθος	_	_
3.4	2383	[30]	τοῦ	_	_
3.4	2384	[5]	πυρετοῦ	_	_
3.4	2385	[189]	,	b	_
3.4	2386	[114]	καὶ	_	_
3.4	2387	[1]	προσέτι	_	_
3.4	2388	[7]	πέψεως	_	_
3.4	2389	[4]	ἐναργὲς	_	_
3.4	2390	[2]	γνώρισμα	_	_
3.4	2391	[190]	,	b	_
3.4	2392	[23]	κατὰ	_	_
3.4	2393	[53]	τὴν	_	_
3.4	2394	[4]	ιδ΄	_	_
3.4	2395	[14]	ἡ	_	_
3.4	2396	[4]	κρίσις	_	_
3.4	2397	[12]	·	b	_
3.4	2398	[6]	ἔτι	_	_
3.4	2399	[54]	δὲ	_	_
3.4	2400	[7]	δὴ	_	_
3.4	2401	[8]	μᾶλλον	_	_
3.4	2402	[191]	,	b	_
3.4	2403	[33]	εἰ	_	_
3.4	2404	[115]	καὶ	_	_
3.4	2405	[20]	τὰ	_	_
3.4	2406	[37]	τῆς	_	_
3.4	2407	[4]	ὥρας	_	_
3.4	2408	[37]	τε	_	_
3.4	2409	[116]	καὶ	_	_
3.4	2410	[21]	τὰ	_	_
3.4	2411	[38]	τῆς	_	_
3.4	2412	[1]	ἡλικίας	_	_
3.4	2413	[192]	,	b	_
3.4	2414	[117]	καὶ	_	_
3.4	2415	[22]	τὰ	_	_
3.4	2416	[39]	τῆς	_	_
3.4	2417	[3]	φύσεως	_	_
3.4	2418	[31]	τοῦ	_	_
3.4	2419	[1]	νοσοῦντος	_	_
3.4	2420	[193]	,	b	_
3.4	2421	[6]	ὅσα	_	_
3.4	2422	[2]	τ	_	_
3.4	2423	[36]	’	b	_
3.4	2424	[3]	ἄλλα	_	_
3.4	2425	[8]	τούτοις	_	_
3.4	2426	[1]	ἀνάλογον	_	_
3.4	2427	[7]	εἰς	_	_
3.4	2428	[2]	τάχος	_	_
3.4	2429	[8]	κρίσεως	_	_
3.4	2430	[1]	συντελεῖ	_	_
3.4	2431	[85]	.	b	_
3.4	2432	[1]	μόνου	_	_
3.4	2433	[55]	δὲ	_	_
3.4	2434	[32]	τοῦ	_	_
3.4	2435	[40]	τῆς	_	_
3.4	2436	[8]	πέψεως	_	_
3.4	2437	[1]	ἐναργῶς	_	_
3.4	2438	[1]	σημείου	_	_
3.4	2439	[24]	κατὰ	_	_
3.4	2440	[54]	τὴν	_	_
3.4	2441	[3]	ἑνδεκάτην	_	_
3.4	2442	[9]	ἡμέραν	_	_
3.4	2443	[1]	γινομένου	_	_
3.4	2444	[194]	,	b	_
3.4	2445	[14]	μὴ	_	_
3.4	2446	[6]	μέντοι	_	_
3.4	2447	[1]	μήτε	_	_
3.4	2448	[33]	τοῦ	_	_
3.4	2449	[4]	μεγέθους	_	_
3.4	2450	[34]	τοῦ	_	_
3.4	2451	[14]	νοσήματος	_	_
3.4	2452	[2]	μήτε	_	_
3.4	2453	[35]	τοῦ	_	_
3.4	2454	[1]	τάχους	_	_
3.4	2455	[41]	τῆς	_	_
3.4	2456	[8]	κινήσεως	_	_
3.4	2457	[1]	κατεπείγοντος	_	_
3.4	2458	[195]	,	b	_
3.4	2459	[6]	οὐκ	_	_
3.4	2460	[3]	ἂν	_	_
3.4	2461	[28]	ἐν	_	_
3.4	2462	[13]	τῇ	_	_
3.4	2463	[5]	ιδ΄	_	_
3.4	2464	[1]	κριθείη	_	_
3.4	2465	[86]	.	b	_
3.4	2466	[4]	ἀλλ	_	_
3.4	2467	[37]	’	b	_
3.4	2468	[34]	εἰ	_	_
3.4	2469	[41]	μὲν	_	_
3.4	2470	[118]	καὶ	_	_
3.4	2471	[23]	τὰ	_	_
3.4	2472	[42]	τῆς	_	_
3.4	2473	[5]	ὥρας	_	_
3.4	2474	[119]	καὶ	_	_
3.4	2475	[24]	τὰ	_	_
3.4	2476	[43]	τῆς	_	_
3.4	2477	[2]	ἡλικίας	_	_
3.4	2478	[36]	τοῦ	_	_
3.4	2479	[2]	κάμνοντος	_	_
3.4	2480	[196]	,	b	_
3.4	2481	[7]	ὅσα	_	_
3.4	2482	[3]	τ	_	_
3.4	2483	[38]	’	b	_
3.4	2484	[4]	ἄλλα	_	_
3.4	2485	[9]	τούτοις	_	_
3.4	2486	[4]	ἐστὶ	_	_
3.4	2487	[1]	σύστοιχα	_	_
3.4	2488	[197]	,	b	_
3.4	2489	[5]	πρὸς	_	_
3.4	2490	[24]	τὸ	_	_
3.4	2491	[1]	ψυχρότερον	_	_
3.4	2492	[2]	ῥέποι	_	_
3.4	2493	[198]	,	b	_
3.4	2494	[15]	μὴ	_	_
3.4	2495	[2]	πρὸ	_	_
3.4	2496	[44]	τῆς	_	_
3.4	2497	[1]	κ΄	_	_
3.4	2498	[6]	ἐλπίζειν	_	_
3.4	2499	[5]	ἔσεσθαι	_	_
3.4	2500	[55]	τὴν	_	_
3.4	2501	[2]	λύσιν	_	_
3.4	2502	[37]	τοῦ	_	_
3.4	2503	[15]	νοσήματος	_	_
3.4	2504	[87]	.	b	_
3.4	2505	[35]	εἰ	_	_
3.4	2506	[56]	δὲ	_	_
3.4	2507	[1]	μικτά	_	_
3.4	2508	[2]	πως	_	_
3.4	2509	[10]	εἴη	_	_
3.4	2510	[120]	καὶ	_	_
3.4	2511	[15]	ἡ	_	_
3.4	2512	[6]	ιδ΄	_	_
3.4	2513	[25]	τὰ	_	_
3.4	2514	[8]	σημεῖα	_	_
3.4	2515	[45]	τῆς	_	_
3.4	2516	[9]	πέψεως	_	_
3.4	2517	[1]	ἀξιολόγως	_	_
3.4	2518	[1]	αὐξήσειε	_	_
3.4	2519	[199]	,	b	_
3.4	2520	[25]	κατὰ	_	_
3.4	2521	[56]	τὴν	_	_
3.4	2522	[1]	ἑπτακαιδεκάτην	_	_
3.4	2523	[16]	ἡ	_	_
3.4	2524	[5]	κρίσις	_	_
3.4	2525	[1]	ἀπαντήσεται	_	_
3.4	2526	[88]	.	b	_
3.4	2527	[36]	εἰ	_	_
3.4	2528	[57]	δὲ	_	_
3.4	2529	[2]	μηδ	_	_
3.4	2530	[39]	’	b	_
3.4	2531	[15]	ἐπὶ	_	_
3.4	2532	[46]	τῆς	_	_
3.4	2533	[7]	ιδ΄	_	_
3.4	2534	[1]	νεωτερισθείη	_	_
3.4	2535	[4]	μηδὲν	_	_
3.4	2536	[200]	,	b	_
3.4	2537	[3]	ἀκριβῶς	_	_
3.4	2538	[8]	πάνυ	_	_
3.4	2539	[4]	προσέχειν	_	_
3.4	2540	[17]	τὸν	_	_
3.4	2541	[4]	νοῦν	_	_
3.4	2542	[10]	τοῖς	_	_
3.4	2543	[16]	ἐπὶ	_	_
3.4	2544	[47]	τῆς	_	_
3.4	2545	[1]	ἑπτακαιδεκάτης	_	_
3.4	2546	[1]	ἐσομένοις	_	_
3.4	2547	[89]	.	b	_
3.4	2548	[1]	πιστότατον	_	_
3.4	2549	[29]	γὰρ	_	_
3.4	2550	[1]	ἔσται	_	_
3.4	2551	[25]	τὸ	_	_
3.4	2552	[3]	κατ	_	_
3.4	2553	[40]	’	b	_
3.4	2554	[4]	αὐτὴν	_	_
3.4	2555	[1]	φανὲν	_	_
3.4	2556	[4]	σημεῖον	_	_
3.4	2557	[201]	,	b	_
3.4	2558	[37]	εἰ	_	_
3.4	2559	[121]	καὶ	_	_
3.4	2560	[9]	πάνυ	_	_
3.4	2561	[1]	σμικρὸν	_	_
3.4	2562	[11]	εἴη	_	_
3.4	2563	[202]	,	b	_
3.4	2564	[122]	καὶ	_	_
3.4	2565	[1]	προδηλώσει	_	_
3.4	2566	[57]	τὴν	_	_
3.4	2567	[17]	ἐπὶ	_	_
3.4	2568	[48]	τῆς	_	_
3.4	2569	[2]	κ΄	_	_
3.4	2570	[9]	ἡμέρας	_	_
3.4	2571	[1]	ἐσομένην	_	_
3.4	2572	[16]	κρίσιν	_	_
3.4	2573	[90]	.	b	_
3.5	1	[1]	Ὅτι	_	_
3.5	2	[1]	δὲ	_	_
3.5	3	[1]	αἱ	_	_
3.5	4	[1]	τοιαῦται	_	_
3.5	5	[1]	σύμπασαι	_	_
3.5	6	[1]	κρίσεις	_	_
3.5	7	[1]	,	b	_
3.5	8	[1]	ἃς	_	_
3.5	9	[1]	ἐξηριθμησάμεθα	_	_
3.5	10	[2]	,	b	_
3.5	11	[1]	πασῶν	_	_
3.5	12	[1]	εἰσιν	_	_
3.5	13	[1]	ἄρισται	_	_
3.5	14	[3]	,	b	_
3.5	15	[1]	τουτέστιν	_	_
3.5	16	[1]	ἀκίνδυνοί	_	_
3.5	17	[1]	τε	_	_
3.5	18	[1]	καὶ	_	_
3.5	19	[1]	τέλειαι	_	_
3.5	20	[2]	καὶ	_	_
3.5	21	[1]	ἀσφαλεῖς	_	_
3.5	22	[4]	,	b	_
3.5	23	[1]	εἰ	_	_
3.5	24	[1]	τοῖς	_	_
3.5	25	[1]	ἐξ	_	_
3.5	26	[1]	ἀρχῆς	_	_
3.5	27	[1]	εἰρημένοις	_	_
3.5	28	[1]	ἅπασαν	_	_
3.5	29	[1]	ἠκολούθησέ	_	_
3.5	30	[1]	τις	_	_
3.5	31	[5]	,	b	_
3.5	32	[1]	οὐδεμιᾶς	_	_
3.5	33	[1]	ἀποδείξεως	_	_
3.5	34	[1]	ἔτι	_	_
3.5	35	[1]	προσδεῖται	_	_
3.5	36	[1]	.	b	_
3.5	37	[1]	ὅταν	_	_
3.5	38	[1]	γὰρ	_	_
3.5	39	[1]	ἐπί	_	_
3.5	40	[2]	τε	_	_
3.5	41	[1]	σημείων	_	_
3.5	42	[1]	ἀγαθῶν	_	_
3.5	43	[1]	γίγνωνται	_	_
3.5	44	[3]	καὶ	_	_
3.5	45	[1]	πέψεως	_	_
3.5	46	[1]	ἀκριβοῦς	_	_
3.5	47	[6]	,	b	_
3.5	48	[1]	ἀρίστας	_	_
3.5	49	[1]	ἀναγκαῖον	_	_
3.5	50	[1]	ὑπάρχειν	_	_
3.5	51	[1]	αὐτὰς	_	_
3.5	52	[7]	,	b	_
3.5	53	[1]	ὅπου	_	_
3.5	54	[1]	γε	_	_
3.5	55	[4]	καὶ	_	_
3.5	56	[1]	ὁ	_	_
3.5	57	[1]	πεπασμὸς	_	_
3.5	58	[1]	μόνος	_	_
3.5	59	[1]	ταχύτητι	_	_
3.5	60	[1]	κρίσεως	_	_
3.5	61	[5]	καὶ	_	_
3.5	62	[1]	ἀσφάλειαν	_	_
3.5	63	[1]	ὑγιείας	_	_
3.5	64	[1]	σημαίνει	_	_
3.5	65	[2]	.	b	_
3.5	66	[1]	οὐδὲ	_	_
3.5	67	[2]	γὰρ	_	_
3.5	68	[1]	ἐπινοῆσαι	_	_
3.5	69	[1]	δυνατὸν	_	_
3.5	70	[1]	ἐπ	_	_
3.5	71	[1]	’	b	_
3.5	72	[1]	ἀκριβεῖ	_	_
3.5	73	[1]	πέψει	_	_
3.5	74	[1]	νοσήματος	_	_
3.5	75	[1]	ἀπαντῆσαί	_	_
3.5	76	[1]	ποτε	_	_
3.5	77	[1]	κρίσιν	_	_
3.5	78	[1]	οὐκ	_	_
3.5	79	[1]	ἀγαθὴν	_	_
3.5	80	[8]	,	b	_
3.5	81	[1]	ἀκριβὴς	_	_
3.5	82	[2]	δὲ	_	_
3.5	83	[1]	πέψις	_	_
3.5	84	[1]	ἐν	_	_
3.5	85	[1]	ταῖς	_	_
3.5	86	[1]	ἀκμαῖς	_	_
3.5	87	[1]	γίνεται	_	_
3.5	88	[9]	,	b	_
3.5	89	[6]	καὶ	_	_
3.5	90	[1]	διὰ	_	_
3.5	91	[1]	τοῦτο	_	_
3.5	92	[1]	ἀπ	_	_
3.5	93	[2]	’	b	_
3.5	94	[2]	ἀρχῆς	_	_
3.5	95	[1]	εὐθὺς	_	_
3.5	96	[1]	ὑφ	_	_
3.5	97	[3]	’	b	_
3.5	98	[1]	ἡμῶν	_	_
3.5	99	[1]	παρῄνητο	_	_
3.5	100	[1]	μηδὲν	_	_
3.5	101	[1]	οὕτως	_	_
3.5	102	[1]	ἀσκεῖν	_	_
3.5	103	[1]	προγινώσκειν	_	_
3.5	104	[1]	ὡς	_	_
3.5	105	[1]	τὴν	_	_
3.5	106	[1]	ἀκμὴν	_	_
3.5	107	[1]	τοῦ	_	_
3.5	108	[2]	νοσήματος	_	_
3.5	109	[3]	.	b	_
3.5	110	[2]	εἰ	_	_
3.5	111	[3]	γὰρ	_	_
3.5	112	[7]	καὶ	_	_
3.5	113	[1]	τὸ	_	_
3.5	114	[1]	σχῆμα	_	_
3.5	115	[1]	τῆς	_	_
3.5	116	[1]	διαίτης	_	_
3.5	117	[2]	ὡς	_	_
3.5	118	[1]	πρὸς	_	_
3.5	119	[1]	ἐκείνην	_	_
3.5	120	[1]	συντάττεται	_	_
3.5	121	[10]	,	b	_
3.5	122	[8]	καὶ	_	_
3.5	123	[1]	κρίσις	_	_
3.5	124	[1]	ἀρίστη	_	_
3.5	125	[1]	κατ	_	_
3.5	126	[4]	’	b	_
3.5	127	[2]	ἐκείνην	_	_
3.5	128	[2]	γίνεται	_	_
3.5	129	[11]	,	b	_
3.5	130	[9]	καὶ	_	_
3.5	131	[2]	πασῶν	_	_
3.5	132	[1]	ἐστι	_	_
3.5	133	[1]	τῶν	_	_
3.5	134	[1]	κρίσεων	_	_
3.5	135	[1]	αὕτη	_	_
3.5	136	[1]	κανών	_	_
3.5	137	[4]	.	b	_
3.5	138	[3]	εἰ	_	_
3.5	139	[4]	γὰρ	_	_
3.5	140	[1]	ἡ	_	_
3.5	141	[1]	ἐγγυτέρω	_	_
3.5	142	[1]	ταύτης	_	_
3.5	143	[1]	ἀεὶ	_	_
3.5	144	[2]	τῆς	_	_
3.5	145	[1]	ποῤῥωτέρω	_	_
3.5	146	[1]	βελτίων	_	_
3.5	147	[12]	,	b	_
3.5	148	[1]	οὐδὲν	_	_
3.5	149	[2]	οὕτως	_	_
3.5	150	[2]	ἀσκεῖν	_	_
3.5	151	[1]	χρὴ	_	_
3.5	152	[1]	τὸν	_	_
3.5	153	[1]	ἰατρὸν	_	_
3.5	154	[3]	ὡς	_	_
3.5	155	[2]	προγινώσκειν	_	_
3.5	156	[1]	ἀκμήν	_	_
3.5	157	[5]	.	b	_
3.5	158	[1]	ἔστω	_	_
3.5	159	[5]	γὰρ	_	_
3.5	160	[1]	ἐπὶ	_	_
3.5	161	[3]	τῆς	_	_
3.5	162	[1]	ιδ΄	_	_
3.5	163	[1]	ἡμέρας	_	_
3.5	164	[1]	ἐλπίζεσθαί	_	_
3.5	165	[1]	σοι	_	_
3.5	166	[2]	τὴν	_	_
3.5	167	[2]	ἀκμὴν	_	_
3.5	168	[13]	,	b	_
3.5	169	[1]	ἤτοι	_	_
3.5	170	[3]	δὲ	_	_
3.5	171	[2]	διὰ	_	_
3.5	172	[1]	μέγεθος	_	_
3.5	173	[2]	τοῦ	_	_
3.5	174	[3]	νοσήματος	_	_
3.5	175	[1]	ἢ	_	_
3.5	176	[3]	διὰ	_	_
3.5	177	[2]	τὸ	_	_
3.5	178	[4]	τῆς	_	_
3.5	179	[1]	κινήσεως	_	_
3.5	180	[1]	τάχος	_	_
3.5	181	[14]	,	b	_
3.5	182	[2]	ἢ	_	_
3.5	183	[10]	καὶ	_	_
3.5	184	[1]	δι	_	_
3.5	185	[5]	’	b	_
3.5	186	[1]	ἄλλόν	_	_
3.5	187	[1]	τινα	_	_
3.5	188	[1]	ἔξωθεν	_	_
3.5	189	[1]	ἐρεθισμὸν	_	_
3.5	190	[15]	,	b	_
3.5	191	[2]	ἐπὶ	_	_
3.5	192	[3]	τὴν	_	_
3.5	193	[1]	ια΄	_	_
3.5	194	[1]	εἰσβάλλειν	_	_
3.5	195	[4]	τὴν	_	_
3.5	196	[2]	κρίσιν	_	_
3.5	197	[16]	,	b	_
3.5	198	[1]	οὐκέτ	_	_
3.5	199	[6]	’	b	_
3.5	200	[2]	οὐδὲ	_	_
3.5	201	[1]	τελείαν	_	_
3.5	202	[1]	αὐτὴν	_	_
3.5	203	[17]	,	b	_
3.5	204	[1]	οὐδ	_	_
3.5	205	[7]	’	b	_
3.5	206	[1]	ὅλως	_	_
3.5	207	[2]	ἀγαθὴν	_	_
3.5	208	[1]	ἐλπίσαι	_	_
3.5	209	[2]	δυνατὸν	_	_
3.5	210	[18]	,	b	_
3.5	211	[1]	ἀλλ	_	_
3.5	212	[8]	’	b	_
3.5	213	[2]	ἐν	_	_
3.5	214	[1]	παντὶ	_	_
3.5	215	[1]	δέει	_	_
3.5	216	[1]	κατὰ	_	_
3.5	217	[1]	τοῦτον	_	_
3.5	218	[2]	τὸν	_	_
3.5	219	[1]	καιρὸν	_	_
3.5	220	[1]	ἀνάγκη	_	_
3.5	221	[1]	εἶναι	_	_
3.5	222	[19]	,	b	_
3.5	223	[11]	καὶ	_	_
3.5	224	[1]	μάλιστα	_	_
3.5	225	[20]	,	b	_
3.5	226	[4]	εἰ	_	_
3.5	227	[12]	καὶ	_	_
3.5	228	[1]	μὴ	_	_
3.5	229	[1]	παντάπασιν	_	_
3.5	230	[1]	ἀκίνδυνον	_	_
3.5	231	[1]	ὑπάρχει	_	_
3.5	232	[3]	τὸ	_	_
3.5	233	[1]	νόσημα	_	_
3.5	234	[6]	.	b	_
3.5	235	[1]	σωτηρίου	_	_
3.5	236	[1]	μέντοι	_	_
3.5	237	[1]	φαινομένου	_	_
3.5	238	[21]	,	b	_
3.5	239	[4]	τὸ	_	_
3.5	240	[1]	γοῦν	_	_
3.5	241	[2]	ἤτοι	_	_
3.5	242	[1]	μετὰ	_	_
3.5	243	[1]	χαλεπῶν	_	_
3.5	244	[1]	γενέσθαι	_	_
3.5	245	[1]	συμπτωμάτων	_	_
3.5	246	[5]	τὴν	_	_
3.5	247	[3]	κρίσιν	_	_
3.5	248	[22]	,	b	_
3.5	249	[3]	ἢ	_	_
3.5	250	[2]	μὴ	_	_
3.5	251	[2]	τελείαν	_	_
3.5	252	[23]	,	b	_
3.5	253	[4]	ἢ	_	_
3.5	254	[1]	πάντως	_	_
3.5	255	[1]	ὑποτροπιάσειν	_	_
3.5	256	[2]	ἀναγκαῖον	_	_
3.5	257	[1]	ὑποπτεύειν	_	_
3.5	258	[7]	.	b	_
3.5	259	[3]	οὕτως	_	_
3.5	260	[1]	ἄρα	_	_
3.5	261	[1]	μεγίστη	_	_
3.5	262	[2]	τις	_	_
3.5	263	[1]	δύναμις	_	_
3.5	264	[3]	ἐν	_	_
3.5	265	[2]	τοῖς	_	_
3.5	266	[1]	πεπασμοῖς	_	_
3.5	267	[2]	ἐστι	_	_
3.5	268	[24]	,	b	_
3.5	269	[13]	καὶ	_	_
3.5	270	[4]	διὰ	_	_
3.5	271	[2]	τοῦτο	_	_
3.5	272	[14]	καὶ	_	_
3.5	273	[4]	ἐν	_	_
3.5	274	[2]	ταῖς	_	_
3.5	275	[2]	ἀκμαῖς	_	_
3.5	276	[8]	.	b	_
3.5	277	[15]	καὶ	_	_
3.5	278	[6]	γὰρ	_	_
3.5	279	[1]	οὖν	_	_
3.5	280	[16]	καὶ	_	_
3.5	281	[1]	εἴ	_	_
3.5	282	[2]	τινα	_	_
3.5	283	[2]	κατὰ	_	_
3.5	284	[1]	ταύτας	_	_
3.5	285	[2]	οὐκ	_	_
3.5	286	[1]	ἐκρίθη	_	_
3.5	287	[1]	νοσήματα	_	_
3.5	288	[25]	,	b	_
3.5	289	[1]	κριθῆναι	_	_
3.5	290	[1]	τούτοις	_	_
3.5	291	[3]	ἐπὶ	_	_
3.5	292	[2]	τῶν	_	_
3.5	293	[1]	παρακμῶν	_	_
3.5	294	[1]	ἀμήχανον	_	_
3.5	295	[9]	.	b	_
3.5	296	[1]	ὅσα	_	_
3.5	297	[7]	γὰρ	_	_
3.5	298	[1]	ἂν	_	_
3.5	299	[1]	ἅπαξ	_	_
3.5	300	[1]	ὑπερβῇ	_	_
3.5	301	[3]	τὸν	_	_
3.5	302	[5]	τῆς	_	_
3.5	303	[1]	ἀκμῆς	_	_
3.5	304	[2]	καιρὸν	_	_
3.5	305	[26]	,	b	_
3.5	306	[1]	ἄκριτα	_	_
3.5	307	[1]	μείναντα	_	_
3.5	308	[27]	,	b	_
3.5	309	[3]	κατὰ	_	_
3.5	310	[1]	βραχὺ	_	_
3.5	311	[1]	ταῦτα	_	_
3.5	312	[1]	λύεται	_	_
3.5	313	[28]	,	b	_
3.5	314	[17]	καὶ	_	_
3.5	315	[1]	μὲν	_	_
3.5	316	[1]	δὴ	_	_
3.5	317	[18]	καὶ	_	_
3.5	318	[1]	κίνδυνος	_	_
3.5	319	[2]	ἔτι	_	_
3.5	320	[1]	θανάτου	_	_
3.5	321	[2]	μετὰ	_	_
3.5	322	[4]	τὸν	_	_
3.5	323	[6]	τῆς	_	_
3.5	324	[2]	ἀκμῆς	_	_
3.5	325	[3]	καιρὸν	_	_
3.5	326	[1]	οὐδείς	_	_
3.5	327	[1]	ἐστιν	_	_
3.5	328	[10]	.	b	_
3.5	329	[1]	ἐμοὶ	_	_
3.5	330	[2]	γοῦν	_	_
3.5	331	[1]	κριτῇ	_	_
3.5	332	[29]	,	b	_
3.5	333	[1]	καίτοι	_	_
3.5	334	[1]	δοκοῦσί	_	_
3.5	335	[1]	τινες	_	_
3.5	336	[1]	ἑωρᾶσθαι	_	_
3.5	337	[1]	τεθνεῶτας	_	_
3.5	338	[5]	ἐν	_	_
3.5	339	[3]	ταῖς	_	_
3.5	340	[1]	παρακμαῖς	_	_
3.5	341	[11]	.	b	_
3.5	342	[2]	ἀλλ	_	_
3.5	343	[9]	’	b	_
3.5	344	[1]	εἴτε	_	_
3.5	345	[1]	τῇ	_	_
3.5	346	[1]	πείρᾳ	_	_
3.5	347	[2]	χρὴ	_	_
3.5	348	[1]	κρίνειν	_	_
3.5	349	[30]	,	b	_
3.5	350	[2]	εἴτε	_	_
3.5	351	[1]	τῷ	_	_
3.5	352	[1]	λόγῳ	_	_
3.5	353	[31]	,	b	_
3.5	354	[2]	κατ	_	_
3.5	355	[10]	’	b	_
3.5	356	[1]	ἄλλο	_	_
3.5	357	[1]	τι	_	_
3.5	358	[1]	τούτους	_	_
3.5	359	[1]	ἀποθανόντας	_	_
3.5	360	[1]	οἶδα	_	_
3.5	361	[32]	,	b	_
3.5	362	[19]	καὶ	_	_
3.5	363	[1]	οὐ	_	_
3.5	364	[3]	κατ	_	_
3.5	365	[11]	’	b	_
3.5	366	[1]	αὐτὸ	_	_
3.5	367	[5]	τὸ	_	_
3.5	368	[2]	νόσημα	_	_
3.5	369	[1]	·	b	_
3.5	370	[1]	πάντες	_	_
3.5	371	[3]	γοῦν	_	_
3.5	372	[1]	ἐφ	_	_
3.5	373	[12]	’	b	_
3.5	374	[1]	ἁμαρτήμασιν	_	_
3.5	375	[1]	ἀπώλοντο	_	_
3.5	376	[33]	,	b	_
3.5	377	[2]	μάλιστα	_	_
3.5	378	[2]	μὲν	_	_
3.5	379	[3]	τοῖς	_	_
3.5	380	[1]	ἑαυτῶν	_	_
3.5	381	[34]	,	b	_
3.5	382	[1]	ἐνίοτε	_	_
3.5	383	[4]	δὲ	_	_
3.5	384	[20]	καὶ	_	_
3.5	385	[4]	τοῖς	_	_
3.5	386	[3]	τῶν	_	_
3.5	387	[1]	ἰατρῶν	_	_
3.5	388	[12]	.	b	_
3.5	389	[1]	οὕτω	_	_
3.5	390	[3]	μὲν	_	_
3.5	391	[2]	ἡ	_	_
3.5	392	[1]	πεῖρα	_	_
3.5	393	[1]	μαρτυρεῖ	_	_
3.5	394	[6]	τὸ	_	_
3.5	395	[1]	μηδένα	_	_
3.5	396	[4]	κατὰ	_	_
3.5	397	[1]	τὰς	_	_
3.5	398	[1]	παρακμὰς	_	_
3.5	399	[1]	ἀποθανεῖν	_	_
3.5	400	[2]	δι	_	_
3.5	401	[13]	’	b	_
3.5	402	[2]	αὐτὸ	_	_
3.5	403	[7]	τὸ	_	_
3.5	404	[3]	νόσημα	_	_
3.5	405	[35]	,	b	_
3.5	406	[2]	ταύτης	_	_
3.5	407	[1]	δ	_	_
3.5	408	[14]	’	b	_
3.5	409	[3]	ἔτι	_	_
3.5	410	[1]	πολὺ	_	_
3.5	411	[1]	μᾶλλον	_	_
3.5	412	[2]	ὁ	_	_
3.5	413	[1]	λόγος	_	_
3.5	414	[13]	.	b	_
3.5	415	[2]	οὐ	_	_
3.5	416	[8]	γὰρ	_	_
3.5	417	[1]	ἐγχωρεῖ	_	_
3.5	418	[1]	πεφθέντων	_	_
3.5	419	[4]	τῶν	_	_
3.5	420	[1]	νοσερῶν	_	_
3.5	421	[1]	αἰτίων	_	_
3.5	422	[36]	,	b	_
3.5	423	[3]	οὐδὲ	_	_
3.5	424	[7]	τῆς	_	_
3.5	425	[1]	φύσεως	_	_
3.5	426	[1]	ἐπικρατούσης	_	_
3.5	427	[4]	ἔτι	_	_
3.5	428	[37]	,	b	_
3.5	429	[1]	ἀπολέσθαι	_	_
3.5	430	[5]	τὸν	_	_
3.5	431	[1]	ἄνθρωπον	_	_
3.5	432	[38]	,	b	_
3.5	433	[1]	ἄν	_	_
3.5	434	[2]	γε	_	_
3.5	435	[1]	θεραπεύηται	_	_
3.5	436	[1]	καλῶς	_	_
3.5	437	[1]	ὑπὸ	_	_
3.5	438	[5]	τῶν	_	_
3.5	439	[2]	ἰατρῶν	_	_
3.5	440	[14]	.	b	_
3.5	441	[2]	ὅπου	_	_
3.5	442	[9]	γὰρ	_	_
3.5	443	[1]	διήνεγκέ	_	_
3.5	444	[3]	τε	_	_
3.5	445	[21]	καὶ	_	_
3.5	446	[1]	ἀπεμαχέσατο	_	_
3.5	447	[39]	,	b	_
3.5	448	[22]	καὶ	_	_
3.5	449	[1]	ἀντήρκεσε	_	_
3.5	450	[2]	τῷ	_	_
3.5	451	[1]	σφοδροτάτῳ	_	_
3.5	452	[8]	τῆς	_	_
3.5	453	[1]	νόσου	_	_
3.5	454	[40]	,	b	_
3.5	455	[23]	καὶ	_	_
3.5	456	[1]	κατηγωνίσατο	_	_
3.5	457	[1]	τὰ	_	_
3.5	458	[1]	λυποῦντα	_	_
3.5	459	[41]	,	b	_
3.5	460	[3]	τοῦτο	_	_
3.5	461	[1]	γάρ	_	_
3.5	462	[2]	ἐστιν	_	_
3.5	463	[3]	ὁ	_	_
3.5	464	[2]	πεπασμὸς	_	_
3.5	465	[42]	,	b	_
3.5	466	[3]	οὐκ	_	_
3.5	467	[1]	ἐνδέχεται	_	_
3.5	468	[1]	ταύτην	_	_
3.5	469	[1]	οὐκέτι	_	_
3.5	470	[1]	νικηθῆναι	_	_
3.5	471	[15]	.	b	_
3.5	472	[24]	καὶ	_	_
3.5	473	[1]	μὴν	_	_
3.5	474	[1]	εἴπερ	_	_
3.5	475	[1]	ἀήττητος	_	_
3.5	476	[3]	ἡ	_	_
3.5	477	[1]	φύσις	_	_
3.5	478	[3]	τοῦ	_	_
3.5	479	[4]	νοσήματος	_	_
3.5	480	[1]	εἴη	_	_
3.5	481	[43]	,	b	_
3.5	482	[4]	κατ	_	_
3.5	483	[15]	’	b	_
3.5	484	[1]	οὐδένα	_	_
3.5	485	[1]	τρόπον	_	_
3.5	486	[2]	ἐγχωρεῖ	_	_
3.5	487	[1]	θάνατον	_	_
3.5	488	[1]	ἀπαντῆσαι	_	_
3.5	489	[44]	,	b	_
3.5	490	[2]	εἴ	_	_
3.5	491	[3]	γε	_	_
3.5	492	[2]	δὴ	_	_
3.5	493	[1]	﻿	_	_
3.5	494	[1]	μηδ	_	_
3.5	495	[16]	’	b	_
3.5	496	[1]	ἄλλό	_	_
3.5	497	[2]	τι	_	_
3.5	498	[1]	θάνατός	_	_
3.5	499	[3]	ἐστι	_	_
3.5	500	[1]	παρὰ	_	_
3.5	501	[6]	τὴν	_	_
3.5	502	[1]	παντελῆ	_	_
3.5	503	[9]	τῆς	_	_
3.5	504	[2]	φύσεως	_	_
3.5	505	[1]	ἧτταν	_	_
3.5	506	[45]	,	b	_
3.5	507	[1]	διαρκούσης	_	_
3.5	508	[5]	δὲ	_	_
3.5	509	[25]	καὶ	_	_
3.5	510	[1]	κρατούσης	_	_
3.5	511	[26]	καὶ	_	_
3.5	512	[1]	νικώσης	_	_
3.5	513	[2]	ἀνάγκη	_	_
3.5	514	[1]	σώζεσθαι	_	_
3.5	515	[8]	τὸ	_	_
3.5	516	[1]	ζῶον	_	_
3.5	517	[16]	.	b	_
3.5	518	[1]	ἐκ	_	_
3.5	519	[1]	πάντων	_	_
3.5	520	[2]	οὖν	_	_
3.5	521	[4]	ὁ	_	_
3.5	522	[2]	λόγος	_	_
3.5	523	[1]	ἀναγκάζει	_	_
3.5	524	[1]	τοῦτ	_	_
3.5	525	[17]	’	b	_
3.5	526	[3]	ἀσκεῖν	_	_
3.5	527	[3]	μάλιστα	_	_
3.5	528	[46]	,	b	_
3.5	529	[10]	τῆς	_	_
3.5	530	[2]	νόσου	_	_
3.5	531	[3]	προγινώσκειν	_	_
3.5	532	[9]	τὸ	_	_
3.5	533	[1]	μέρος	_	_
3.5	534	[47]	,	b	_
3.5	535	[1]	ὃ	_	_
3.5	536	[1]	καλοῦσιν	_	_
3.5	537	[2]	ἀκμήν	_	_
3.5	538	[17]	.	b	_
3.5	539	[27]	καὶ	_	_
3.5	540	[10]	γὰρ	_	_
3.5	541	[3]	δὴ	_	_
3.5	542	[28]	καὶ	_	_
3.5	543	[4]	ἡ	_	_
3.5	544	[4]	τοῦ	_	_
3.5	545	[1]	τεθνήξεσθαι	_	_
3.5	546	[6]	τὸν	_	_
3.5	547	[2]	ἄνθρωπον	_	_
3.5	548	[48]	,	b	_
3.5	549	[5]	ἢ	_	_
3.5	550	[3]	μὴ	_	_
3.5	551	[2]	τεθνήξεσθαι	_	_
3.5	552	[1]	πρόγνωσις	_	_
3.5	553	[49]	,	b	_
3.5	554	[1]	ἄνευ	_	_
3.5	555	[5]	τοῦ	_	_
3.5	556	[1]	προγνῶναι	_	_
3.5	557	[7]	τὸν	_	_
3.5	558	[4]	καιρὸν	_	_
3.5	559	[11]	τῆς	_	_
3.5	560	[3]	ἀκμῆς	_	_
3.5	561	[4]	οὐκ	_	_
3.5	562	[2]	ἄν	_	_
3.5	563	[2]	ποτε	_	_
3.5	564	[1]	γένοιτο	_	_
3.5	565	[18]	.	b	_
3.5	566	[1]	τότε	_	_
3.5	567	[11]	γὰρ	_	_
3.5	568	[1]	πρῶτον	_	_
3.5	569	[2]	ἀποθανεῖν	_	_
3.5	570	[3]	ἀναγκαῖον	_	_
3.5	571	[50]	,	b	_
3.5	572	[2]	ὅταν	_	_
3.5	573	[5]	ἡ	_	_
3.5	574	[2]	δύναμις	_	_
3.5	575	[2]	ὑπὸ	_	_
3.5	576	[6]	τοῦ	_	_
3.5	577	[5]	νοσήματος	_	_
3.5	578	[1]	ἡττηθῇ	_	_
3.5	579	[19]	.	b	_
3.5	580	[3]	χρὴ	_	_
3.5	581	[6]	δὲ	_	_
3.5	582	[51]	,	b	_
3.5	583	[3]	εἴτε	_	_
3.5	584	[1]	δύναμιν	_	_
3.5	585	[52]	,	b	_
3.5	586	[4]	εἴτε	_	_
3.5	587	[1]	φύσιν	_	_
3.5	588	[1]	εἴποιμι	_	_
3.5	589	[53]	,	b	_
3.5	590	[1]	ταὐτὸν	_	_
3.5	591	[1]	ἀκούειν	_	_
3.5	592	[1]	σε	_	_
3.5	593	[1]	νῦν	_	_
3.5	594	[54]	,	b	_
3.5	595	[29]	καὶ	_	_
3.5	596	[2]	μὴν	_	_
3.5	597	[5]	οὐκ	_	_
3.5	598	[3]	ἐγχωρεῖ	_	_
3.5	599	[2]	σε	_	_
3.5	600	[1]	γνῶναί	_	_
3.5	601	[3]	ποτε	_	_
3.5	602	[55]	,	b	_
3.5	603	[1]	πότερον	_	_
3.5	604	[2]	πρῶτον	_	_
3.5	605	[1]	ἡττηθήσεται	_	_
3.5	606	[56]	,	b	_
3.5	607	[7]	τοῦ	_	_
3.5	608	[1]	μέλλοντος	_	_
3.5	609	[1]	ἀδήλου	_	_
3.5	610	[2]	παντάπασιν	_	_
3.5	611	[1]	ὑπάρχοντος	_	_
3.5	612	[20]	.	b	_
3.5	613	[5]	εἰ	_	_
3.5	614	[4]	μὲν	_	_
3.5	615	[12]	γὰρ	_	_
3.5	616	[1]	ἐντὸς	_	_
3.5	617	[2]	ἡμέρας	_	_
3.5	618	[1]	μιᾶς	_	_
3.5	619	[6]	ἡ	_	_
3.5	620	[2]	κρίσις	_	_
3.5	621	[1]	ἔσεσθαι	_	_
3.5	622	[1]	μέλλει	_	_
3.5	623	[57]	,	b	_
3.5	624	[1]	φθάσει	_	_
3.5	625	[1]	δηλονότι	_	_
3.5	626	[1]	σωθεὶς	_	_
3.5	627	[5]	ὁ	_	_
3.5	628	[1]	νοσῶν	_	_
3.5	629	[58]	,	b	_
3.5	630	[1]	πρὶν	_	_
3.5	631	[7]	τὴν	_	_
3.5	632	[2]	δύναμιν	_	_
3.5	633	[3]	ὑπὸ	_	_
3.5	634	[8]	τοῦ	_	_
3.5	635	[6]	νοσήματος	_	_
3.5	636	[2]	νικηθῆναι	_	_
3.5	637	[21]	.	b	_
3.5	638	[6]	εἰ	_	_
3.5	639	[2]	δ	_	_
3.5	640	[18]	’	b	_
3.5	641	[6]	οὐκ	_	_
3.5	642	[2]	ἐνδέχεται	_	_
3.5	643	[1]	πρὸ	_	_
3.5	644	[6]	τῶν	_	_
3.5	645	[1]	κ΄	_	_
3.5	646	[1]	ἡμερῶν	_	_
3.5	647	[59]	,	b	_
3.5	648	[7]	εἰ	_	_
3.5	649	[1]	τύχοι	_	_
3.5	650	[60]	,	b	_
3.5	651	[2]	γενέσθαι	_	_
3.5	652	[8]	τὴν	_	_
3.5	653	[3]	ἀκμὴν	_	_
3.5	654	[61]	,	b	_
3.5	655	[3]	ἐνδέχεται	_	_
3.5	656	[1]	φθάσαι	_	_
3.5	657	[1]	καμεῖν	_	_
3.5	658	[6]	ἐν	_	_
3.5	659	[3]	τῷ	_	_
3.5	660	[1]	χρόνῳ	_	_
3.5	661	[9]	τὴν	_	_
3.5	662	[3]	δύναμιν	_	_
3.5	663	[62]	,	b	_
3.5	664	[1]	ὥστε	_	_
3.5	665	[7]	τῶν	_	_
3.5	666	[1]	ὁμοίων	_	_
3.5	667	[2]	πάντων	_	_
3.5	668	[1]	φαινομένων	_	_
3.5	669	[1]	ἀῤῥώστων	_	_
3.5	670	[4]	ἐγχωρεῖ	_	_
3.5	671	[8]	τὸν	_	_
3.5	672	[5]	μὲν	_	_
3.5	673	[1]	σωθῆναι	_	_
3.5	674	[63]	,	b	_
3.5	675	[9]	τὸν	_	_
3.5	676	[3]	δ	_	_
3.5	677	[19]	’	b	_
3.5	678	[2]	ἀπολέσθαι	_	_
3.5	679	[5]	διὰ	_	_
3.5	680	[10]	τὸν	_	_
3.5	681	[5]	καιρὸν	_	_
3.5	682	[12]	τῆς	_	_
3.5	683	[1]	μελλούσης	_	_
3.5	684	[4]	ἀκμῆς	_	_
3.5	685	[22]	.	b	_
3.5	686	[8]	εἰ	_	_
3.5	687	[6]	μὲν	_	_
3.5	688	[3]	οὖν	_	_
3.5	689	[1]	εἶχέ	_	_
3.5	690	[3]	τις	_	_
3.5	691	[1]	ἄλλον	_	_
3.5	692	[1]	ἡμᾶς	_	_
3.5	693	[1]	διδάξαι	_	_
3.5	694	[1]	διορισμὸν	_	_
3.5	695	[1]	εἰς	_	_
3.5	696	[10]	τὸ	_	_
3.5	697	[1]	διακρίνειν	_	_
3.5	698	[1]	δύνασθαι	_	_
3.5	699	[1]	τούς	_	_
3.5	700	[1]	τ	_	_
3.5	701	[20]	’	b	_
3.5	702	[1]	ἀπολεσθησομένους	_	_
3.5	703	[30]	καὶ	_	_
3.5	704	[1]	σωθησομένους	_	_
3.5	705	[64]	,	b	_
3.5	706	[2]	οὐδὲν	_	_
3.5	707	[2]	ἂν	_	_
3.5	708	[1]	ἴσως	_	_
3.5	709	[2]	εἰς	_	_
3.5	710	[4]	τοῦτο	_	_
3.5	711	[1]	δεοίμεθα	_	_
3.5	712	[1]	διαγινώσκειν	_	_
3.5	713	[4]	ἀκμὴν	_	_
3.5	714	[1]	μέλλουσαν	_	_
3.5	715	[65]	,	b	_
3.5	716	[9]	εἰ	_	_
3.5	717	[7]	οὐκ	_	_
3.5	718	[4]	ἐνδέχεται	_	_
3.5	719	[8]	τῶν	_	_
3.5	720	[1]	ὡσαύτως	_	_
3.5	721	[2]	φαινομένων	_	_
3.5	722	[1]	νόσων	_	_
3.5	723	[1]	ὅστις	_	_
3.5	724	[1]	ἐστὶν	_	_
3.5	725	[6]	ὁ	_	_
3.5	726	[1]	σωθησόμενος	_	_
3.5	727	[66]	,	b	_
3.5	728	[6]	ἢ	_	_
3.5	729	[1]	τεθνηξόμενος	_	_
3.5	730	[67]	,	b	_
3.5	731	[1]	ἑτέρως	_	_
3.5	732	[7]	ἢ	_	_
3.5	733	[4]	ὡς	_	_
3.5	734	[1]	ἐγὼ	_	_
3.5	735	[2]	νῦν	_	_
3.5	736	[1]	εἴρηκα	_	_
3.5	737	[68]	,	b	_
3.5	738	[2]	μεγίστη	_	_
3.5	739	[31]	καὶ	_	_
3.5	740	[5]	κατὰ	_	_
3.5	741	[5]	τοῦτο	_	_
3.5	742	[1]	χρεία	_	_
3.5	743	[9]	τοῦ	_	_
3.5	744	[2]	προγνῶναι	_	_
3.5	745	[10]	τὴν	_	_
3.5	746	[3]	ἀκμήν	_	_
3.5	747	[23]	.	b	_
3.5	748	[1]	Ἱπποκράτης	_	_
3.5	749	[7]	μὲν	_	_
3.5	750	[4]	οὖν	_	_
3.5	751	[1]	συντεκμαίρεσθαί	_	_
3.5	752	[1]	φησι	_	_
3.5	753	[1]	χρῆναι	_	_
3.5	754	[11]	τὸν	_	_
3.5	755	[1]	νοσέοντα	_	_
3.5	756	[69]	,	b	_
3.5	757	[10]	εἰ	_	_
3.5	758	[1]	ἐξαρκέσει	_	_
3.5	759	[2]	πρὸς	_	_
3.5	760	[11]	τὴν	_	_
3.5	761	[5]	ἀκμὴν	_	_
3.5	762	[13]	τῆς	_	_
3.5	763	[3]	νόσου	_	_
3.5	764	[70]	,	b	_
3.5	765	[32]	καὶ	_	_
3.5	766	[2]	πότερον	_	_
3.5	767	[1]	ἐκεῖνος	_	_
3.5	768	[1]	ἀπαυδήσει	_	_
3.5	769	[1]	πρότερον	_	_
3.5	770	[71]	,	b	_
3.5	771	[33]	καὶ	_	_
3.5	772	[8]	οὐκ	_	_
3.5	773	[2]	ἐξαρκέσει	_	_
3.5	774	[2]	τῇ	_	_
3.5	775	[1]	διαίτῃ	_	_
3.5	776	[72]	,	b	_
3.5	777	[8]	ἢ	_	_
3.5	778	[7]	ἡ	_	_
3.5	779	[1]	νοῦσος	_	_
3.5	780	[2]	ἀπαυδήσει	_	_
3.5	781	[2]	πρότερον	_	_
3.5	782	[34]	καὶ	_	_
3.5	783	[1]	ἀμβλυνεῖται	_	_
3.5	784	[24]	.	b	_
3.5	785	[1]	φαίνεται	_	_
3.5	786	[7]	δὲ	_	_
3.5	787	[35]	καὶ	_	_
3.5	788	[1]	Διοκλῆς	_	_
3.5	789	[36]	καὶ	_	_
3.5	790	[1]	Πλειστόνικος	_	_
3.5	791	[37]	καὶ	_	_
3.5	792	[1]	Πραξαγόρας	_	_
3.5	793	[38]	καὶ	_	_
3.5	794	[1]	Φιλότιμος	_	_
3.5	795	[39]	καὶ	_	_
3.5	796	[2]	πάντες	_	_
3.5	797	[1]	ἁπλῶς	_	_
3.5	798	[1]	εἰπεῖν	_	_
3.5	799	[1]	οἱ	_	_
3.5	800	[1]	δοκιμώτατοι	_	_
3.5	801	[9]	τῶν	_	_
3.5	802	[3]	ἰατρῶν	_	_
3.5	803	[3]	οὐδὲν	_	_
3.5	804	[1]	ἐξευρίσκοντες	_	_
3.5	805	[2]	ἄλλο	_	_
3.5	806	[1]	βέλτιον	_	_
3.5	807	[3]	εἰς	_	_
3.5	808	[1]	διάγνωσιν	_	_
3.5	809	[10]	τοῦ	_	_
3.5	810	[3]	τεθνήξεσθαι	_	_
3.5	811	[12]	τὸν	_	_
3.5	812	[3]	ἄνθρωπον	_	_
3.5	813	[73]	,	b	_
3.5	814	[9]	ἢ	_	_
3.5	815	[1]	σωθήσεσθαι	_	_
3.5	816	[25]	.	b	_
3.5	817	[5]	τοῖς	_	_
3.5	818	[8]	δὲ	_	_
3.5	819	[1]	πάντῃ	_	_
3.5	820	[2]	τὰ	_	_
3.5	821	[1]	καλὰ	_	_
3.5	822	[14]	τῆς	_	_
3.5	823	[1]	τέχνης	_	_
3.5	824	[1]	λυμηναμένοις	_	_
3.5	825	[1]	οὔτ	_	_
3.5	826	[21]	’	b	_
3.5	827	[2]	ἄλλό	_	_
3.5	828	[3]	τι	_	_
3.5	829	[1]	σοφώτερον	_	_
3.5	830	[1]	ἐξεύρηται	_	_
3.5	831	[74]	,	b	_
3.5	832	[40]	καὶ	_	_
3.5	833	[2]	τοῦτ	_	_
3.5	834	[22]	’	b	_
3.5	835	[1]	ἐσχάτως	_	_
3.5	836	[1]	ἠμέληται	_	_
3.5	837	[26]	.	b	_
3.5	838	[1]	τίς	_	_
3.5	839	[13]	γὰρ	_	_
3.5	840	[1]	αὐτῶν	_	_
3.5	841	[10]	ἢ	_	_
3.5	842	[2]	μέγεθος	_	_
3.5	843	[7]	νοσήματος	_	_
3.5	844	[75]	,	b	_
3.5	845	[11]	ἢ	_	_
3.5	846	[1]	ῥώμην	_	_
3.5	847	[1]	δυνάμεως	_	_
3.5	848	[1]	ἀσκεῖ	_	_
3.5	849	[2]	διαγινώσκειν	_	_
3.5	850	[76]	,	b	_
3.5	851	[12]	ἢ	_	_
3.5	852	[12]	τὴν	_	_
3.5	853	[2]	μέλλουσαν	_	_
3.5	854	[6]	ἀκμὴν	_	_
3.5	855	[4]	προγινώσκειν	_	_
3.5	856	[1]	;	b	_
3.5	857	[41]	καὶ	_	_
3.5	858	[3]	μὴν	_	_
3.5	859	[2]	ἄνευ	_	_
3.5	860	[15]	τῆς	_	_
3.5	861	[10]	τῶν	_	_
3.5	862	[1]	τριῶν	_	_
3.5	863	[1]	τούτων	_	_
3.5	864	[2]	ἀκριβοῦς	_	_
3.5	865	[1]	διαγνώσεως	_	_
3.5	866	[9]	οὐκ	_	_
3.5	867	[5]	ἐνδέχεται	_	_
3.5	868	[1]	περὶ	_	_
3.5	869	[1]	σωτηρίας	_	_
3.5	870	[4]	οὐδὲν	_	_
3.5	871	[1]	ἐξευρεῖν	_	_
3.5	872	[77]	,	b	_
3.5	873	[3]	οὐ	_	_
3.5	874	[2]	μᾶλλον	_	_
3.5	875	[13]	ἢ	_	_
3.5	876	[11]	εἰ	_	_
3.5	877	[1]	φορτίον	_	_
3.5	878	[4]	τις	_	_
3.5	879	[1]	ἱκανὸς	_	_
3.5	880	[1]	κομίζειν	_	_
3.5	881	[1]	ἔσοιτο	_	_
3.5	882	[78]	,	b	_
3.5	883	[1]	χωρὶς	_	_
3.5	884	[11]	τοῦ	_	_
3.5	885	[42]	καὶ	_	_
3.5	886	[13]	τὴν	_	_
3.5	887	[2]	ῥώμην	_	_
3.5	888	[1]	εἰδέναι	_	_
3.5	889	[12]	τοῦ	_	_
3.5	890	[1]	ἀνθρώπου	_	_
3.5	891	[43]	καὶ	_	_
3.5	892	[11]	τὸ	_	_
3.5	893	[3]	μέγεθος	_	_
3.5	894	[13]	τοῦ	_	_
3.5	895	[1]	φορτίου	_	_
3.5	896	[44]	καὶ	_	_
3.5	897	[12]	τὸ	_	_
3.5	898	[1]	μῆκος	_	_
3.5	899	[16]	τῆς	_	_
3.5	900	[1]	ὁδοῦ	_	_
3.5	901	[27]	.	b	_
3.5	902	[1]	ἀνάλογον	_	_
3.5	903	[2]	γάρ	_	_
3.5	904	[3]	ἐστιν	_	_
3.5	905	[8]	ἡ	_	_
3.5	906	[8]	μὲν	_	_
3.5	907	[3]	δύναμις	_	_
3.5	908	[4]	τῷ	_	_
3.5	909	[1]	βαστάζοντι	_	_
3.5	910	[79]	,	b	_
3.5	911	[13]	τὸ	_	_
3.5	912	[9]	δὲ	_	_
3.5	913	[4]	νόσημα	_	_
3.5	914	[5]	τῷ	_	_
3.5	915	[1]	φορτίῳ	_	_
3.5	916	[80]	,	b	_
3.5	917	[14]	τὸ	_	_
3.5	918	[10]	δὲ	_	_
3.5	919	[2]	μῆκος	_	_
3.5	920	[14]	τοῦ	_	_
3.5	921	[1]	χρόνου	_	_
3.5	922	[15]	τὸ	_	_
3.5	923	[1]	μέχρι	_	_
3.5	924	[17]	τῆς	_	_
3.5	925	[5]	ἀκμῆς	_	_
3.5	926	[6]	τῷ	_	_
3.5	927	[1]	μήκει	_	_
3.5	928	[18]	τῆς	_	_
3.5	929	[2]	ὁδοῦ	_	_
3.5	930	[28]	.	b	_
3.5	931	[1]	πῶς	_	_
3.5	932	[5]	οὖν	_	_
3.5	933	[1]	οἷόν	_	_
3.5	934	[1]	τέ	_	_
3.5	935	[4]	ἐστι	_	_
3.5	936	[1]	γνῶναι	_	_
3.5	937	[2]	περὶ	_	_
3.5	938	[15]	τοῦ	_	_
3.5	939	[1]	κάμνοντος	_	_
3.5	940	[81]	,	b	_
3.5	941	[12]	εἰ	_	_
3.5	942	[3]	ἐξαρκέσει	_	_
3.5	943	[82]	,	b	_
3.5	944	[1]	μηδεμίαν	_	_
3.5	945	[1]	ἔχοντα	_	_
3.5	946	[1]	πρόγνωσιν	_	_
3.5	947	[3]	περὶ	_	_
3.5	948	[19]	τῆς	_	_
3.5	949	[6]	ἀκμῆς	_	_
3.5	950	[2]	;	b	_
3.5	951	[2]	ἐξ	_	_
3.5	952	[1]	ἁπάντων	_	_
3.5	953	[6]	οὖν	_	_
3.5	954	[7]	ὁ	_	_
3.5	955	[3]	λόγος	_	_
3.5	956	[2]	ἀναγκάζει	_	_
3.5	957	[2]	μηδὲν	_	_
3.5	958	[4]	οὕτως	_	_
3.5	959	[4]	ἀσκεῖν	_	_
3.5	960	[5]	ὡς	_	_
3.5	961	[20]	τῆς	_	_
3.5	962	[2]	μελλούσης	_	_
3.5	963	[7]	ἀκμῆς	_	_
3.5	964	[14]	τὴν	_	_
3.5	965	[2]	πρόγνωσιν	_	_
3.5	966	[29]	.	b	_
3.5	967	[13]	εἰ	_	_
3.5	968	[14]	γὰρ	_	_
3.5	969	[45]	καὶ	_	_
3.5	970	[1]	διαιτῆσαι	_	_
3.5	971	[2]	καλῶς	_	_
3.5	972	[10]	οὐκ	_	_
3.5	973	[5]	ἐγχωρεῖ	_	_
3.5	974	[2]	χωρὶς	_	_
3.5	975	[16]	τοῦ	_	_
3.5	976	[2]	ταύτην	_	_
3.5	977	[3]	προγνῶναι	_	_
3.5	978	[83]	,	b	_
3.5	979	[46]	καὶ	_	_
3.5	980	[4]	περὶ	_	_
3.5	981	[2]	σωτηρίας	_	_
3.5	982	[17]	τοῦ	_	_
3.5	983	[1]	νοσοῦντος	_	_
3.5	984	[84]	,	b	_
3.5	985	[14]	ἢ	_	_
3.5	986	[5]	περὶ	_	_
3.5	987	[2]	θανάτου	_	_
3.5	988	[85]	,	b	_
3.5	989	[1]	καθ	_	_
3.5	990	[23]	’	b	_
3.5	991	[1]	ἕτερον	_	_
3.5	992	[2]	τρόπον	_	_
3.5	993	[1]	οὐχ	_	_
3.5	994	[2]	οἷόν	_	_
3.5	995	[4]	τε	_	_
3.5	996	[1]	σαφῶς	_	_
3.5	997	[2]	ἐξευρεῖν	_	_
3.5	998	[30]	.	b	_
3.5	999	[3]	ἀλλ	_	_
3.5	1000	[24]	’	b	_
3.5	1001	[4]	οὐδὲ	_	_
3.5	1002	[6]	περὶ	_	_
3.5	1003	[2]	κρίσεως	_	_
3.5	1004	[86]	,	b	_
3.5	1005	[5]	εἴτε	_	_
3.5	1006	[2]	ὅλως	_	_
3.5	1007	[87]	,	b	_
3.5	1008	[6]	εἴτε	_	_
3.5	1009	[2]	μηδ	_	_
3.5	1010	[25]	’	b	_
3.5	1011	[3]	ὅλως	_	_
3.5	1012	[1]	ἔσται	_	_
3.5	1013	[47]	καὶ	_	_
3.5	1014	[1]	γινομένη	_	_
3.5	1015	[1]	πηνίκα	_	_
3.5	1016	[48]	καὶ	_	_
3.5	1017	[1]	ὁποία	_	_
3.5	1018	[5]	τις	_	_
3.5	1019	[2]	ἔσται	_	_
3.5	1020	[88]	,	b	_
3.5	1021	[3]	χωρὶς	_	_
3.5	1022	[21]	τῆς	_	_
3.5	1023	[6]	κατὰ	_	_
3.5	1024	[15]	τὴν	_	_
3.5	1025	[7]	ἀκμὴν	_	_
3.5	1026	[1]	προγνώσεως	_	_
3.5	1027	[1]	ἀδύνατον	_	_
3.5	1028	[2]	εἰδέναι	_	_
3.5	1029	[31]	.	b	_
3.5	1030	[1]	μέγιστον	_	_
3.5	1031	[3]	ἂν	_	_
3.5	1032	[2]	εἴη	_	_
3.5	1033	[49]	καὶ	_	_
3.5	1034	[3]	πρῶτον	_	_
3.5	1035	[2]	ἁπάντων	_	_
3.5	1036	[11]	τῶν	_	_
3.5	1037	[7]	κατὰ	_	_
3.5	1038	[16]	τὴν	_	_
3.5	1039	[1]	τέχνην	_	_
3.5	1040	[8]	ἀκμῆς	_	_
3.5	1041	[3]	μελλούσης	_	_
3.5	1042	[1]	ἀσκῆσαι	_	_
3.5	1043	[3]	πρόγνωσιν	_	_
3.5	1044	[32]	.	b	_
3.5	1045	[1]	ὅπως	_	_
3.5	1046	[9]	μὲν	_	_
3.5	1047	[7]	οὖν	_	_
3.5	1048	[4]	χρὴ	_	_
3.5	1049	[6]	τοῦτο	_	_
3.5	1050	[1]	ποιεῖν	_	_
3.5	1051	[89]	,	b	_
3.5	1052	[1]	ἔμπροσθεν	_	_
3.5	1053	[1]	εἴρηται	_	_
3.5	1054	[33]	.	b	_
3.6	1	[1]	Νυνὶ	_	_
3.6	2	[1]	δ	_	_
3.6	3	[1]	’	b	_
3.6	4	[1]	ὅπερ	_	_
3.6	5	[1]	ἔμπροσθεν	_	_
3.6	6	[1]	ἐλέγομεν	_	_
3.6	7	[1]	ἀναληπτέον	_	_
3.6	8	[1]	,	b	_
3.6	9	[1]	ὡς	_	_
3.6	10	[1]	ἐκ	_	_
3.6	11	[1]	τοῦ	_	_
3.6	12	[1]	γνῶναι	_	_
3.6	13	[1]	μέγεθος	_	_
3.6	14	[2]	τοῦ	_	_
3.6	15	[1]	νοσήματος	_	_
3.6	16	[1]	καὶ	_	_
3.6	17	[1]	ἰσχὺν	_	_
3.6	18	[1]	δυνάμεως	_	_
3.6	19	[2]	καὶ	_	_
3.6	20	[1]	ἀκμῆς	_	_
3.6	21	[1]	καιρὸν	_	_
3.6	22	[2]	,	b	_
3.6	23	[1]	εἴτε	_	_
3.6	24	[1]	σωθήσεται	_	_
3.6	25	[1]	προγνόντες	_	_
3.6	26	[1]	ὁ	_	_
3.6	27	[1]	κάμνων	_	_
3.6	28	[3]	,	b	_
3.6	29	[2]	εἴτε	_	_
3.6	30	[1]	μὴ	_	_
3.6	31	[4]	,	b	_
3.6	32	[1]	δυναίμεθ	_	_
3.6	33	[2]	’	b	_
3.6	34	[1]	ἂν	_	_
3.6	35	[1]	συλλογίζεσθαί	_	_
3.6	36	[1]	τι	_	_
3.6	37	[1]	περὶ	_	_
3.6	38	[3]	τοῦ	_	_
3.6	39	[1]	χρόνου	_	_
3.6	40	[3]	καὶ	_	_
3.6	41	[4]	τοῦ	_	_
3.6	42	[1]	τρόπου	_	_
3.6	43	[1]	τῆς	_	_
3.6	44	[1]	κρίσεως	_	_
3.6	45	[1]	.	b	_
3.6	46	[1]	εἰ	_	_
3.6	47	[1]	μὲν	_	_
3.6	48	[1]	γὰρ	_	_
3.6	49	[1]	ἀκίνδυνον	_	_
3.6	50	[1]	εὑρίσκοιτο	_	_
3.6	51	[1]	τὸ	_	_
3.6	52	[1]	νόσημα	_	_
3.6	53	[1]	πάντῃ	_	_
3.6	54	[5]	,	b	_
3.6	55	[4]	καὶ	_	_
3.6	56	[1]	μήτ	_	_
3.6	57	[3]	’	b	_
3.6	58	[1]	ὀξύτης	_	_
3.6	59	[1]	αὐτοῦ	_	_
3.6	60	[1]	κατεπείγοι	_	_
3.6	61	[1]	μήτε	_	_
3.6	62	[2]	μέγεθος	_	_
3.6	63	[6]	,	b	_
3.6	64	[1]	ἀλλὰ	_	_
3.6	65	[1]	μηδὲ	_	_
3.6	66	[1]	πλημμεληθείη	_	_
3.6	67	[2]	τι	_	_
3.6	68	[2]	περὶ	_	_
3.6	69	[1]	τὸν	_	_
3.6	70	[1]	κάμνοντα	_	_
3.6	71	[7]	,	b	_
3.6	72	[2]	τὸν	_	_
3.6	73	[2]	τῆς	_	_
3.6	74	[2]	ἀκμῆς	_	_
3.6	75	[2]	καιρὸν	_	_
3.6	76	[1]	ἡ	_	_
3.6	77	[1]	κρίσις	_	_
3.6	78	[1]	ἀναμένει	_	_
3.6	79	[8]	,	b	_
3.6	80	[5]	καὶ	_	_
3.6	81	[1]	αὕτη	_	_
3.6	82	[1]	μέν	_	_
3.6	83	[1]	ἐστιν	_	_
3.6	84	[2]	ἡ	_	_
3.6	85	[1]	ἀρίστη	_	_
3.6	86	[2]	κρίσις	_	_
3.6	87	[9]	,	b	_
3.6	88	[1]	ἤδη	_	_
3.6	89	[2]	γὰρ	_	_
3.6	90	[1]	πεπεμμένου	_	_
3.6	91	[5]	τοῦ	_	_
3.6	92	[2]	νοσήματος	_	_
3.6	93	[1]	γίνεται	_	_
3.6	94	[2]	.	b	_
3.6	95	[2]	εἰ	_	_
3.6	96	[1]	δέ	_	_
3.6	97	[1]	γε	_	_
3.6	98	[1]	ἤτοι	_	_
3.6	99	[1]	διὰ	_	_
3.6	100	[2]	τὸ	_	_
3.6	101	[3]	μέγεθος	_	_
3.6	102	[10]	,	b	_
3.6	103	[1]	ἢ	_	_
3.6	104	[3]	τὸ	_	_
3.6	105	[3]	τῆς	_	_
3.6	106	[1]	κινήσεως	_	_
3.6	107	[1]	τάχος	_	_
3.6	108	[11]	,	b	_
3.6	109	[2]	ἢ	_	_
3.6	110	[1]	διά	_	_
3.6	111	[1]	τινα	_	_
3.6	112	[1]	ἄλλον	_	_
3.6	113	[1]	ἐρεθισμὸν	_	_
3.6	114	[12]	,	b	_
3.6	115	[1]	ἐντὸς	_	_
3.6	116	[4]	τῆς	_	_
3.6	117	[3]	ἀκμῆς	_	_
3.6	118	[1]	ἀναγκασθείη	_	_
3.6	119	[4]	τὸ	_	_
3.6	120	[2]	νόσημα	_	_
3.6	121	[1]	κριθῆναι	_	_
3.6	122	[13]	,	b	_
3.6	123	[1]	τοσοῦτον	_	_
3.6	124	[5]	τῆς	_	_
3.6	125	[1]	ἀρίστης	_	_
3.6	126	[2]	κρίσεως	_	_
3.6	127	[3]	ἡ	_	_
3.6	128	[1]	νῦν	_	_
3.6	129	[1]	ἔσται	_	_
3.6	130	[1]	χείρων	_	_
3.6	131	[1]	ὅσον	_	_
3.6	132	[1]	ἔφθασε	_	_
3.6	133	[1]	τὴν	_	_
3.6	134	[1]	ἀκμήν	_	_
3.6	135	[3]	.	b	_
3.6	136	[3]	εἰ	_	_
3.6	137	[1]	δὲ	_	_
3.6	138	[1]	μηδ	_	_
3.6	139	[4]	’	b	_
3.6	140	[1]	ἐξαρκέσαι	_	_
3.6	141	[1]	δύναιτο	_	_
3.6	142	[1]	μέχρι	_	_
3.6	143	[6]	τῆς	_	_
3.6	144	[4]	ἀκμῆς	_	_
3.6	145	[14]	,	b	_
3.6	146	[1]	ἀνάγκη	_	_
3.6	147	[2]	μὲν	_	_
3.6	148	[1]	ἀποθανεῖν	_	_
3.6	149	[1]	ἐν	_	_
3.6	150	[1]	τῷ	_	_
3.6	151	[1]	τοιούτῳ	_	_
3.6	152	[1]	νοσήματι	_	_
3.6	153	[3]	τὸν	_	_
3.6	154	[1]	ἄῤῥωστον	_	_
3.6	155	[15]	,	b	_
3.6	156	[1]	ἀλλ	_	_
3.6	157	[5]	’	b	_
3.6	158	[1]	οὐ	_	_
3.6	159	[1]	πάντως	_	_
3.6	160	[1]	ἐγγὺς	_	_
3.6	161	[7]	τῆς	_	_
3.6	162	[5]	ἀκμῆς	_	_
3.6	163	[1]	·	b	_
3.6	164	[1]	ἐνδέχεται	_	_
3.6	165	[3]	γὰρ	_	_
3.6	166	[6]	καὶ	_	_
3.6	167	[1]	πολὺ	_	_
3.6	168	[1]	θᾶττον	_	_
3.6	169	[1]	αὐτῆς	_	_
3.6	170	[7]	καὶ	_	_
3.6	171	[1]	κατ	_	_
3.6	172	[6]	’	b	_
3.6	173	[1]	ἀρχὰς	_	_
3.6	174	[1]	εὐθὺς	_	_
3.6	175	[1]	ὅλης	_	_
3.6	176	[8]	τῆς	_	_
3.6	177	[1]	νόσου	_	_
3.6	178	[4]	.	b	_
3.6	179	[3]	κρίσις	_	_
3.6	180	[3]	μὲν	_	_
3.6	181	[4]	γὰρ	_	_
3.6	182	[2]	ἤτοι	_	_
3.6	183	[1]	κατὰ	_	_
3.6	184	[2]	τὴν	_	_
3.6	185	[1]	ἀκμὴν	_	_
3.6	186	[3]	ἢ	_	_
3.6	187	[1]	μικρὸν	_	_
3.6	188	[1]	πρὸ	_	_
3.6	189	[2]	αὐτῆς	_	_
3.6	190	[2]	γίνεται	_	_
3.6	191	[16]	,	b	_
3.6	192	[1]	θάνατος	_	_
3.6	193	[2]	δὲ	_	_
3.6	194	[2]	ἐν	_	_
3.6	195	[1]	τοῖς	_	_
3.6	196	[1]	τρισὶ	_	_
3.6	197	[1]	καιροῖς	_	_
3.6	198	[17]	,	b	_
3.6	199	[1]	ἀρχῇ	_	_
3.6	200	[8]	καὶ	_	_
3.6	201	[1]	ἀναβάσει	_	_
3.6	202	[9]	καὶ	_	_
3.6	203	[1]	ἀκμῇ	_	_
3.6	204	[5]	.	b	_
3.7	1	[1]	Πλειόνων	_	_
3.7	2	[1]	δὲ	_	_
3.7	3	[1]	ὄντων	_	_
3.7	4	[1]	πραγμάτων	_	_
3.7	5	[1]	,	b	_
3.7	6	[1]	ἵνα	_	_
3.7	7	[1]	ὁ	_	_
3.7	8	[1]	λόγος	_	_
3.7	9	[1]	ᾖ	_	_
3.7	10	[1]	σαφὴς	_	_
3.7	11	[2]	,	b	_
3.7	12	[1]	συγχωρησάτωσαν	_	_
3.7	13	[1]	ἡμῖν	_	_
3.7	14	[1]	οἱ	_	_
3.7	15	[1]	σοφισταὶ	_	_
3.7	16	[1]	καθ	_	_
3.7	17	[1]	’	b	_
3.7	18	[1]	ἕκαστον	_	_
3.7	19	[1]	αὐτῶν	_	_
3.7	20	[1]	ἴδιον	_	_
3.7	21	[1]	ὄνομα	_	_
3.7	22	[1]	θέσθαι	_	_
3.7	23	[3]	,	b	_
3.7	24	[1]	κᾂν	_	_
3.7	25	[1]	εἰ	_	_
3.7	26	[1]	μὴ	_	_
3.7	27	[1]	συγχωροῖεν	_	_
3.7	28	[2]	δὲ	_	_
3.7	29	[1]	μακρὰν	_	_
3.7	30	[1]	χαίρειν	_	_
3.7	31	[1]	αὐτοῖς	_	_
3.7	32	[1]	εἰπόντες	_	_
3.7	33	[4]	,	b	_
3.7	34	[1]	οὐ	_	_
3.7	35	[1]	γὰρ	_	_
3.7	36	[1]	ἐκείνοις	_	_
3.7	37	[5]	,	b	_
3.7	38	[1]	ἀλλὰ	_	_
3.7	39	[1]	τοῖς	_	_
3.7	40	[1]	τὴν	_	_
3.7	41	[1]	ἀλήθειαν	_	_
3.7	42	[1]	ἀσκοῦσιν	_	_
3.7	43	[2]	ὁ	_	_
3.7	44	[2]	λόγος	_	_
3.7	45	[1]	ὅδε	_	_
3.7	46	[1]	σύγκειται	_	_
3.7	47	[6]	,	b	_
3.7	48	[1]	σκοπῶμεν	_	_
3.7	49	[1]	οὕτως	_	_
3.7	50	[1]	.	b	_
3.7	51	[2]	εἰ	_	_
3.7	52	[1]	μὲν	_	_
3.7	53	[1]	δή	_	_
3.7	54	[1]	τις	_	_
3.7	55	[1]	ἀθρόως	_	_
3.7	56	[1]	ἀπηλλάγη	_	_
3.7	57	[1]	τῆς	_	_
3.7	58	[1]	νόσου	_	_
3.7	59	[7]	,	b	_
3.7	60	[1]	πάντως	_	_
3.7	61	[2]	μὲν	_	_
3.7	62	[1]	τούτῳ	_	_
3.7	63	[1]	κένωσις	_	_
3.7	64	[1]	ἀξιόλογος	_	_
3.7	65	[1]	ἀπήντησε	_	_
3.7	66	[1]	δι	_	_
3.7	67	[2]	’	b	_
3.7	68	[1]	ἐμέτων	_	_
3.7	69	[1]	ἢ	_	_
3.7	70	[1]	γαστρὸς	_	_
3.7	71	[2]	ἢ	_	_
3.7	72	[1]	ἱδρώτων	_	_
3.7	73	[3]	ἢ	_	_
3.7	74	[1]	οὔρων	_	_
3.7	75	[4]	ἢ	_	_
3.7	76	[1]	αἱμοῤῥαγίας	_	_
3.7	77	[1]	ἐκ	_	_
3.7	78	[1]	ῥινῶν	_	_
3.7	79	[8]	,	b	_
3.7	80	[5]	ἢ	_	_
3.7	81	[1]	αἱμοῤῥοΐδων	_	_
3.7	82	[1]	ἐξ	_	_
3.7	83	[1]	ἕδρας	_	_
3.7	84	[9]	,	b	_
3.7	85	[6]	ἢ	_	_
3.7	86	[1]	καταμηνίων	_	_
3.7	87	[1]	φορᾶς	_	_
3.7	88	[1]	ἐπὶ	_	_
3.7	89	[1]	γυναικῶν	_	_
3.7	90	[10]	,	b	_
3.7	91	[2]	ἀλλὰ	_	_
3.7	92	[1]	καὶ	_	_
3.7	93	[1]	παρωτίδες	_	_
3.7	94	[1]	ἀπήλλαξαν	_	_
3.7	95	[1]	οὐκ	_	_
3.7	96	[1]	ὀλίγους	_	_
3.7	97	[11]	,	b	_
3.7	98	[1]	ἐν	_	_
3.7	99	[1]	καιρῷ	_	_
3.7	100	[1]	τῷ	_	_
3.7	101	[1]	δέοντι	_	_
3.7	102	[1]	φανεῖσαι	_	_
3.7	103	[2]	καὶ	_	_
3.7	104	[1]	εἰς	_	_
3.7	105	[1]	γόνατα	_	_
3.7	106	[3]	καὶ	_	_
3.7	107	[2]	εἰς	_	_
3.7	108	[1]	πόδας	_	_
3.7	109	[4]	καὶ	_	_
3.7	110	[3]	εἰς	_	_
3.7	111	[1]	ἄλλο	_	_
3.7	112	[1]	τι	_	_
3.7	113	[5]	καὶ	_	_
3.7	114	[2]	ἄλλο	_	_
3.7	115	[1]	τῶν	_	_
3.7	116	[1]	ἀκύρων	_	_
3.7	117	[1]	μορίων	_	_
3.7	118	[1]	ἀπόσκημμα	_	_
3.7	119	[2]	.	b	_
3.7	120	[6]	καὶ	_	_
3.7	121	[3]	μὲν	_	_
3.7	122	[1]	δὴ	_	_
3.7	123	[7]	καὶ	_	_
3.7	124	[1]	προηγεῖταί	_	_
3.7	125	[1]	τε	_	_
3.7	126	[8]	καὶ	_	_
3.7	127	[1]	συνεδρεύει	_	_
3.7	128	[1]	τούτοις	_	_
3.7	129	[1]	ἅπασιν	_	_
3.7	130	[2]	οὐ	_	_
3.7	131	[1]	σμικρὰ	_	_
3.7	132	[1]	ταραχὴ	_	_
3.7	133	[1]	κατὰ	_	_
3.7	134	[1]	τὸ	_	_
3.7	135	[1]	σῶμα	_	_
3.7	136	[1]	τοῦ	_	_
3.7	137	[1]	κάμνοντος	_	_
3.7	138	[12]	,	b	_
3.7	139	[1]	παραπαίουσί	_	_
3.7	140	[2]	τε	_	_
3.7	141	[9]	καὶ	_	_
3.7	142	[1]	δυσπνοοῦσι	_	_
3.7	143	[10]	καὶ	_	_
3.7	144	[1]	ἀσώδεις	_	_
3.7	145	[1]	εἰσὶ	_	_
3.7	146	[13]	,	b	_
3.7	147	[11]	καὶ	_	_
3.7	148	[1]	τὰ	_	_
3.7	149	[1]	ἄλλα	_	_
3.7	150	[1]	ὅσα	_	_
3.7	151	[1]	ἔμπροσθεν	_	_
3.7	152	[1]	εἴρηται	_	_
3.7	153	[1]	πάσχουσιν	_	_
3.7	154	[3]	.	b	_
3.7	155	[1]	εἷς	_	_
3.7	156	[4]	μὲν	_	_
3.7	157	[2]	δὴ	_	_
3.7	158	[1]	τρόπος	_	_
3.7	159	[2]	ὅδε	_	_
3.7	160	[1]	λύσεως	_	_
3.7	161	[1]	νοσημάτων	_	_
3.7	162	[14]	,	b	_
3.7	163	[1]	ὃν	_	_
3.7	164	[1]	οὐχ	_	_
3.7	165	[1]	ἡμεῖς	_	_
3.7	166	[1]	μόνοι	_	_
3.7	167	[1]	νῦν	_	_
3.7	168	[1]	ἀξιοῦμεν	_	_
3.7	169	[1]	ἕνεκα	_	_
3.7	170	[1]	σαφοῦς	_	_
3.7	171	[1]	διδασκαλίας	_	_
3.7	172	[1]	ὀνομάζεσθαι	_	_
3.7	173	[1]	κρίσιν	_	_
3.7	174	[15]	,	b	_
3.7	175	[1]	﻿	_	_
3.7	176	[3]	ἀλλὰ	_	_
3.7	177	[12]	καὶ	_	_
3.7	178	[2]	οἱ	_	_
3.7	179	[1]	παλαιοὶ	_	_
3.7	180	[1]	πάντες	_	_
3.7	181	[2]	οὕτως	_	_
3.7	182	[1]	ἐκάλουν	_	_
3.7	183	[4]	.	b	_
3.7	184	[1]	ἕτερος	_	_
3.7	185	[3]	δὲ	_	_
3.7	186	[2]	τὰ	_	_
3.7	187	[5]	μὲν	_	_
3.7	188	[2]	ἄλλα	_	_
3.7	189	[1]	τῷδε	_	_
3.7	190	[1]	σύμπαντ	_	_
3.7	191	[3]	’	b	_
3.7	192	[1]	ἔχων	_	_
3.7	193	[3]	τὰ	_	_
3.7	194	[1]	αὐτὰ	_	_
3.7	195	[16]	,	b	_
3.7	196	[1]	μόνῳ	_	_
3.7	197	[4]	δὲ	_	_
3.7	198	[1]	διαφέρων	_	_
3.7	199	[2]	τῷ	_	_
3.7	200	[2]	μὴ	_	_
3.7	201	[1]	τελέως	_	_
3.7	202	[1]	ἀπαλλάττειν	_	_
3.7	203	[2]	τῆς	_	_
3.7	204	[2]	νόσου	_	_
3.7	205	[5]	.	b	_
3.7	206	[1]	ὀνομάζεται	_	_
3.7	207	[5]	δὲ	_	_
3.7	208	[13]	καὶ	_	_
3.7	209	[1]	οὗτος	_	_
3.7	210	[1]	ἐνίοτε	_	_
3.7	211	[6]	μὲν	_	_
3.7	212	[1]	ἁπλῶς	_	_
3.7	213	[1]	κρίσις	_	_
3.7	214	[17]	,	b	_
3.7	215	[1]	ὥσπερ	_	_
3.7	216	[14]	καὶ	_	_
3.7	217	[3]	ὁ	_	_
3.7	218	[1]	πρότερος	_	_
3.7	219	[18]	,	b	_
3.7	220	[2]	ἐνίοτε	_	_
3.7	221	[6]	δὲ	_	_
3.7	222	[1]	μετὰ	_	_
3.7	223	[1]	προσθήκης	_	_
3.7	224	[1]	ἀτελὴς	_	_
3.7	225	[2]	κρίσις	_	_
3.7	226	[19]	,	b	_
3.7	227	[7]	ἢ	_	_
3.7	228	[1]	ἐλλιπὴς	_	_
3.7	229	[3]	κρίσις	_	_
3.7	230	[6]	.	b	_
3.7	231	[2]	ὅσα	_	_
3.7	232	[7]	δὲ	_	_
3.7	233	[2]	κατὰ	_	_
3.7	234	[1]	βραχὺ	_	_
3.7	235	[1]	παύεται	_	_
3.7	236	[1]	νοσήματα	_	_
3.7	237	[20]	,	b	_
3.7	238	[1]	λύεσθαι	_	_
3.7	239	[7]	μὲν	_	_
3.7	240	[2]	ἐν	_	_
3.7	241	[3]	τῷ	_	_
3.7	242	[1]	παρόντι	_	_
3.7	243	[1]	λεγέσθω	_	_
3.7	244	[21]	,	b	_
3.7	245	[1]	κρίνεσθαι	_	_
3.7	246	[8]	δὲ	_	_
3.7	247	[3]	μὴ	_	_
3.7	248	[2]	λεγέσθω	_	_
3.7	249	[22]	,	b	_
3.7	250	[1]	καίτοι	_	_
3.7	251	[1]	τοῦτο	_	_
3.7	252	[1]	ἔφαμεν	_	_
3.7	253	[1]	ὀνομάζεσθαί	_	_
3.7	254	[1]	ποτε	_	_
3.7	255	[1]	καταχρωμένων	_	_
3.7	256	[2]	κρίσιν	_	_
3.7	257	[23]	,	b	_
3.7	258	[4]	ἀλλὰ	_	_
3.7	259	[2]	νῦν	_	_
3.7	260	[2]	ἐπὶ	_	_
3.7	261	[1]	τρισὶ	_	_
3.7	262	[2]	τοῖς	_	_
3.7	263	[1]	εἰρημένοις	_	_
3.7	264	[2]	ἴδιον	_	_
3.7	265	[1]	ἑκάστῳ	_	_
3.7	266	[1]	σαφηνείας	_	_
3.7	267	[1]	ἕνεκεν	_	_
3.7	268	[2]	ὄνομα	_	_
3.7	269	[1]	κείσθω	_	_
3.7	270	[1]	·	b	_
3.7	271	[4]	κρίσις	_	_
3.7	272	[8]	μὲν	_	_
3.7	273	[2]	ἁπλῶς	_	_
3.7	274	[1]	ἡ	_	_
3.7	275	[1]	ὀξύῤῥοπος	_	_
3.7	276	[3]	τῆς	_	_
3.7	277	[3]	νόσου	_	_
3.7	278	[1]	λύσις	_	_
3.7	279	[24]	,	b	_
3.7	280	[2]	ἐλλιπὴς	_	_
3.7	281	[9]	δὲ	_	_
3.7	282	[5]	κρίσις	_	_
3.7	283	[2]	ἡ	_	_
3.7	284	[2]	ὀξύῤῥοπος	_	_
3.7	285	[1]	μείωσις	_	_
3.7	286	[2]	·	b	_
3.7	287	[3]	ἁπλῶς	_	_
3.7	288	[10]	δὲ	_	_
3.7	289	[2]	λύσις	_	_
3.7	290	[3]	ἡ	_	_
3.7	291	[3]	ἐν	_	_
3.7	292	[1]	χρόνῳ	_	_
3.7	293	[3]	τε	_	_
3.7	294	[1]	πλείονι	_	_
3.7	295	[15]	καὶ	_	_
3.7	296	[3]	κατὰ	_	_
3.7	297	[1]	μικρὸν	_	_
3.7	298	[1]	γινομένη	_	_
3.7	299	[7]	.	b	_
3.7	300	[2]	ὥσπερ	_	_
3.7	301	[11]	δὲ	_	_
3.7	302	[1]	ταῖς	_	_
3.7	303	[1]	κρίσεσιν	_	_
3.7	304	[2]	ἐξ	_	_
3.7	305	[1]	ἀνάγκης	_	_
3.7	306	[1]	ἤτοι	_	_
3.7	307	[2]	κένωσις	_	_
3.7	308	[2]	ἀξιόλογος	_	_
3.7	309	[25]	,	b	_
3.7	310	[8]	ἢ	_	_
3.7	311	[1]	πάν	_	_
3.7	312	[1]	τως	_	_
3.7	313	[1]	γ	_	_
3.7	314	[4]	’	b	_
3.7	315	[2]	ἀπόσκημμα	_	_
3.7	316	[1]	μετά	_	_
3.7	317	[1]	τινος	_	_
3.7	318	[1]	ὀξείας	_	_
3.7	319	[1]	γίνεται	_	_
3.7	320	[1]	ταραχῆς	_	_
3.7	321	[26]	,	b	_
3.7	322	[3]	οὕτως	_	_
3.7	323	[2]	ταῖς	_	_
3.7	324	[1]	λύσεσιν	_	_
3.7	325	[1]	οὔτε	_	_
3.7	326	[1]	σάλος	_	_
3.7	327	[1]	οὐδεὶς	_	_
3.7	328	[2]	οὔτε	_	_
3.7	329	[3]	κένωσις	_	_
3.7	330	[3]	οὔτε	_	_
3.7	331	[3]	ἀπόσκημμα	_	_
3.7	332	[1]	συμπίπτει	_	_
3.7	333	[8]	.	b	_
3.7	334	[1]	τρεῖς	_	_
3.7	335	[9]	μὲν	_	_
3.7	336	[3]	δὴ	_	_
3.7	337	[1]	τρόποι	_	_
3.7	338	[1]	μεταβολῆς	_	_
3.7	339	[2]	νοσημάτων	_	_
3.7	340	[1]	οἵδε	_	_
3.7	341	[27]	,	b	_
3.7	342	[1]	μέλλοντος	_	_
3.7	343	[1]	σωθήσεσθαι	_	_
3.7	344	[2]	τοῦ	_	_
3.7	345	[2]	κάμνοντος	_	_
3.7	346	[3]	·	b	_
3.7	347	[2]	τρεῖς	_	_
3.7	348	[12]	δὲ	_	_
3.7	349	[1]	ἄλλοι	_	_
3.7	350	[2]	τούτοις	_	_
3.7	351	[1]	ἀντίστροφοι	_	_
3.7	352	[2]	μέλλοντος	_	_
3.7	353	[1]	τεθνήξεσθαι	_	_
3.7	354	[9]	.	b	_
3.7	355	[9]	ἢ	_	_
3.7	356	[2]	γὰρ	_	_
3.7	357	[2]	ἀθρόως	_	_
3.7	358	[1]	ἀποθνήσκει	_	_
3.7	359	[2]	τις	_	_
3.7	360	[1]	ἅμα	_	_
3.7	361	[1]	ταραχῇ	_	_
3.7	362	[16]	καὶ	_	_
3.7	363	[1]	σάλῳ	_	_
3.7	364	[1]	καί	_	_
3.7	365	[1]	τισιν	_	_
3.7	366	[1]	ἐκκρίσεσιν	_	_
3.7	367	[28]	,	b	_
3.7	368	[10]	ἢ	_	_
3.7	369	[1]	ἀποσκήμμασιν	_	_
3.7	370	[1]	ἀξιολόγοις	_	_
3.7	371	[29]	,	b	_
3.7	372	[11]	ἢ	_	_
3.7	373	[2]	οὐκ	_	_
3.7	374	[1]	ἀπέθανε	_	_
3.7	375	[10]	μὲν	_	_
3.7	376	[3]	ἐπὶ	_	_
3.7	377	[1]	τοῖσδε	_	_
3.7	378	[30]	,	b	_
3.7	379	[1]	χείρων	_	_
3.7	380	[1]	δ	_	_
3.7	381	[5]	’	b	_
3.7	382	[1]	ἀπεδείχθη	_	_
3.7	383	[1]	μακρῷ	_	_
3.7	384	[10]	.	b	_
3.7	385	[1]	καλείσθω	_	_
3.7	386	[4]	δὴ	_	_
3.7	387	[1]	ταῦτα	_	_
3.7	388	[1]	κοινῇ	_	_
3.7	389	[11]	μὲν	_	_
3.7	390	[1]	ἄμφω	_	_
3.7	391	[1]	κρίσεις	_	_
3.7	392	[3]	οὐκ	_	_
3.7	393	[1]	ἀγαθαὶ	_	_
3.7	394	[31]	,	b	_
3.7	395	[1]	μηδὲν	_	_
3.7	396	[1]	διαφέροντος	_	_
3.7	397	[1]	εἴθ	_	_
3.7	398	[6]	’	b	_
3.7	399	[4]	οὕτως	_	_
3.7	400	[32]	,	b	_
3.7	401	[1]	εἴτε	_	_
3.7	402	[1]	κακὰς	_	_
3.7	403	[2]	κρίσεις	_	_
3.7	404	[1]	ὀνομάζομεν	_	_
3.7	405	[1]	αὐτὰς	_	_
3.7	406	[33]	,	b	_
3.7	407	[1]	ἰδίᾳ	_	_
3.7	408	[2]	δ	_	_
3.7	409	[7]	’	b	_
3.7	410	[1]	ἑκατέρα	_	_
3.7	411	[1]	τελεία	_	_
3.7	412	[12]	μὲν	_	_
3.7	413	[4]	ἡ	_	_
3.7	414	[1]	προτέρα	_	_
3.7	415	[34]	,	b	_
3.7	416	[3]	ἐλλιπὴς	_	_
3.7	417	[13]	δὲ	_	_
3.7	418	[5]	ἡ	_	_
3.7	419	[1]	δευτέρα	_	_
3.7	420	[11]	.	b	_
3.7	421	[2]	τὸ	_	_
3.7	422	[14]	δὲ	_	_
3.7	423	[1]	τρίτον	_	_
3.7	424	[1]	εἶδος	_	_
3.7	425	[4]	τῆς	_	_
3.7	426	[1]	κακῆς	_	_
3.7	427	[2]	μεταβολῆς	_	_
3.7	428	[35]	,	b	_
3.7	429	[3]	τὸ	_	_
3.7	430	[4]	κατὰ	_	_
3.7	431	[2]	βραχὺ	_	_
3.7	432	[1]	γινόμενον	_	_
3.7	433	[1]	ἄχρι	_	_
3.7	434	[1]	θανάτου	_	_
3.7	435	[36]	,	b	_
3.7	436	[1]	μαρασμὸς	_	_
3.7	437	[1]	ὀνομαζέσθω	_	_
3.7	438	[12]	.	b	_
3.7	439	[1]	ταυτὶ	_	_
3.7	440	[13]	μὲν	_	_
3.7	441	[1]	οὖν	_	_
3.7	442	[1]	τρία	_	_
3.7	443	[1]	τρισὶν	_	_
3.7	444	[1]	ἀντίκειται	_	_
3.7	445	[13]	.	b	_
3.7	446	[1]	τέταρτος	_	_
3.7	447	[15]	δὲ	_	_
3.7	448	[2]	τρόπος	_	_
3.7	449	[1]	ἐστὶν	_	_
3.7	450	[1]	ὀξυῤῥόπου	_	_
3.7	451	[3]	μεταβολῆς	_	_
3.7	452	[4]	ἐπὶ	_	_
3.7	453	[4]	τὸ	_	_
3.7	454	[1]	χεῖρον	_	_
3.7	455	[37]	,	b	_
3.7	456	[1]	ἄνευ	_	_
3.7	457	[1]	μεγάλων	_	_
3.7	458	[1]	ἐκκρίσεων	_	_
3.7	459	[38]	,	b	_
3.7	460	[12]	ἢ	_	_
3.7	461	[1]	ἀποσκημμάτων	_	_
3.7	462	[39]	,	b	_
3.7	463	[2]	ὃν	_	_
3.7	464	[1]	οὐδὲ	_	_
3.7	465	[3]	κρίσιν	_	_
3.7	466	[1]	ὀνομάζω	_	_
3.7	467	[14]	.	b	_
3.7	468	[1]	ὅτι	_	_
3.7	469	[14]	μὲν	_	_
3.7	470	[2]	οὖν	_	_
3.7	471	[1]	ἕτερον	_	_
3.7	472	[1]	εἴπομεν	_	_
3.7	473	[1]	εἶναι	_	_
3.7	474	[1]	τόνδε	_	_
3.7	475	[1]	τὸν	_	_
3.7	476	[2]	τὸν	_	_
3.7	477	[1]	τρόπον	_	_
3.7	478	[1]	ἐκείνων	_	_
3.7	479	[40]	,	b	_
3.7	480	[1]	οὓς	_	_
3.7	481	[2]	ἅμα	_	_
3.7	482	[2]	σάλῳ	_	_
3.7	483	[1]	τέ	_	_
3.7	484	[1]	τινι	_	_
3.7	485	[17]	καὶ	_	_
3.7	486	[2]	ταραχῇ	_	_
3.7	487	[18]	καὶ	_	_
3.7	488	[1]	σὺν	_	_
3.7	489	[2]	ἐκκρίσεσιν	_	_
3.7	490	[2]	ἀξιολόγοις	_	_
3.7	491	[41]	,	b	_
3.7	492	[13]	ἢ	_	_
3.7	493	[2]	ἀποσκήμμασιν	_	_
3.7	494	[1]	ἐλέγομεν	_	_
3.7	495	[1]	γίνεσθαι	_	_
3.7	496	[42]	,	b	_
3.7	497	[1]	πρόδηλον	_	_
3.7	498	[1]	παντί	_	_
3.7	499	[15]	.	b	_
3.7	500	[19]	καὶ	_	_
3.7	501	[3]	γὰρ	_	_
3.7	502	[20]	καὶ	_	_
3.7	503	[5]	τὸ	_	_
3.7	504	[1]	χωρὶς	_	_
3.7	505	[2]	ἐκείνων	_	_
3.7	506	[2]	τῶν	_	_
3.7	507	[1]	συμπτωμάτων	_	_
3.7	508	[43]	,	b	_
3.7	509	[1]	ἃ	_	_
3.7	510	[1]	πρόσθεν	_	_
3.7	511	[1]	ὠνομάσαμεν	_	_
3.7	512	[1]	κρίσιμα	_	_
3.7	513	[21]	καὶ	_	_
3.7	514	[6]	τὸ	_	_
3.7	515	[2]	χωρὶς	_	_
3.7	516	[1]	ἐκκρίσεως	_	_
3.7	517	[44]	,	b	_
3.7	518	[14]	ἢ	_	_
3.7	519	[1]	ἀποσκήμματος	_	_
3.7	520	[45]	,	b	_
3.7	521	[1]	ἕτερόν	_	_
3.7	522	[1]	ἐστι	_	_
3.7	523	[3]	τοῦ	_	_
3.7	524	[2]	σὺν	_	_
3.7	525	[2]	ἐκείνοις	_	_
3.7	526	[16]	.	b	_
3.7	527	[3]	εἰ	_	_
3.7	528	[16]	δὲ	_	_
3.7	529	[1]	ὀρθῶς	_	_
3.7	530	[46]	,	b	_
3.7	531	[15]	ἢ	_	_
3.7	532	[4]	μὴ	_	_
3.7	533	[47]	,	b	_
3.7	534	[2]	τῷδε	_	_
3.7	535	[4]	τῷ	_	_
3.7	536	[1]	τρόπῳ	_	_
3.7	537	[4]	τοῦ	_	_
3.7	538	[2]	θανάτου	_	_
3.7	539	[7]	τὸ	_	_
3.7	540	[5]	τῆς	_	_
3.7	541	[1]	κρίσεως	_	_
3.7	542	[4]	οὐκ	_	_
3.7	543	[1]	ἐπιφέρομεν	_	_
3.7	544	[3]	ὄνομα	_	_
3.7	545	[48]	,	b	_
3.7	546	[1]	τοῦτ	_	_
3.7	547	[8]	’	b	_
3.7	548	[1]	ἤδη	_	_
3.7	549	[1]	περὶ	_	_
3.7	550	[1]	ὀνόματός	_	_
3.7	551	[1]	ἐστιν	_	_
3.7	552	[49]	,	b	_
3.7	553	[3]	οὐ	_	_
3.7	554	[2]	περὶ	_	_
3.7	555	[1]	πράγματος	_	_
3.7	556	[1]	ἀμφισβητεῖν	_	_
3.7	557	[17]	.	b	_
3.7	558	[1]	ἐγὼ	_	_
3.7	559	[15]	μὲν	_	_
3.7	560	[4]	γὰρ	_	_
3.7	561	[1]	ἐδίδαξα	_	_
3.7	562	[1]	τρόπους	_	_
3.7	563	[1]	τέτταρας	_	_
3.7	564	[1]	ἀλλήλων	_	_
3.7	565	[1]	διαφέροντας	_	_
3.7	566	[50]	,	b	_
3.7	567	[22]	καὶ	_	_
3.7	568	[1]	τοὔνομά	_	_
3.7	569	[1]	γε	_	_
3.7	570	[2]	ἑκάστῳ	_	_
3.7	571	[2]	σαφοῦς	_	_
3.7	572	[2]	ἕνεκα	_	_
3.7	573	[2]	διδασκαλίας	_	_
3.7	574	[1]	ἠξίωσα	_	_
3.7	575	[2]	θέσθαι	_	_
3.7	576	[1]	διάφορον	_	_
3.7	577	[18]	.	b	_
3.7	578	[4]	εἰ	_	_
3.7	579	[1]	δέ	_	_
3.7	580	[3]	τις	_	_
3.7	581	[1]	ἔχει	_	_
3.7	582	[1]	βέλτιον	_	_
3.7	583	[51]	,	b	_
3.7	584	[16]	ἢ	_	_
3.7	585	[1]	σαφέστερον	_	_
3.7	586	[1]	ὀνομάζειν	_	_
3.7	587	[52]	,	b	_
3.7	588	[5]	οὐκ	_	_
3.7	589	[1]	ἀμφισβητήσαιμι	_	_
3.7	590	[1]	ἂν	_	_
3.7	591	[1]	αὐτῷ	_	_
3.7	592	[6]	τῆς	_	_
3.7	593	[1]	κλήσεως	_	_
3.7	594	[19]	.	b	_
3.7	595	[1]	ἔστι	_	_
3.7	596	[17]	δὲ	_	_
3.7	597	[6]	οὐκ	_	_
3.7	598	[4]	ἐν	_	_
3.7	599	[2]	τούτῳ	_	_
3.7	600	[8]	τὸ	_	_
3.7	601	[1]	διδάξαι	_	_
3.7	602	[2]	τι	_	_
3.7	603	[1]	χρηστὸν	_	_
3.7	604	[53]	,	b	_
3.7	605	[1]	ἀλλ	_	_
3.7	606	[9]	’	b	_
3.7	607	[5]	ἐν	_	_
3.7	608	[5]	τῷ	_	_
3.7	609	[23]	καὶ	_	_
3.7	610	[1]	διαγινώσκειν	_	_
3.7	611	[2]	ἕκαστον	_	_
3.7	612	[3]	τῶν	_	_
3.7	613	[1]	τρόπων	_	_
3.7	614	[1]	παρόντα	_	_
3.7	615	[24]	καὶ	_	_
3.7	616	[1]	προγινώσκειν	_	_
3.7	617	[1]	ἐσόμενον	_	_
3.7	618	[20]	.	b	_
3.7	619	[4]	οὐ	_	_
3.7	620	[1]	μὴν	_	_
3.7	621	[1]	οὐδ	_	_
3.7	622	[10]	’	b	_
3.7	623	[5]	εἰ	_	_
3.7	624	[1]	τὰς	_	_
3.7	625	[1]	αἰτίας	_	_
3.7	626	[1]	ἐγχειρήσαιμι	_	_
3.7	627	[1]	λέγειν	_	_
3.7	628	[1]	ἐφεξῆς	_	_
3.7	629	[1]	ἑκάστου	_	_
3.7	630	[4]	τῶν	_	_
3.7	631	[2]	τρόπων	_	_
3.7	632	[54]	,	b	_
3.7	633	[1]	εἶτά	_	_
3.7	634	[4]	τις	_	_
3.7	635	[1]	ἀντειπὼν	_	_
3.7	636	[1]	αὐταῖς	_	_
3.7	637	[1]	ὡς	_	_
3.7	638	[7]	οὐκ	_	_
3.7	639	[2]	ὀρθῶς	_	_
3.7	640	[1]	ἐχούσαις	_	_
3.7	641	[1]	οἴοιτο	_	_
3.7	642	[3]	τοῖς	_	_
3.7	643	[1]	τρόποις	_	_
3.7	644	[2]	αὐτοῖς	_	_
3.7	645	[1]	ἀντειρηκέναι	_	_
3.7	646	[55]	,	b	_
3.7	647	[1]	δεόντως	_	_
3.7	648	[1]	ὑπολαμβάνει	_	_
3.7	649	[21]	.	b	_
3.7	650	[9]	τὸ	_	_
3.7	651	[16]	μὲν	_	_
3.7	652	[5]	γὰρ	_	_
3.7	653	[25]	καὶ	_	_
3.7	654	[1]	τοσούτους	_	_
3.7	655	[2]	εἶναι	_	_
3.7	656	[1]	τοὺς	_	_
3.7	657	[2]	τρόπους	_	_
3.7	658	[2]	καθ	_	_
3.7	659	[11]	’	b	_
3.7	660	[2]	οὓς	_	_
3.7	661	[1]	ὑγιάζονταί	_	_
3.7	662	[4]	τε	_	_
3.7	663	[26]	καὶ	_	_
3.7	664	[1]	ἀποθνήσκουσιν	_	_
3.7	665	[3]	οἱ	_	_
3.7	666	[1]	νοσοῦντες	_	_
3.7	667	[56]	,	b	_
3.7	668	[27]	καὶ	_	_
3.7	669	[2]	ὀνομάζεσθαι	_	_
3.7	670	[4]	τοῖς	_	_
3.7	671	[2]	εἰρημένοις	_	_
3.7	672	[1]	ὀνόμασι	_	_
3.7	673	[28]	καὶ	_	_
3.7	674	[1]	διαγινώσκεσθαι	_	_
3.7	675	[1]	παρόντας	_	_
3.7	676	[17]	ἢ	_	_
3.7	677	[29]	καὶ	_	_
3.7	678	[1]	μέλλοντας	_	_
3.7	679	[1]	ἔσεσθαι	_	_
3.7	680	[1]	προγινώσκεσθαι	_	_
3.7	681	[57]	,	b	_
3.7	682	[10]	τὸ	_	_
3.7	683	[1]	χρήσιμόν	_	_
3.7	684	[2]	ἐστιν	_	_
3.7	685	[1]	αὐτὸ	_	_
3.7	686	[1]	πρὸς	_	_
3.7	687	[2]	τὰς	_	_
3.7	688	[1]	ἰάσεις	_	_
3.7	689	[58]	,	b	_
3.7	690	[30]	καὶ	_	_
3.7	691	[1]	προσήκει	_	_
3.7	692	[5]	τοῖς	_	_
3.7	693	[17]	μὲν	_	_
3.7	694	[2]	ὀνόμασι	_	_
3.7	695	[1]	συγχωρεῖν	_	_
3.7	696	[59]	,	b	_
3.7	697	[3]	τὰς	_	_
3.7	698	[1]	διαγνώσεις	_	_
3.7	699	[18]	δὲ	_	_
3.7	700	[31]	καὶ	_	_
3.7	701	[4]	τὰς	_	_
3.7	702	[1]	προγνώσεις	_	_
3.7	703	[1]	τῇ	_	_
3.7	704	[1]	πείρᾳ	_	_
3.7	705	[1]	βασανίζειν	_	_
3.7	706	[22]	.	b	_
3.8	1	[1]	Εἰ	_	_
3.8	2	[1]	δὲ	_	_
3.8	3	[1]	καὶ	_	_
3.8	4	[1]	πόθεν	_	_
3.8	5	[1]	εὕροιμεν	_	_
3.8	6	[1]	αὐτὰς	_	_
3.8	7	[1]	ἐπιχειρούντων	_	_
3.8	8	[1]	ἡμῶν	_	_
3.8	9	[1]	διδάσκειν	_	_
3.8	10	[1]	,	b	_
3.8	11	[1]	ἠσκηκώς	_	_
3.8	12	[1]	τις	_	_
3.8	13	[1]	ἀντιλογικὴν	_	_
3.8	14	[1]	ἕξιν	_	_
3.8	15	[2]	,	b	_
3.8	16	[1]	οἵαν	_	_
3.8	17	[2]	καὶ	_	_
3.8	18	[1]	ὁ	_	_
3.8	19	[1]	θαυμάσιος	_	_
3.8	20	[1]	Ἀσκληπιάδης	_	_
3.8	21	[1]	ἤσκησεν	_	_
3.8	22	[3]	,	b	_
3.8	23	[1]	ἐμποδίζοι	_	_
3.8	24	[1]	τε	_	_
3.8	25	[3]	καὶ	_	_
3.8	26	[1]	διακόπτοι	_	_
3.8	27	[1]	τὸν	_	_
3.8	28	[1]	λόγον	_	_
3.8	29	[4]	,	b	_
3.8	30	[1]	ἀναμιμνήσκειν	_	_
3.8	31	[1]	χρὴ	_	_
3.8	32	[1]	τοῦτον	_	_
3.8	33	[1]	ὡς	_	_
3.8	34	[1]	οὐ	_	_
3.8	35	[1]	τὸ	_	_
3.8	36	[1]	πρᾶγμα	_	_
3.8	37	[1]	αὐτὸ	_	_
3.8	38	[1]	διαβάλλει	_	_
3.8	39	[1]	τοῦτο	_	_
3.8	40	[1]	πράττων	_	_
3.8	41	[5]	,	b	_
3.8	42	[1]	ἀλλὰ	_	_
3.8	43	[2]	τὸν	_	_
3.8	44	[1]	ὑπὲρ	_	_
3.8	45	[1]	αὐτοῦ	_	_
3.8	46	[2]	λόγον	_	_
3.8	47	[1]	.	b	_
3.8	48	[1]	οὔτε	_	_
3.8	49	[1]	γὰρ	_	_
3.8	50	[2]	ὡς	_	_
3.8	51	[2]	οὐ	_	_
3.8	52	[1]	γίνονταί	_	_
3.8	53	[1]	τινες	_	_
3.8	54	[1]	ἐξαιφνίδιοι	_	_
3.8	55	[1]	ταραχαὶ	_	_
3.8	56	[1]	περὶ	_	_
3.8	57	[2]	τὸ	_	_
3.8	58	[1]	τοῦ	_	_
3.8	59	[1]	κάμνοντος	_	_
3.8	60	[1]	σῶμα	_	_
3.8	61	[1]	δύναιτ	_	_
3.8	62	[1]	’	b	_
3.8	63	[1]	ἂν	_	_
3.8	64	[1]	εἰπεῖν	_	_
3.8	65	[2]	Ἀσκληπιάδης	_	_
3.8	66	[6]	,	b	_
3.8	67	[1]	οὔθ	_	_
3.8	68	[2]	’	b	_
3.8	69	[3]	ὡς	_	_
3.8	70	[1]	οὐκ	_	_
3.8	71	[1]	ἀκολουθοῦσιν	_	_
3.8	72	[1]	αὐταῖς	_	_
3.8	73	[1]	ἐκκρίσεις	_	_
3.8	74	[1]	ἀξιόλογοι	_	_
3.8	75	[1]	πολλάκις	_	_
3.8	76	[7]	,	b	_
3.8	77	[2]	οὔθ	_	_
3.8	78	[3]	’	b	_
3.8	79	[4]	ὡς	_	_
3.8	80	[2]	οὐκ	_	_
3.8	81	[1]	ἐγένετο	_	_
3.8	82	[1]	μεγάλη	_	_
3.8	83	[1]	μεταβολὴ	_	_
3.8	84	[1]	τοῖς	_	_
3.8	85	[1]	κάμνουσιν	_	_
3.8	86	[1]	ἐπ	_	_
3.8	87	[4]	’	b	_
3.8	88	[2]	αὐταῖς	_	_
3.8	89	[8]	,	b	_
3.8	90	[3]	οὔθ	_	_
3.8	91	[5]	’	b	_
3.8	92	[5]	ὡς	_	_
3.8	93	[3]	οὐ	_	_
3.8	94	[1]	καλεῖται	_	_
3.8	95	[3]	τὸ	_	_
3.8	96	[1]	τοιοῦτον	_	_
3.8	97	[1]	κρίσις	_	_
3.8	98	[1]	·	b	_
3.8	99	[1]	ἀλλ	_	_
3.8	100	[6]	’	b	_
3.8	101	[1]	ὅτι	_	_
3.8	102	[1]	διαγωνιζομένης	_	_
3.8	103	[1]	τῆς	_	_
3.8	104	[1]	φύσεως	_	_
3.8	105	[2]	τοῖς	_	_
3.8	106	[1]	νοσεροῖς	_	_
3.8	107	[1]	αἰτίοις	_	_
3.8	108	[4]	οὐ	_	_
3.8	109	[1]	γίνεται	_	_
3.8	110	[1]	ταῦτα	_	_
3.8	111	[9]	,	b	_
3.8	112	[2]	τοῦτο	_	_
3.8	113	[1]	πειράσεται	_	_
3.8	114	[1]	δεικνύναι	_	_
3.8	115	[10]	,	b	_
3.8	116	[1]	ληρῶν	_	_
3.8	117	[1]	μὲν	_	_
3.8	118	[1]	κᾀν	_	_
3.8	119	[1]	τούτοις	_	_
3.8	120	[1]	μακρὰ	_	_
3.8	121	[11]	,	b	_
3.8	122	[4]	καὶ	_	_
3.8	123	[1]	διὰ	_	_
3.8	124	[1]	τοὺς	_	_
3.8	125	[1]	θαυμαστοὺς	_	_
3.8	126	[1]	ὄγκους	_	_
3.8	127	[12]	,	b	_
3.8	128	[5]	καὶ	_	_
3.8	129	[1]	πόρους	_	_
3.8	130	[1]	οὓς	_	_
3.8	131	[1]	ὑπέθετο	_	_
3.8	132	[13]	,	b	_
3.8	133	[1]	δι	_	_
3.8	134	[7]	’	b	_
3.8	135	[2]	οὓς	_	_
3.8	136	[2]	οὔτε	_	_
3.8	137	[1]	τὰς	_	_
3.8	138	[1]	διοικούσας	_	_
3.8	139	[1]	δυνάμεις	_	_
3.8	140	[1]	ἔγνω	_	_
3.8	141	[2]	τοῦ	_	_
3.8	142	[1]	ζώου	_	_
3.8	143	[4]	οὔθ	_	_
3.8	144	[8]	’	b	_
3.8	145	[6]	ὡς	_	_
3.8	146	[1]	ἐπὶ	_	_
3.8	147	[1]	σωτηρίᾳ	_	_
3.8	148	[1]	πάντα	_	_
3.8	149	[1]	ποιοῦσιν	_	_
3.8	150	[1]	αἵδε	_	_
3.8	151	[14]	,	b	_
3.8	152	[6]	καὶ	_	_
3.8	153	[1]	ὑγιαινόντων	_	_
3.8	154	[2]	τε	_	_
3.8	155	[7]	καὶ	_	_
3.8	156	[1]	νοσούντων	_	_
3.8	157	[15]	,	b	_
3.8	158	[5]	οὔθ	_	_
3.8	159	[9]	’	b	_
3.8	160	[7]	ὡς	_	_
3.8	161	[1]	αὗται	_	_
3.8	162	[1]	κρίνουσι	_	_
3.8	163	[2]	τὰς	_	_
3.8	164	[1]	νόσους	_	_
3.8	165	[2]	.	b	_
3.8	166	[2]	ἀλλ	_	_
3.8	167	[10]	’	b	_
3.8	168	[1]	ὅμως	_	_
3.8	169	[1]	ἔχων	_	_
3.8	170	[1]	γέ	_	_
3.8	171	[1]	τι	_	_
3.8	172	[1]	φλυαρεῖν	_	_
3.8	173	[1]	ἐν	_	_
3.8	174	[1]	ἀδήλοις	_	_
3.8	175	[1]	αἰσθήσει	_	_
3.8	176	[1]	πράγμασιν	_	_
3.8	177	[16]	,	b	_
3.8	178	[1]	οὐδὲν	_	_
3.8	179	[1]	μέντοι	_	_
3.8	180	[2]	τῆς	_	_
3.8	181	[1]	ἰατρικῆς	_	_
3.8	182	[1]	αὐτῆς	_	_
3.8	183	[2]	ὁ	_	_
3.8	184	[1]	τοιοῦτος	_	_
3.8	185	[1]	ἅπτεται	_	_
3.8	186	[1]	λῆρος	_	_
3.8	187	[3]	.	b	_
3.8	188	[3]	οὔτε	_	_
3.8	189	[2]	γὰρ	_	_
3.8	190	[1]	διαγινώσκειν	_	_
3.8	191	[1]	ἡμᾶς	_	_
3.8	192	[2]	τοὺς	_	_
3.8	193	[1]	τρόπους	_	_
3.8	194	[1]	τῶν	_	_
3.8	195	[1]	κρίσεων	_	_
3.8	196	[4]	οὔτε	_	_
3.8	197	[1]	προγινώσκειν	_	_
3.8	198	[1]	τὰ	_	_
3.8	199	[1]	σοφίσματα	_	_
3.8	200	[2]	ταῦτα	_	_
3.8	201	[1]	κωλύει	_	_
3.8	202	[4]	.	b	_
3.8	203	[1]	ληρήσει	_	_
3.8	204	[2]	μὲν	_	_
3.8	205	[1]	οὖν	_	_
3.8	206	[1]	πολλὰ	_	_
3.8	207	[2]	πολλάκις	_	_
3.8	208	[8]	καὶ	_	_
3.8	209	[3]	Ἀσκληπιάδης	_	_
3.8	210	[17]	,	b	_
3.8	211	[9]	καὶ	_	_
3.8	212	[1]	πάντες	_	_
3.8	213	[1]	ὅσοι	_	_
3.8	214	[1]	μὴ	_	_
3.8	215	[1]	γινώσκουσιν	_	_
3.8	216	[8]	ὡς	_	_
3.8	217	[1]	αἱ	_	_
3.8	218	[1]	φύσιες	_	_
3.8	219	[2]	τῶν	_	_
3.8	220	[1]	νούσων	_	_
3.8	221	[1]	ἰητροί	_	_
3.8	222	[5]	.	b	_
3.8	223	[1]	προγνῶναι	_	_
3.8	224	[2]	δὲ	_	_
3.8	225	[1]	θανάτου	_	_
3.8	226	[1]	τρόπον	_	_
3.8	227	[18]	,	b	_
3.8	228	[1]	ἢ	_	_
3.8	229	[1]	σωτηρίας	_	_
3.8	230	[1]	οὐδέποτε	_	_
3.8	231	[1]	δυνήσονται	_	_
3.8	232	[6]	.	b	_
3.8	233	[1]	καίτοι	_	_
3.8	234	[1]	πῶς	_	_
3.8	235	[3]	οὐκ	_	_
3.8	236	[1]	αἰσχρὸν	_	_
3.8	237	[1]	ὁμοίως	_	_
3.8	238	[3]	τοῖς	_	_
3.8	239	[1]	ἰδιώταις	_	_
3.8	240	[1]	ἐκπεπλῆχθαι	_	_
3.8	241	[3]	τὸν	_	_
3.8	242	[1]	ἰατρὸν	_	_
3.8	243	[1]	ἐνεστώσης	_	_
3.8	244	[1]	κρίσεως	_	_
3.8	245	[19]	,	b	_
3.8	246	[1]	ὃν	_	_
3.8	247	[1]	ἐχρῆν	_	_
3.8	248	[5]	οὐ	_	_
3.8	249	[1]	μόνον	_	_
3.8	250	[1]	ὑπηργμένην	_	_
3.8	251	[1]	ἤδη	_	_
3.8	252	[1]	γνωρίζεσθαι	_	_
3.8	253	[20]	,	b	_
3.8	254	[1]	ἐς	_	_
3.8	255	[1]	ὅ	_	_
3.8	256	[2]	τι	_	_
3.8	257	[1]	τελευτήσειν	_	_
3.8	258	[1]	μέλλει	_	_
3.8	259	[21]	,	b	_
3.8	260	[2]	ἀλλὰ	_	_
3.8	261	[10]	καὶ	_	_
3.8	262	[2]	προγινώσκειν	_	_
3.8	263	[1]	ἐσομένην	_	_
3.8	264	[1]	κρίσιν	_	_
3.8	265	[1]	;	b	_
3.8	266	[11]	καὶ	_	_
3.8	267	[1]	μὴν	_	_
3.8	268	[4]	οὐκ	_	_
3.8	269	[1]	ἐξ	_	_
3.8	270	[1]	ἄλλων	_	_
3.8	271	[1]	ἀρχῶν	_	_
3.8	272	[1]	ἐγὼ	_	_
3.8	273	[3]	ταῦτα	_	_
3.8	274	[1]	σύμπαντα	_	_
3.8	275	[2]	περὶ	_	_
3.8	276	[3]	τῆς	_	_
3.8	277	[2]	κρίσεως	_	_
3.8	278	[5]	οὔτε	_	_
3.8	279	[1]	μέλλοντα	_	_
3.8	280	[3]	προγινώσκειν	_	_
3.8	281	[1]	οὔτ	_	_
3.8	282	[11]	’	b	_
3.8	283	[2]	ἤδη	_	_
3.8	284	[1]	παρόντα	_	_
3.8	285	[2]	διαγινώσκειν	_	_
3.8	286	[1]	ἐξεῦρον	_	_
3.8	287	[2]	ἢ	_	_
3.8	288	[1]	ὧν	_	_
3.8	289	[1]	Ἱπποκράτης	_	_
3.8	290	[2]	ὑπέθετο	_	_
3.8	291	[7]	.	b	_
3.8	292	[12]	καὶ	_	_
3.8	293	[3]	γὰρ	_	_
3.8	294	[13]	καὶ	_	_
3.8	295	[4]	τὸ	_	_
3.8	296	[1]	πέττεσθαι	_	_
3.8	297	[2]	τὰ	_	_
3.8	298	[1]	κατὰ	_	_
3.8	299	[5]	τὸ	_	_
3.8	300	[2]	σῶμα	_	_
3.8	301	[22]	,	b	_
3.8	302	[14]	καὶ	_	_
3.8	303	[6]	τὸ	_	_
3.8	304	[2]	μὴ	_	_
3.8	305	[2]	πέττεσθαι	_	_
3.8	306	[4]	τοῖς	_	_
3.8	307	[1]	Ἱπποκρατείοις	_	_
3.8	308	[1]	δόγμασιν	_	_
3.8	309	[23]	,	b	_
3.8	310	[6]	οὐ	_	_
3.8	311	[5]	τοῖς	_	_
3.8	312	[1]	Ἀσκληπιαδείοις	_	_
3.8	313	[1]	προσήκει	_	_
3.8	314	[24]	,	b	_
3.8	315	[15]	καὶ	_	_
3.8	316	[7]	τὸ	_	_
3.8	317	[1]	τὴν	_	_
3.8	318	[1]	φύσιν	_	_
3.8	319	[1]	ἔχειν	_	_
3.8	320	[2]	δυνάμεις	_	_
3.8	321	[1]	πολλὰς	_	_
3.8	322	[25]	,	b	_
3.8	323	[1]	αἷς	_	_
3.8	324	[1]	διοικεῖται	_	_
3.8	325	[8]	τὸ	_	_
3.8	326	[1]	ζῶον	_	_
3.8	327	[26]	,	b	_
3.8	328	[1]	ἕν	_	_
3.8	329	[3]	τι	_	_
3.8	330	[3]	τῶν	_	_
3.8	331	[1]	Ἱπποκράτους	_	_
3.8	332	[1]	δογμάτων	_	_
3.8	333	[1]	ἐστὶν	_	_
3.8	334	[27]	,	b	_
3.8	335	[16]	καὶ	_	_
3.8	336	[1]	τούτου	_	_
3.8	337	[1]	χωρὶς	_	_
3.8	338	[1]	οὐχ	_	_
3.8	339	[1]	οἷόν	_	_
3.8	340	[3]	τε	_	_
3.8	341	[2]	τὴν	_	_
3.8	342	[1]	ἐνεστῶσαν	_	_
3.8	343	[1]	ἡμῖν	_	_
3.8	344	[1]	θεωρίαν	_	_
3.8	345	[1]	ἐπιστήμῃ	_	_
3.8	346	[1]	περιλαβεῖν	_	_
3.8	347	[8]	.	b	_
3.8	348	[7]	οὐ	_	_
3.8	349	[4]	γὰρ	_	_
3.8	350	[1]	εἰς	_	_
3.8	351	[1]	﻿	_	_
3.8	352	[1]	ἀπείρους	_	_
3.8	353	[4]	τὸν	_	_
3.8	354	[1]	ἀριθμὸν	_	_
3.8	355	[1]	ἀποβλέπειν	_	_
3.8	356	[2]	χρὴ	_	_
3.8	357	[1]	σημείων	_	_
3.8	358	[1]	συνδρομὰς	_	_
3.8	359	[28]	,	b	_
3.8	360	[9]	ὡς	_	_
3.8	361	[1]	ἐφ	_	_
3.8	362	[12]	’	b	_
3.8	363	[1]	ἑκάστης	_	_
3.8	364	[1]	αὐτῶν	_	_
3.8	365	[1]	ἰδίας	_	_
3.8	366	[1]	εὐπορήσοντα	_	_
3.8	367	[1]	τηρήσεως	_	_
3.8	368	[29]	,	b	_
3.8	369	[3]	ἀλλὰ	_	_
3.8	370	[3]	τὰ	_	_
3.8	371	[2]	κατὰ	_	_
3.8	372	[1]	μέρος	_	_
3.8	373	[2]	πάντα	_	_
3.8	374	[1]	πρὸς	_	_
3.8	375	[1]	ἕνα	_	_
3.8	376	[2]	τοῦτον	_	_
3.8	377	[1]	ἀνάγειν	_	_
3.8	378	[1]	σκοπὸν	_	_
3.8	379	[30]	,	b	_
3.8	380	[2]	ὑπὲρ	_	_
3.8	381	[1]	οὗ	_	_
3.8	382	[5]	τὸν	_	_
3.8	383	[3]	λόγον	_	_
3.8	384	[1]	ποιούμενος	_	_
3.8	385	[1]	ἠναγκάσθην	_	_
3.8	386	[1]	ἐπιμνησθῆναι	_	_
3.8	387	[4]	τῶν	_	_
3.8	388	[1]	σοφιστῶν	_	_
3.8	389	[31]	,	b	_
3.8	390	[2]	ὅσοι	_	_
3.8	391	[1]	σπουδάζουσιν	_	_
3.8	392	[8]	οὐ	_	_
3.8	393	[2]	μόνον	_	_
3.8	394	[2]	οὐδὲν	_	_
3.8	395	[1]	ἐξευρεῖν	_	_
3.8	396	[1]	χρηστὸν	_	_
3.8	397	[32]	,	b	_
3.8	398	[4]	ἀλλὰ	_	_
3.8	399	[17]	καὶ	_	_
3.8	400	[6]	τοῖς	_	_
3.8	401	[1]	καλῶς	_	_
3.8	402	[1]	εὑρημένοις	_	_
3.8	403	[1]	λυμαίνεσθαι	_	_
3.8	404	[9]	.	b	_
3.8	405	[18]	καὶ	_	_
3.8	406	[2]	μὴν	_	_
3.8	407	[1]	ἄμεινόν	_	_
3.8	408	[1]	γε	_	_
3.8	409	[1]	ἦν	_	_
3.8	410	[33]	,	b	_
3.8	411	[1]	ὅταν	_	_
3.8	412	[2]	ἡμᾶς	_	_
3.8	413	[1]	θεάσωνται	_	_
3.8	414	[34]	,	b	_
3.8	415	[19]	καὶ	_	_
3.8	416	[3]	τὴν	_	_
3.8	417	[1]	ἡμέραν	_	_
3.8	418	[2]	ἐν	_	_
3.8	419	[1]	ᾗ	_	_
3.8	420	[1]	κριθήσεται	_	_
3.8	421	[9]	τὸ	_	_
3.8	422	[1]	νόσημα	_	_
3.8	423	[1]	προγινώσκοντας	_	_
3.8	424	[35]	,	b	_
3.8	425	[20]	καὶ	_	_
3.8	426	[6]	τὸν	_	_
3.8	427	[2]	τρόπον	_	_
3.8	428	[4]	τῆς	_	_
3.8	429	[3]	κρίσεως	_	_
3.8	430	[1]	προλέγοντας	_	_
3.8	431	[36]	,	b	_
3.8	432	[21]	καὶ	_	_
3.8	433	[1]	παροῦσαν	_	_
3.8	434	[3]	ἤδη	_	_
3.8	435	[1]	διαγινώσκοντας	_	_
3.8	436	[37]	,	b	_
3.8	437	[2]	ἐς	_	_
3.8	438	[2]	ὅ	_	_
3.8	439	[4]	τι	_	_
3.8	440	[1]	τελευτήσει	_	_
3.8	441	[38]	,	b	_
3.8	442	[1]	σπουδάσαι	_	_
3.8	443	[1]	μαθεῖν	_	_
3.8	444	[2]	θεωρίαν	_	_
3.8	445	[39]	,	b	_
3.8	446	[2]	ἐξ	_	_
3.8	447	[1]	ἧς	_	_
3.8	448	[4]	τὰ	_	_
3.8	449	[1]	τοιαῦτα	_	_
3.8	450	[1]	εὑρίσκεται	_	_
3.8	451	[40]	,	b	_
3.8	452	[22]	καὶ	_	_
3.8	453	[3]	μὴ	_	_
3.8	454	[7]	τοῖς	_	_
3.8	455	[2]	ἰδιώταις	_	_
3.8	456	[2]	ὁμοίως	_	_
3.8	457	[2]	ἐκπεπλῆχθαι	_	_
3.8	458	[41]	,	b	_
3.8	459	[1]	ποῖ	_	_
3.8	460	[1]	ποτ	_	_
3.8	461	[13]	’	b	_
3.8	462	[1]	ἀποβήσεται	_	_
3.8	463	[10]	τὸ	_	_
3.8	464	[1]	παρὸν	_	_
3.8	465	[1]	ἀγνοῦντας	_	_
3.8	466	[10]	.	b	_
3.8	467	[2]	ἐγὼ	_	_
3.8	468	[1]	γοῦν	_	_
3.8	469	[23]	καὶ	_	_
3.8	470	[5]	τῶν	_	_
3.8	471	[1]	τοιούτων	_	_
3.8	472	[1]	ἰατρῶν	_	_
3.8	473	[1]	ἐπειράθην	_	_
3.8	474	[5]	οὐκ	_	_
3.8	475	[1]	ὀλιγάκις	_	_
3.8	476	[42]	,	b	_
3.8	477	[24]	καὶ	_	_
3.8	478	[1]	οἷον	_	_
3.8	479	[1]	θαυμαζόντων	_	_
3.8	480	[3]	μὲν	_	_
3.8	481	[4]	τὴν	_	_
3.8	482	[1]	πρόγνωσιν	_	_
3.8	483	[2]	ἡμῶν	_	_
3.8	484	[43]	,	b	_
3.8	485	[2]	ὅταν	_	_
3.8	486	[2]	ἐπὶ	_	_
3.8	487	[6]	τῶν	_	_
3.8	488	[1]	ἀῤῥώστων	_	_
3.8	489	[1]	εὐδοκιμοῦσαν	_	_
3.8	490	[2]	θεάσωνται	_	_
3.8	491	[25]	καὶ	_	_
3.8	492	[1]	σπουδαζόντων	_	_
3.8	493	[2]	μαθεῖν	_	_
3.8	494	[44]	,	b	_
3.8	495	[1]	ἐπειδὰν	_	_
3.8	496	[1]	δέ	_	_
3.8	497	[2]	τις	_	_
3.8	498	[1]	ἀρξάμενος	_	_
3.8	499	[1]	αὐτοὺς	_	_
3.8	500	[2]	διδάσκειν	_	_
3.8	501	[3]	περὶ	_	_
3.8	502	[1]	πέψεώς	_	_
3.8	503	[5]	τι	_	_
3.8	504	[1]	διεξέρχηται	_	_
3.8	505	[7]	τῶν	_	_
3.8	506	[1]	νοσημάτων	_	_
3.8	507	[45]	,	b	_
3.8	508	[3]	ἢ	_	_
3.8	509	[4]	περὶ	_	_
3.8	510	[1]	ῥώμης	_	_
3.8	511	[2]	φύσεως	_	_
3.8	512	[46]	,	b	_
3.8	513	[4]	ἢ	_	_
3.8	514	[8]	τῶν	_	_
3.8	515	[2]	ἄλλων	_	_
3.8	516	[1]	τινὸς	_	_
3.8	517	[2]	ὧν	_	_
3.8	518	[2]	χωρὶς	_	_
3.8	519	[2]	οὐχ	_	_
3.8	520	[2]	οἷόν	_	_
3.8	521	[4]	τε	_	_
3.8	522	[5]	τὴν	_	_
3.8	523	[5]	περὶ	_	_
3.8	524	[3]	τὰς	_	_
3.8	525	[1]	κρίσεις	_	_
3.8	526	[3]	θεωρίαν	_	_
3.8	527	[1]	συστῆναι	_	_
3.8	528	[47]	,	b	_
3.8	529	[26]	καὶ	_	_
3.8	530	[48]	,	b	_
3.8	531	[2]	πῶς	_	_
3.8	532	[4]	μὲν	_	_
3.8	533	[1]	πείσεις	_	_
3.8	534	[49]	,	b	_
3.8	535	[1]	φασκόντων	_	_
3.8	536	[50]	,	b	_
3.8	537	[10]	ὡς	_	_
3.8	538	[1]	ἔστι	_	_
3.8	539	[3]	τις	_	_
3.8	540	[1]	φύσις	_	_
3.8	541	[51]	,	b	_
3.8	542	[5]	ἢ	_	_
3.8	543	[11]	ὡς	_	_
3.8	544	[3]	ἐπὶ	_	_
3.8	545	[2]	σωτηρίᾳ	_	_
3.8	546	[3]	πάντα	_	_
3.8	547	[1]	πράττει	_	_
3.8	548	[9]	τῶν	_	_
3.8	549	[1]	ζώων	_	_
3.8	550	[52]	,	b	_
3.8	551	[6]	ἢ	_	_
3.8	552	[12]	ὡς	_	_
3.8	553	[1]	ἐκείνης	_	_
3.8	554	[1]	ἐκκρινούσης	_	_
3.8	555	[5]	τὰ	_	_
3.8	556	[1]	περιττώματα	_	_
3.8	557	[10]	τῶν	_	_
3.8	558	[1]	νόσων	_	_
3.8	559	[53]	,	b	_
3.8	560	[1]	ἀπαλλάττονταί	_	_
3.8	561	[2]	τινες	_	_
3.8	562	[54]	,	b	_
3.8	563	[7]	ἢ	_	_
3.8	564	[13]	ὡς	_	_
3.8	565	[11]	τὸ	_	_
3.8	566	[1]	θερμόν	_	_
3.8	567	[1]	ἐστιν	_	_
3.8	568	[3]	ἐν	_	_
3.8	569	[8]	τοῖς	_	_
3.8	570	[1]	ζώοις	_	_
3.8	571	[12]	τὸ	_	_
3.8	572	[1]	δραστικώτατον	_	_
3.8	573	[55]	,	b	_
3.8	574	[8]	ἢ	_	_
3.8	575	[14]	ὡς	_	_
3.8	576	[1]	ἐκ	_	_
3.8	577	[1]	θερμοῦ	_	_
3.8	578	[27]	καὶ	_	_
3.8	579	[1]	ψυχροῦ	_	_
3.8	580	[28]	καὶ	_	_
3.8	581	[1]	ξηροῦ	_	_
3.8	582	[29]	καὶ	_	_
3.8	583	[1]	ὑγροῦ	_	_
3.8	584	[1]	κέκραται	_	_
3.8	585	[6]	τὰ	_	_
3.8	586	[1]	σώματα	_	_
3.8	587	[2]	;	b	_
3.8	588	[2]	πρὸς	_	_
3.8	589	[3]	οὓς	_	_
3.8	590	[1]	αὖθις	_	_
3.8	591	[1]	εἴωθα	_	_
3.8	592	[1]	λέγειν	_	_
3.8	593	[56]	,	b	_
3.8	594	[1]	ἤρξω	_	_
3.8	595	[5]	μὲν	_	_
3.8	596	[1]	ὦ	_	_
3.8	597	[1]	οὗτος	_	_
3.8	598	[15]	ὡς	_	_
3.8	599	[1]	μαθητὴς	_	_
3.8	600	[57]	,	b	_
3.8	601	[1]	ἀκούεις	_	_
3.8	602	[3]	δὲ	_	_
3.8	603	[16]	ὡς	_	_
3.8	604	[1]	ἀντιλογικός	_	_
3.8	605	[11]	.	b	_
3.8	606	[9]	οὐ	_	_
3.8	607	[5]	γὰρ	_	_
3.8	608	[1]	ἀπόχρη	_	_
3.8	609	[1]	σοι	_	_
3.8	610	[11]	τῶν	_	_
3.8	611	[1]	ἔργων	_	_
3.8	612	[5]	τῆς	_	_
3.8	613	[1]	τέχνης	_	_
3.8	614	[3]	ὧν	_	_
3.8	615	[1]	ἐθαύμασας	_	_
3.8	616	[1]	αὐτὸς	_	_
3.8	617	[1]	ἐκμαθεῖν	_	_
3.8	618	[6]	τὴν	_	_
3.8	619	[1]	μέθοδον	_	_
3.8	620	[58]	,	b	_
3.8	621	[5]	ἀλλὰ	_	_
3.8	622	[4]	τὰς	_	_
3.8	623	[1]	ἀρχὰς	_	_
3.8	624	[1]	κρίνειν	_	_
3.8	625	[1]	ἐπιχειρεῖς	_	_
3.8	626	[2]	αὐτῆς	_	_
3.8	627	[59]	,	b	_
3.8	628	[1]	οὐκέθ	_	_
3.8	629	[14]	’	b	_
3.8	630	[17]	ὡς	_	_
3.8	631	[1]	ἰατρὸς	_	_
3.8	632	[3]	μόνον	_	_
3.8	633	[60]	,	b	_
3.8	634	[3]	ἀλλ	_	_
3.8	635	[15]	’	b	_
3.8	636	[4]	ἤδη	_	_
3.8	637	[30]	καὶ	_	_
3.8	638	[18]	ὡς	_	_
3.8	639	[1]	φυσικός	_	_
3.8	640	[12]	.	b	_
3.8	641	[2]	καίτοι	_	_
3.8	642	[2]	γε	_	_
3.8	643	[1]	ἄμεινον	_	_
3.8	644	[2]	ἦν	_	_
3.8	645	[2]	σοι	_	_
3.8	646	[31]	καὶ	_	_
3.8	647	[6]	περὶ	_	_
3.8	648	[12]	τῶν	_	_
3.8	649	[2]	ἀρχῶν	_	_
3.8	650	[2]	αὐτῶν	_	_
3.8	651	[1]	ἔμπαλιν	_	_
3.8	652	[2]	κρίνειν	_	_
3.8	653	[13]	.	b	_
3.8	654	[1]	πολὺ	_	_
3.8	655	[1]	γάρ	_	_
3.8	656	[2]	ἐστιν	_	_
3.8	657	[61]	,	b	_
3.8	658	[1]	οἶμαι	_	_
3.8	659	[62]	,	b	_
3.8	660	[1]	βέλτιον	_	_
3.8	661	[63]	,	b	_
3.8	662	[1]	ἔργα	_	_
3.8	663	[1]	θαυμαστὰ	_	_
3.8	664	[1]	ταῖς	_	_
3.8	665	[1]	ἀρχαῖς	_	_
3.8	666	[1]	ἐκείναις	_	_
3.8	667	[1]	ἑπόμενα	_	_
3.8	668	[1]	θεασάμενον	_	_
3.8	669	[2]	ἔχειν	_	_
3.8	670	[1]	τινὰ	_	_
3.8	671	[1]	πίστιν	_	_
3.8	672	[2]	ἐκ	_	_
3.8	673	[1]	τούτων	_	_
3.8	674	[5]	ἤδη	_	_
3.8	675	[32]	καὶ	_	_
3.8	676	[7]	περὶ	_	_
3.8	677	[13]	τῶν	_	_
3.8	678	[3]	ἀρχῶν	_	_
3.8	679	[3]	αὐτῶν	_	_
3.8	680	[14]	.	b	_
3.8	681	[1]	ἀνάπαλιν	_	_
3.8	682	[6]	γὰρ	_	_
3.8	683	[2]	αἱ	_	_
3.8	684	[1]	πίστεις	_	_
3.8	685	[14]	τῶν	_	_
3.8	686	[1]	τεχνῶν	_	_
3.8	687	[1]	ἔχουσι	_	_
3.8	688	[2]	ταῖς	_	_
3.8	689	[1]	εὑρέσεσι	_	_
3.8	690	[15]	.	b	_
3.8	691	[1]	πιστεύονται	_	_
3.8	692	[6]	μὲν	_	_
3.8	693	[7]	γὰρ	_	_
3.8	694	[3]	ἐκ	_	_
3.8	695	[15]	τῶν	_	_
3.8	696	[2]	ἔργων	_	_
3.8	697	[64]	,	b	_
3.8	698	[1]	εὑρίσκονται	_	_
3.8	699	[1]	δ	_	_
3.8	700	[16]	’	b	_
3.8	701	[4]	ἐκ	_	_
3.8	702	[16]	τῶν	_	_
3.8	703	[4]	ἀρχῶν	_	_
3.8	704	[16]	.	b	_
3.8	705	[1]	ἐμοὶ	_	_
3.8	706	[7]	μὲν	_	_
3.8	707	[2]	οὖν	_	_
3.8	708	[2]	ἐξευρεῖν	_	_
3.8	709	[1]	ἔργον	_	_
3.8	710	[6]	τι	_	_
3.8	711	[1]	τεχνικὸν	_	_
3.8	712	[1]	ἀμήχανόν	_	_
3.8	713	[1]	ἐστι	_	_
3.8	714	[4]	μὴ	_	_
3.8	715	[1]	χρησαμένῳ	_	_
3.8	716	[2]	ἀρχαῖς	_	_
3.8	717	[1]	ἀληθέσιν	_	_
3.8	718	[65]	,	b	_
3.8	719	[1]	ὥστ	_	_
3.8	720	[17]	’	b	_
3.8	721	[1]	ἀναγκαῖόν	_	_
3.8	722	[1]	μοι	_	_
3.8	723	[7]	τὴν	_	_
3.8	724	[1]	φυσικὴν	_	_
3.8	725	[4]	θεωρίαν	_	_
3.8	726	[2]	ἐκμαθεῖν	_	_
3.8	727	[1]	ἀκριβῶς	_	_
3.8	728	[17]	.	b	_
3.8	729	[1]	σοὶ	_	_
3.8	730	[2]	δ	_	_
3.8	731	[18]	’	b	_
3.8	732	[6]	ἤδη	_	_
3.8	733	[17]	τῶν	_	_
3.8	734	[3]	ἔργων	_	_
3.8	735	[1]	εὑρημένων	_	_
3.8	736	[6]	τῆς	_	_
3.8	737	[2]	τέχνης	_	_
3.8	738	[66]	,	b	_
3.8	739	[2]	ἀπόχρη	_	_
3.8	740	[3]	μαθεῖν	_	_
3.8	741	[8]	τὴν	_	_
3.8	742	[1]	ὁδὸν	_	_
3.8	743	[67]	,	b	_
3.8	744	[2]	ὥστ	_	_
3.8	745	[19]	’	b	_
3.8	746	[1]	εἴπερ	_	_
3.8	747	[6]	οὐκ	_	_
3.8	748	[1]	ἔχεις	_	_
3.8	749	[1]	χρόνον	_	_
3.8	750	[19]	ὡς	_	_
3.8	751	[1]	φυσικὸς	_	_
3.8	752	[3]	ἐκμαθεῖν	_	_
3.8	753	[1]	ἅπαντα	_	_
3.8	754	[68]	,	b	_
3.8	755	[1]	τοσοῦτον	_	_
3.8	756	[2]	γοῦν	_	_
3.8	757	[3]	σοι	_	_
3.8	758	[1]	παραστήτω	_	_
3.8	759	[1]	λογίσασθαι	_	_
3.8	760	[69]	,	b	_
3.8	761	[1]	διότι	_	_
3.8	762	[1]	μήτ	_	_
3.8	763	[20]	’	b	_
3.8	764	[1]	ἄλλη	_	_
3.8	765	[1]	τίς	_	_
3.8	766	[3]	ἐστιν	_	_
3.8	767	[1]	ὁδὸς	_	_
3.8	768	[1]	παρὰ	_	_
3.8	769	[1]	ταύτην	_	_
3.8	770	[1]	ἡ	_	_
3.8	771	[3]	τοῦ	_	_
3.8	772	[1]	μέλλοντός	_	_
3.8	773	[1]	σε	_	_
3.8	774	[1]	προγνωστικὸν	_	_
3.8	775	[1]	ἐργασαμένη	_	_
3.8	776	[70]	,	b	_
3.8	777	[2]	μήτ	_	_
3.8	778	[21]	’	b	_
3.8	779	[1]	ἀναγκαῖον	_	_
3.8	780	[1]	ἔτι	_	_
3.8	781	[4]	σοι	_	_
3.8	782	[5]	τὰς	_	_
3.8	783	[2]	ἀρχὰς	_	_
3.8	784	[2]	ἐπιστήμῃ	_	_
3.8	785	[2]	περιλαβεῖν	_	_
3.8	786	[71]	,	b	_
3.8	787	[1]	ἀπολαύειν	_	_
3.8	788	[7]	ἤδη	_	_
3.8	789	[1]	δυναμένῳ	_	_
3.8	790	[18]	τῶν	_	_
3.8	791	[5]	ἐκ	_	_
3.8	792	[7]	τῆς	_	_
3.8	793	[1]	ἐπιστήμης	_	_
3.8	794	[18]	.	b	_
3.8	795	[1]	τῷ	_	_
3.8	796	[8]	μὲν	_	_
3.8	797	[8]	γὰρ	_	_
3.8	798	[1]	πρῶτον	_	_
3.8	799	[7]	τὰ	_	_
3.8	800	[2]	τοιαῦτα	_	_
3.8	801	[3]	ἐξευρεῖν	_	_
3.8	802	[1]	ἐπιχειροῦντι	_	_
3.8	803	[1]	κίνδυνος	_	_
3.8	804	[3]	ἦν	_	_
3.8	805	[10]	οὐ	_	_
3.8	806	[1]	σμικρὸς	_	_
3.8	807	[1]	ἀπολέσαι	_	_
3.8	808	[1]	ματαίως	_	_
3.8	809	[7]	τὸν	_	_
3.8	810	[2]	χρόνον	_	_
3.8	811	[19]	.	b	_
3.8	812	[1]	οὐδὲ	_	_
3.8	813	[9]	γὰρ	_	_
3.8	814	[2]	ἂν	_	_
3.8	815	[4]	ἐξευρεῖν	_	_
3.8	816	[1]	ἀληθὲς	_	_
3.8	817	[3]	οὐδὲν	_	_
3.8	818	[4]	ἐπὶ	_	_
3.8	819	[1]	διεψευσμέναις	_	_
3.8	820	[3]	ἀρχαῖς	_	_
3.8	821	[72]	,	b	_
3.8	822	[2]	σοὶ	_	_
3.8	823	[4]	δὲ	_	_
3.8	824	[4]	τοῦ	_	_
3.8	825	[9]	μὲν	_	_
3.8	826	[1]	ζητεῖν	_	_
3.8	827	[1]	ἀπηλλαγμένῳ	_	_
3.8	828	[73]	,	b	_
3.8	829	[8]	τὰ	_	_
3.8	830	[3]	δ	_	_
3.8	831	[22]	’	b	_
3.8	832	[8]	ἤδη	_	_
3.8	833	[2]	καλῶς	_	_
3.8	834	[1]	εὑρημένα	_	_
3.8	835	[4]	μαθεῖν	_	_
3.8	836	[1]	ὀρεγομένῳ	_	_
3.8	837	[74]	,	b	_
3.8	838	[1]	περιττόν	_	_
3.8	839	[2]	ἐστι	_	_
3.8	840	[6]	τὰς	_	_
3.8	841	[3]	ἀρχὰς	_	_
3.8	842	[3]	ἐπιστήμῃ	_	_
3.8	843	[1]	περιλαμβάνειν	_	_
3.8	844	[75]	,	b	_
3.8	845	[33]	καὶ	_	_
3.8	846	[1]	μάλιστα	_	_
3.8	847	[76]	,	b	_
3.8	848	[1]	εἰ	_	_
3.8	849	[1]	μηδὲ	_	_
3.8	850	[3]	χρόνον	_	_
3.8	851	[1]	ἔχοις	_	_
3.8	852	[1]	ἱκανὸν	_	_
3.8	853	[2]	εἰς	_	_
3.8	854	[3]	τοῦτο	_	_
3.8	855	[1]	μήτε	_	_
3.8	856	[1]	προσεξευρεῖν	_	_
3.8	857	[7]	τι	_	_
3.8	858	[19]	τῶν	_	_
3.8	859	[1]	λειπόντων	_	_
3.8	860	[1]	ἐπιθυμεῖς	_	_
3.8	861	[77]	,	b	_
3.8	862	[4]	ἀλλ	_	_
3.8	863	[23]	’	b	_
3.8	864	[1]	ἀρκεῖ	_	_
3.8	865	[5]	σοι	_	_
3.8	866	[4]	μόνον	_	_
3.8	867	[1]	ὀρθῶς	_	_
3.8	868	[1]	χρῆσθαι	_	_
3.8	869	[9]	τοῖς	_	_
3.8	870	[2]	εὑρημένοις	_	_
3.8	871	[20]	.	b	_
3.8	872	[1]	ὑποθέμενος	_	_
3.8	873	[3]	οὖν	_	_
3.8	874	[1]	τινα	_	_
3.8	875	[1]	ζωτικὴν	_	_
3.8	876	[1]	εἶναι	_	_
3.8	877	[1]	δύναμιν	_	_
3.8	878	[78]	,	b	_
3.8	879	[1]	ἄσκησον	_	_
3.8	880	[3]	αὐτῆς	_	_
3.8	881	[1]	γνωρίζειν	_	_
3.8	882	[9]	τὴν	_	_
3.8	883	[4]	ἐν	_	_
3.8	884	[1]	ἀῤῥωστίᾳ	_	_
3.8	885	[5]	τε	_	_
3.8	886	[34]	καὶ	_	_
3.8	887	[1]	ῥώμῃ	_	_
3.8	888	[1]	διάθεσιν	_	_
3.8	889	[21]	.	b	_
3.8	890	[2]	ἐπειδὰν	_	_
3.8	891	[5]	δὲ	_	_
3.8	892	[1]	ταῦτ	_	_
3.8	893	[24]	’	b	_
3.8	894	[1]	ἀσκήσῃς	_	_
3.8	895	[79]	,	b	_
3.8	896	[2]	αὖθις	_	_
3.8	897	[1]	ἄσκησόν	_	_
3.8	898	[2]	μοι	_	_
3.8	899	[1]	σαυτὸν	_	_
3.8	900	[80]	,	b	_
3.8	901	[1]	ἑτοίμως	_	_
3.8	902	[3]	διαγινώσκειν	_	_
3.8	903	[7]	τὰς	_	_
3.8	904	[3]	κατὰ	_	_
3.8	905	[13]	τὸ	_	_
3.8	906	[1]	μέγεθός	_	_
3.8	907	[6]	τε	_	_
3.8	908	[35]	καὶ	_	_
3.8	909	[14]	τὸ	_	_
3.8	910	[1]	ἦθος	_	_
3.8	911	[1]	ἁπάντων	_	_
3.8	912	[20]	τῶν	_	_
3.8	913	[2]	νοσημάτων	_	_
3.8	914	[1]	διαφορὰς	_	_
3.8	915	[81]	,	b	_
3.8	916	[1]	εἶθ	_	_
3.8	917	[25]	’	b	_
3.8	918	[1]	ἑξῆς	_	_
3.8	919	[2]	τούτων	_	_
3.8	920	[1]	ἀκμῆς	_	_
3.8	921	[1]	μελλούσης	_	_
3.8	922	[2]	πρόγνωσιν	_	_
3.8	923	[22]	.	b	_
3.8	924	[3]	ὅταν	_	_
3.8	925	[4]	δ	_	_
3.8	926	[26]	’	b	_
3.8	927	[9]	ἤδη	_	_
3.8	928	[4]	ταῦτα	_	_
3.8	929	[2]	σύμπαντα	_	_
3.8	930	[1]	ἐκμάθῃς	_	_
3.8	931	[82]	,	b	_
3.8	932	[2]	ἄσκησόν	_	_
3.8	933	[3]	μοι	_	_
3.8	934	[2]	σαυτὸν	_	_
3.8	935	[2]	ἀκριβῶς	_	_
3.8	936	[1]	στοχάζεσθαι	_	_
3.8	937	[1]	πηλίκον	_	_
3.8	938	[2]	νόσημα	_	_
3.8	939	[83]	,	b	_
3.8	940	[1]	πηλίκη	_	_
3.8	941	[1]	ῥώμη	_	_
3.8	942	[1]	δυνάμεως	_	_
3.8	943	[84]	,	b	_
3.8	944	[5]	ἐν	_	_
3.8	945	[1]	πόσῳ	_	_
3.8	946	[1]	χρόνῳ	_	_
3.8	947	[1]	διενεγκεῖν	_	_
3.8	948	[1]	ἱκανή	_	_
3.8	949	[23]	.	b	_
3.8	950	[2]	πολὺ	_	_
3.8	951	[5]	δ	_	_
3.8	952	[27]	’	b	_
3.8	953	[3]	εἰς	_	_
3.8	954	[4]	τοῦτο	_	_
3.8	955	[1]	συντελέσει	_	_
3.8	956	[36]	καὶ	_	_
3.8	957	[2]	ἡ	_	_
3.8	958	[5]	ἐπὶ	_	_
3.8	959	[21]	τῶν	_	_
3.8	960	[4]	ἔργων	_	_
3.8	961	[1]	τριβή	_	_
3.8	962	[24]	.	b	_
3.8	963	[1]	πρὶν	_	_
3.8	964	[6]	δ	_	_
3.8	965	[28]	’	b	_
3.8	966	[1]	ἕκαστον	_	_
3.8	967	[4]	ὧν	_	_
3.8	968	[1]	εἶπον	_	_
3.8	969	[3]	ἀκριβῶς	_	_
3.8	970	[4]	ἐκμαθεῖν	_	_
3.8	971	[85]	,	b	_
3.8	972	[4]	οὐδὲν	_	_
3.8	973	[3]	ἂν	_	_
3.8	974	[1]	εἴη	_	_
3.8	975	[6]	σοι	_	_
3.8	976	[1]	πλεῖον	_	_
3.8	977	[1]	ἀνθρώπους	_	_
3.8	978	[1]	νοσοῦντας	_	_
3.8	979	[1]	θεωμένῳ	_	_
3.8	980	[25]	.	b	_
3.8	981	[3]	πῶς	_	_
3.8	982	[4]	οὖν	_	_
3.8	983	[2]	ἕκαστον	_	_
3.8	984	[4]	αὐτῶν	_	_
3.8	985	[1]	ἄρχεσθαι	_	_
3.8	986	[4]	ἀκριβῶς	_	_
3.8	987	[3]	χρὴ	_	_
3.8	988	[1]	μανθάνειν	_	_
3.8	989	[3]	;	b	_
3.8	990	[7]	οὐκ	_	_
3.8	991	[1]	ἄλλως	_	_
3.8	992	[9]	ἢ	_	_
3.8	993	[20]	ὡς	_	_
3.8	994	[1]	ἔμπροσθεν	_	_
3.8	995	[1]	εἴρηται	_	_
3.8	996	[26]	.	b	_
3.8	997	[37]	καὶ	_	_
3.8	998	[10]	γὰρ	_	_
3.8	999	[21]	ὡς	_	_
3.8	1000	[4]	χρὴ	_	_
3.8	1001	[1]	μέγεθος	_	_
3.8	1002	[1]	ἐξευρίσκειν	_	_
3.8	1003	[1]	νόσου	_	_
3.8	1004	[38]	καὶ	_	_
3.8	1005	[22]	ὡς	_	_
3.8	1006	[2]	ἦθος	_	_
3.8	1007	[86]	,	b	_
3.8	1008	[2]	ἔτι	_	_
3.8	1009	[7]	τε	_	_
3.8	1010	[3]	πρὸς	_	_
3.8	1011	[2]	τούτοις	_	_
3.8	1012	[10]	τὴν	_	_
3.8	1013	[1]	ἀκμὴν	_	_
3.8	1014	[87]	,	b	_
3.8	1015	[5]	ἀκριβῶς	_	_
3.8	1016	[1]	διελήλυθα	_	_
3.8	1017	[27]	.	b	_
3.8	1018	[11]	τὴν	_	_
3.8	1019	[6]	δὲ	_	_
3.8	1020	[1]	καθ	_	_
3.8	1021	[29]	’	b	_
3.8	1022	[1]	ἑκάστην	_	_
3.8	1023	[2]	δύναμιν	_	_
3.8	1024	[1]	ἀῤῥωστίαν	_	_
3.8	1025	[88]	,	b	_
3.8	1026	[10]	ἢ	_	_
3.8	1027	[1]	ῥώμην	_	_
3.8	1028	[89]	,	b	_
3.8	1029	[6]	ἐν	_	_
3.8	1030	[1]	ἑτέρῳ	_	_
3.8	1031	[1]	φθάνω	_	_
3.8	1032	[1]	διῃρῆσθαι	_	_
3.8	1033	[1]	λόγῳ	_	_
3.8	1034	[90]	,	b	_
3.8	1035	[2]	τῷ	_	_
3.8	1036	[8]	περὶ	_	_
3.8	1037	[1]	πλήθους	_	_
3.8	1038	[1]	ἐπισκεπτομένῳ	_	_
3.8	1039	[2]	μανθάνειν	_	_
3.8	1040	[10]	μὲν	_	_
3.8	1041	[5]	οὖν	_	_
3.8	1042	[1]	ἐκεῖθεν	_	_
3.8	1043	[5]	αὐτῶν	_	_
3.8	1044	[8]	τὰς	_	_
3.8	1045	[1]	διαγνώσεις	_	_
3.8	1046	[6]	ἀκριβῶς	_	_
3.8	1047	[91]	,	b	_
3.8	1048	[2]	χρῆσθαι	_	_
3.8	1049	[7]	δὲ	_	_
3.8	1050	[4]	πρὸς	_	_
3.8	1051	[9]	τὰς	_	_
3.8	1052	[1]	ἰάσεις	_	_
3.8	1053	[92]	,	b	_
3.8	1054	[23]	ὡς	_	_
3.8	1055	[7]	ἐν	_	_
3.8	1056	[1]	ἑτέροις	_	_
3.8	1057	[1]	διῄρηται	_	_
3.8	1058	[39]	καὶ	_	_
3.8	1059	[1]	νῦν	_	_
3.8	1060	[3]	οὐχ	_	_
3.8	1061	[1]	ἧττον	_	_
3.8	1062	[4]	εἰς	_	_
3.8	1063	[12]	τὴν	_	_
3.8	1064	[9]	περὶ	_	_
3.8	1065	[10]	τὰς	_	_
3.8	1066	[2]	κρίσεις	_	_
3.8	1067	[5]	θεωρίαν	_	_
3.8	1068	[28]	.	b	_
3.9	1	[1]	Ὥσπερ	_	_
3.9	2	[1]	γὰρ	_	_
3.9	3	[1]	ὁ	_	_
3.9	4	[1]	πάντα	_	_
3.9	5	[1]	ἔχων	_	_
3.9	6	[1]	ἀγαθὰ	_	_
3.9	7	[1]	σημεῖα	_	_
3.9	8	[1]	τῇ	_	_
3.9	9	[1]	πρώτῃ	_	_
3.9	10	[1]	τετράδι	_	_
3.9	11	[1]	τελέως	_	_
3.9	12	[1]	ὑγιασθήσεται	_	_
3.9	13	[1]	,	b	_
3.9	14	[1]	κατὰ	_	_
3.9	15	[1]	τὸν	_	_
3.9	16	[1]	αὐτὸν	_	_
3.9	17	[2]	,	b	_
3.9	18	[1]	οἶμαι	_	_
3.9	19	[3]	,	b	_
3.9	20	[1]	τρόπον	_	_
3.9	21	[1]	ᾧ	_	_
3.9	22	[2]	πάντα	_	_
3.9	23	[1]	ἐστὶ	_	_
3.9	24	[1]	μοχθηρὰ	_	_
3.9	25	[4]	,	b	_
3.9	26	[1]	τεθνήξεται	_	_
3.9	27	[1]	πάντως	_	_
3.9	28	[1]	καὶ	_	_
3.9	29	[1]	οὗτος	_	_
3.9	30	[1]	ἐντὸς	_	_
3.9	31	[1]	τῆς	_	_
3.9	32	[1]	πρώτης	_	_
3.9	33	[1]	τετράδος	_	_
3.9	34	[1]	.	b	_
3.9	35	[1]	ἀλλ	_	_
3.9	36	[1]	’	b	_
3.9	37	[2]	ὁ	_	_
3.9	38	[1]	μὲν	_	_
3.9	39	[1]	σωζόμενος	_	_
3.9	40	[1]	ἅπαντας	_	_
3.9	41	[1]	διέξεισι	_	_
3.9	42	[2]	τῆς	_	_
3.9	43	[1]	νόσου	_	_
3.9	44	[1]	τοὺς	_	_
3.9	45	[1]	καθόλου	_	_
3.9	46	[1]	καιροὺς	_	_
3.9	47	[5]	,	b	_
3.9	48	[1]	ἀρχὴν	_	_
3.9	49	[2]	καὶ	_	_
3.9	50	[1]	ἀνάβασιν	_	_
3.9	51	[3]	καὶ	_	_
3.9	52	[1]	ἀκμὴν	_	_
3.9	53	[4]	καὶ	_	_
3.9	54	[1]	παρακμὴν	_	_
3.9	55	[6]	,	b	_
3.9	56	[1]	εἰ	_	_
3.9	57	[1]	καί	_	_
3.9	58	[1]	τισιν	_	_
3.9	59	[1]	μὴ	_	_
3.9	60	[1]	δοκεῖ	_	_
3.9	61	[1]	γίγνεσθαι	_	_
3.9	62	[2]	παρακμὴν	_	_
3.9	63	[2]	κατὰ	_	_
3.9	64	[1]	τὰς	_	_
3.9	65	[1]	αἰφνιδίους	_	_
3.9	66	[1]	κρίσεις	_	_
3.9	67	[2]	.	b	_
3.9	68	[1]	εἰρήσεται	_	_
3.9	69	[2]	γὰρ	_	_
3.9	70	[1]	ὀλίγον	_	_
3.9	71	[1]	ὕστερον	_	_
3.9	72	[1]	ὑπὲρ	_	_
3.9	73	[1]	τούτων	_	_
3.9	74	[3]	.	b	_
3.9	75	[1]	τῷ	_	_
3.9	76	[1]	τεθνηξομένῳ	_	_
3.9	77	[1]	δὲ	_	_
3.9	78	[1]	εἰς	_	_
3.9	79	[2]	μὲν	_	_
3.9	80	[2]	τὸν	_	_
3.9	81	[3]	τῆς	_	_
3.9	82	[1]	παρακμῆς	_	_
3.9	83	[1]	καιρὸν	_	_
3.9	84	[1]	ἀδύνατον	_	_
3.9	85	[1]	ἐξικέσθαι	_	_
3.9	86	[7]	,	b	_
3.9	87	[1]	οὐ	_	_
3.9	88	[1]	μὴν	_	_
3.9	89	[1]	οὐδ	_	_
3.9	90	[2]	’	b	_
3.9	91	[1]	ἐξ	_	_
3.9	92	[1]	ἀνάγκης	_	_
3.9	93	[2]	εἰς	_	_
3.9	94	[3]	τὸν	_	_
3.9	95	[4]	τῆς	_	_
3.9	96	[1]	ἀκμῆς	_	_
3.9	97	[4]	.	b	_
3.9	98	[1]	ἐνδέχεται	_	_
3.9	99	[3]	γὰρ	_	_
3.9	100	[2]	αὐτὸν	_	_
3.9	101	[5]	καὶ	_	_
3.9	102	[3]	κατὰ	_	_
3.9	103	[4]	τὸν	_	_
3.9	104	[5]	τῆς	_	_
3.9	105	[1]	ἀναβάσεως	_	_
3.9	106	[6]	καὶ	_	_
3.9	107	[4]	κατὰ	_	_
3.9	108	[5]	τὸν	_	_
3.9	109	[6]	τῆς	_	_
3.9	110	[1]	ἀρχῆς	_	_
3.9	111	[1]	χρόνον	_	_
3.9	112	[1]	ἀπολέσθαι	_	_
3.9	113	[8]	,	b	_
3.9	114	[1]	κριθῆναι	_	_
3.9	115	[2]	δὲ	_	_
3.9	116	[1]	οὐκ	_	_
3.9	117	[1]	ἀναγκαῖον	_	_
3.9	118	[1]	αὐτῷ	_	_
3.9	119	[9]	,	b	_
3.9	120	[7]	καὶ	_	_
3.9	121	[1]	μάλιστα	_	_
3.9	122	[2]	εἰ	_	_
3.9	123	[5]	κατὰ	_	_
3.9	124	[1]	τὴν	_	_
3.9	125	[2]	ἀρχὴν	_	_
3.9	126	[1]	ἀποθνήσκει	_	_
3.9	127	[7]	τῆς	_	_
3.9	128	[2]	νόσου	_	_
3.9	129	[5]	.	b	_
3.9	130	[1]	γίνεται	_	_
3.9	131	[3]	δὲ	_	_
3.9	132	[1]	τοῦτο	_	_
3.9	133	[1]	μεγάλως	_	_
3.9	134	[8]	τῆς	_	_
3.9	135	[1]	φύσεως	_	_
3.9	136	[1]	ὑπὸ	_	_
3.9	137	[1]	τοῦ	_	_
3.9	138	[1]	νοσήματος	_	_
3.9	139	[1]	κρατηθείσης	_	_
3.9	140	[6]	.	b	_
3.9	141	[1]	τηνικαῦτα	_	_
3.9	142	[4]	γὰρ	_	_
3.9	143	[2]	οὐδ	_	_
3.9	144	[3]	’	b	_
3.9	145	[1]	ἐπιχειρεῖ	_	_
3.9	146	[1]	διαγωνίζεσθαι	_	_
3.9	147	[1]	πρὸς	_	_
3.9	148	[1]	αὐτὸ	_	_
3.9	149	[10]	,	b	_
3.9	150	[1]	χωρὶς	_	_
3.9	151	[4]	δὲ	_	_
3.9	152	[2]	τοῦ	_	_
3.9	153	[2]	διαγωνίζεσθαι	_	_
3.9	154	[1]	κρίσις	_	_
3.9	155	[2]	οὐ	_	_
3.9	156	[2]	γίνεται	_	_
3.9	157	[7]	.	b	_
3.9	158	[1]	τέταρτος	_	_
3.9	159	[1]	οὖν	_	_
3.9	160	[1]	οὗτός	_	_
3.9	161	[1]	ἐστιν	_	_
3.9	162	[3]	ὁ	_	_
3.9	163	[1]	τρόπος	_	_
3.9	164	[3]	τοῦ	_	_
3.9	165	[1]	θανάτου	_	_
3.9	166	[1]	μηδενὶ	_	_
3.9	167	[1]	τῶν	_	_
3.9	168	[9]	τῆς	_	_
3.9	169	[1]	σωτηρίας	_	_
3.9	170	[1]	ἐοικώς	_	_
3.9	171	[8]	.	b	_
3.9	172	[1]	οὐδεὶς	_	_
3.9	173	[3]	μὲν	_	_
3.9	174	[5]	γὰρ	_	_
3.9	175	[1]	ἀθρόως	_	_
3.9	176	[1]	ἀπηλλάγη	_	_
3.9	177	[4]	τοῦ	_	_
3.9	178	[2]	νοσήματος	_	_
3.9	179	[1]	ἄνευ	_	_
3.9	180	[1]	κρίσεως	_	_
3.9	181	[11]	,	b	_
3.9	182	[2]	ἀθρόως	_	_
3.9	183	[1]	δ	_	_
3.9	184	[4]	’	b	_
3.9	185	[1]	﻿	_	_
3.9	186	[1]	ἀποθνήσκουσιν	_	_
3.9	187	[2]	οὐκ	_	_
3.9	188	[1]	ὀλίγοι	_	_
3.9	189	[12]	,	b	_
3.9	190	[2]	μὴ	_	_
3.9	191	[1]	κριθέντες	_	_
3.9	192	[13]	,	b	_
3.9	193	[1]	ἐν	_	_
3.9	194	[4]	μὲν	_	_
3.9	195	[1]	ταῖς	_	_
3.9	196	[1]	ἀρχαῖς	_	_
3.9	197	[2]	τῶν	_	_
3.9	198	[1]	παροξυσμῶν	_	_
3.9	199	[1]	οἱ	_	_
3.9	200	[1]	πλεῖστοι	_	_
3.9	201	[14]	,	b	_
3.9	202	[8]	καὶ	_	_
3.9	203	[2]	μάλιστα	_	_
3.9	204	[2]	δ	_	_
3.9	205	[5]	’	b	_
3.9	206	[1]	ὅσοι	_	_
3.9	207	[1]	διὰ	_	_
3.9	208	[1]	πλῆθος	_	_
3.9	209	[15]	,	b	_
3.9	210	[1]	ἢ	_	_
3.9	211	[1]	πάχος	_	_
3.9	212	[1]	ὕλης	_	_
3.9	213	[16]	,	b	_
3.9	214	[2]	ἢ	_	_
3.9	215	[1]	μέγεθος	_	_
3.9	216	[1]	φλεγμονῶν	_	_
3.9	217	[1]	ὀλεθρίως	_	_
3.9	218	[1]	ἔχουσιν	_	_
3.9	219	[9]	.	b	_
3.9	220	[2]	ἐν	_	_
3.9	221	[5]	δὲ	_	_
3.9	222	[2]	ταῖς	_	_
3.9	223	[1]	παρακμαῖς	_	_
3.9	224	[17]	,	b	_
3.9	225	[1]	ἐφ	_	_
3.9	226	[6]	’	b	_
3.9	227	[1]	ὧν	_	_
3.9	228	[1]	ἄῤῥωστος	_	_
3.9	229	[1]	ἡ	_	_
3.9	230	[1]	δύναμις	_	_
3.9	231	[1]	·	b	_
3.9	232	[1]	χρὴ	_	_
3.9	233	[6]	γὰρ	_	_
3.9	234	[9]	καὶ	_	_
3.9	235	[2]	τοῦτο	_	_
3.9	236	[1]	γινώσκειν	_	_
3.9	237	[18]	,	b	_
3.9	238	[1]	ἅπαντος	_	_
3.9	239	[1]	μᾶλλον	_	_
3.9	240	[1]	ἀληθέστατον	_	_
3.9	241	[1]	ὑπάρχον	_	_
3.9	242	[19]	,	b	_
3.9	243	[1]	ὡς	_	_
3.9	244	[1]	κᾀν	_	_
3.9	245	[3]	ταῖς	_	_
3.9	246	[2]	παρακμαῖς	_	_
3.9	247	[3]	τῶν	_	_
3.9	248	[6]	κατὰ	_	_
3.9	249	[1]	μέρος	_	_
3.9	250	[2]	παροξυσμῶν	_	_
3.9	251	[1]	ἀπόλλυνται	_	_
3.9	252	[1]	πάμπολλοι	_	_
3.9	253	[20]	,	b	_
3.9	254	[10]	καὶ	_	_
3.9	255	[3]	τοῦτο	_	_
3.9	256	[1]	θεασάμενοί	_	_
3.9	257	[1]	τινες	_	_
3.9	258	[1]	οἴονται	_	_
3.9	259	[2]	ὡς	_	_
3.9	260	[11]	καὶ	_	_
3.9	261	[3]	ἐν	_	_
3.9	262	[2]	τῷ	_	_
3.9	263	[2]	καθόλου	_	_
3.9	264	[1]	καιρῷ	_	_
3.9	265	[10]	τῆς	_	_
3.9	266	[2]	παρακμῆς	_	_
3.9	267	[1]	ἐνδέχεταί	_	_
3.9	268	[1]	τινα	_	_
3.9	269	[10]	.	b	_
3.9	270	[1]	τελευτῆσαι	_	_
3.9	271	[21]	,	b	_
3.9	272	[1]	τὸ	_	_
3.9	273	[3]	δ	_	_
3.9	274	[7]	’	b	_
3.9	275	[1]	οὐχ	_	_
3.9	276	[1]	οὕτως	_	_
3.9	277	[1]	ἔχει	_	_
3.9	278	[11]	.	b	_
3.9	279	[1]	παρελθούσης	_	_
3.9	280	[5]	μὲν	_	_
3.9	281	[7]	γὰρ	_	_
3.9	282	[11]	τῆς	_	_
3.9	283	[2]	ἀκμῆς	_	_
3.9	284	[5]	τοῦ	_	_
3.9	285	[3]	νοσήματος	_	_
3.9	286	[2]	ἡ	_	_
3.9	287	[6]	μὲν	_	_
3.9	288	[1]	φύσις	_	_
3.9	289	[1]	ἤδη	_	_
3.9	290	[1]	κεκράτηκεν	_	_
3.9	291	[22]	,	b	_
3.9	292	[1]	οὐδὲ	_	_
3.9	293	[8]	γὰρ	_	_
3.9	294	[1]	ἂν	_	_
3.9	295	[1]	ἄλλως	_	_
3.9	296	[1]	παρήκμασε	_	_
3.9	297	[2]	τὸ	_	_
3.9	298	[1]	νόσημα	_	_
3.9	299	[12]	.	b	_
3.9	300	[2]	τρόπος	_	_
3.9	301	[6]	δὲ	_	_
3.9	302	[3]	οὐδ	_	_
3.9	303	[8]	’	b	_
3.9	304	[1]	εἷς	_	_
3.9	305	[4]	οὐδ	_	_
3.9	306	[9]	’	b	_
3.9	307	[1]	ἐπινοηθῆναι	_	_
3.9	308	[2]	θανάτου	_	_
3.9	309	[1]	δύναται	_	_
3.9	310	[2]	τηνικαῦτα	_	_
3.9	311	[23]	,	b	_
3.9	312	[1]	πλὴν	_	_
3.9	313	[2]	ἐξ	_	_
3.9	314	[1]	ἁμαρτήματος	_	_
3.9	315	[24]	,	b	_
3.9	316	[3]	οὐ	_	_
3.9	317	[2]	μὴν	_	_
3.9	318	[1]	τοῦτό	_	_
3.9	319	[1]	γε	_	_
3.9	320	[1]	πρόκειται	_	_
3.9	321	[1]	νῦν	_	_
3.9	322	[1]	σκοπεῖν	_	_
3.9	323	[25]	,	b	_
3.9	324	[2]	ἀλλ	_	_
3.9	325	[10]	’	b	_
3.9	326	[3]	εἰ	_	_
3.9	327	[3]	τῷ	_	_
3.9	328	[1]	λόγῳ	_	_
3.9	329	[6]	τοῦ	_	_
3.9	330	[4]	νοσήματος	_	_
3.9	331	[13]	.	b	_
3.9	332	[1]	οὔτ	_	_
3.9	333	[11]	’	b	_
3.9	334	[2]	οὖν	_	_
3.9	335	[1]	εἶδόν	_	_
3.9	336	[1]	ποτε	_	_
3.9	337	[4]	τοῦτο	_	_
3.9	338	[1]	γινόμενον	_	_
3.9	339	[1]	οὔθ	_	_
3.9	340	[12]	’	b	_
3.9	341	[4]	ὁ	_	_
3.9	342	[1]	λόγος	_	_
3.9	343	[1]	ἐξευρίσκει	_	_
3.9	344	[14]	.	b	_
3.9	345	[4]	τῶν	_	_
3.9	346	[1]	μέντοι	_	_
3.9	347	[7]	κατὰ	_	_
3.9	348	[2]	μέρος	_	_
3.9	349	[3]	παροξυσμῶν	_	_
3.9	350	[4]	ἐν	_	_
3.9	351	[4]	ταῖς	_	_
3.9	352	[3]	παρακμαῖς	_	_
3.9	353	[1]	ἐθεασάμεθά	_	_
3.9	354	[1]	τε	_	_
3.9	355	[1]	παμπόλλους	_	_
3.9	356	[1]	πολλάκις	_	_
3.9	357	[1]	ἀποθνήσκοντας	_	_
3.9	358	[26]	,	b	_
3.9	359	[1]	ὅ	_	_
3.9	360	[2]	τε	_	_
3.9	361	[2]	λόγος	_	_
3.9	362	[1]	οὐδὲν	_	_
3.9	363	[1]	εἶναι	_	_
3.9	364	[1]	θαυμαστόν	_	_
3.9	365	[1]	φησιν	_	_
3.9	366	[1]	ἄῤῥωστον	_	_
3.9	367	[1]	δύναμιν	_	_
3.9	368	[5]	ἐν	_	_
3.9	369	[7]	μὲν	_	_
3.9	370	[4]	τῷ	_	_
3.9	371	[1]	χρόνῳ	_	_
3.9	372	[12]	τῆς	_	_
3.9	373	[2]	ἀρχῆς	_	_
3.9	374	[7]	τοῦ	_	_
3.9	375	[1]	παροξυσμοῦ	_	_
3.9	376	[12]	καὶ	_	_
3.9	377	[1]	ἀναβάσεώς	_	_
3.9	378	[3]	τε	_	_
3.9	379	[13]	καὶ	_	_
3.9	380	[3]	ἀκμῆς	_	_
3.9	381	[1]	ἐξαρκέσαι	_	_
3.9	382	[27]	,	b	_
3.9	383	[1]	συνεχομένης	_	_
3.9	384	[1]	ἔτι	_	_
3.9	385	[3]	τηνικαῦτα	_	_
3.9	386	[14]	καὶ	_	_
3.9	387	[1]	οἷον	_	_
3.9	388	[1]	ἐσφιγμένης	_	_
3.9	389	[13]	τῆς	_	_
3.9	390	[1]	ἕξεως	_	_
3.9	391	[28]	,	b	_
3.9	392	[6]	ἐν	_	_
3.9	393	[7]	δὲ	_	_
3.9	394	[5]	τῷ	_	_
3.9	395	[14]	τῆς	_	_
3.9	396	[3]	παρακμῆς	_	_
3.9	397	[29]	,	b	_
3.9	398	[1]	ἀνάπαλιν	_	_
3.9	399	[1]	κινουμένης	_	_
3.9	400	[15]	τῆς	_	_
3.9	401	[1]	θερμασίας	_	_
3.9	402	[30]	,	b	_
3.9	403	[1]	ἐκ	_	_
3.9	404	[8]	μὲν	_	_
3.9	405	[5]	τῶν	_	_
3.9	406	[1]	μέσων	_	_
3.9	407	[2]	νῦν	_	_
3.9	408	[1]	ἐπὶ	_	_
3.9	409	[1]	τὰ	_	_
3.9	410	[1]	πέρατα	_	_
3.9	411	[1]	διαφορεῖσθαί	_	_
3.9	412	[4]	τε	_	_
3.9	413	[15]	καὶ	_	_
3.9	414	[1]	διαλύεσθαι	_	_
3.9	415	[2]	τὴν	_	_
3.9	416	[1]	ἕξιν	_	_
3.9	417	[15]	.	b	_
3.9	418	[1]	ἔνιοι	_	_
3.9	419	[9]	μὲν	_	_
3.9	420	[3]	οὖν	_	_
3.9	421	[6]	τῶν	_	_
3.9	422	[1]	τοιούτων	_	_
3.9	423	[1]	ἐξαιφνίδιον	_	_
3.9	424	[2]	ἀποθνήσκουσιν	_	_
3.9	425	[31]	,	b	_
3.9	426	[3]	ὡς	_	_
3.9	427	[1]	δοκεῖν	_	_
3.9	428	[1]	τοῖς	_	_
3.9	429	[1]	παροῦσιν	_	_
3.9	430	[1]	λειποψυχεῖν	_	_
3.9	431	[2]	μᾶλλον	_	_
3.9	432	[1]	αὐτοὺς	_	_
3.9	433	[3]	ἢ	_	_
3.9	434	[1]	ἀπόλλυσθαι	_	_
3.9	435	[32]	,	b	_
3.9	436	[1]	τινὲς	_	_
3.9	437	[8]	δὲ	_	_
3.9	438	[8]	κατὰ	_	_
3.9	439	[1]	βραχὺ	_	_
3.9	440	[16]	καὶ	_	_
3.9	441	[3]	οὐκ	_	_
3.9	442	[1]	ἐξαίφνης	_	_
3.9	443	[1]	ἀπέθανον	_	_
3.9	444	[33]	,	b	_
3.9	445	[1]	ἀρξάμενοι	_	_
3.9	446	[10]	μὲν	_	_
3.9	447	[1]	πάντες	_	_
3.9	448	[2]	ἐπὶ	_	_
3.9	449	[16]	τῆς	_	_
3.9	450	[4]	ἀκμῆς	_	_
3.9	451	[8]	τοῦ	_	_
3.9	452	[2]	παροξυσμοῦ	_	_
3.9	453	[34]	,	b	_
3.9	454	[1]	λανθάνοντες	_	_
3.9	455	[9]	δὲ	_	_
3.9	456	[2]	τοὺς	_	_
3.9	457	[1]	πολλοὺς	_	_
3.9	458	[2]	οὕτως	_	_
3.9	459	[1]	ὥστε	_	_
3.9	460	[17]	καὶ	_	_
3.9	461	[1]	πάνυ	_	_
3.9	462	[1]	ταχέως	_	_
3.9	463	[1]	αὐτοῖς	_	_
3.9	464	[18]	καὶ	_	_
3.9	465	[1]	θᾶττον	_	_
3.9	466	[4]	ἢ	_	_
3.9	467	[9]	κατὰ	_	_
3.9	468	[3]	τὴν	_	_
3.9	469	[1]	ἐλπίδα	_	_
3.9	470	[1]	δοκοῦσιν	_	_
3.9	471	[2]	οἱ	_	_
3.9	472	[1]	τοιοῦτοι	_	_
3.9	473	[1]	μεταπίπτειν	_	_
3.9	474	[2]	ἐκ	_	_
3.9	475	[17]	τῆς	_	_
3.9	476	[5]	ἀκμῆς	_	_
3.9	477	[3]	εἰς	_	_
3.9	478	[4]	τὴν	_	_
3.9	479	[1]	παρακμήν	_	_
3.9	480	[2]	·	b	_
3.9	481	[3]	ἀλλ	_	_
3.9	482	[13]	’	b	_
3.9	483	[1]	ἥ	_	_
3.9	484	[2]	γε	_	_
3.9	485	[1]	γνώρισις	_	_
3.9	486	[1]	σαφεστάτη	_	_
3.9	487	[2]	διὰ	_	_
3.9	488	[7]	τῶν	_	_
3.9	489	[1]	σφυγμῶν	_	_
3.9	490	[16]	.	b	_
3.9	491	[4]	οὐ	_	_
3.9	492	[1]	γάρ	_	_
3.9	493	[1]	τί	_	_
3.9	494	[1]	που	_	_
3.9	495	[2]	βραχὺ	_	_
3.9	496	[1]	τοὐν	_	_
3.9	497	[1]	μέσῳ	_	_
3.9	498	[8]	τῶν	_	_
3.9	499	[5]	τε	_	_
3.9	500	[3]	θανάτου	_	_
3.9	501	[2]	λόγῳ	_	_
3.9	502	[2]	θᾶττον	_	_
3.9	503	[18]	τῆς	_	_
3.9	504	[1]	ἐλπίδος	_	_
3.9	505	[4]	εἰς	_	_
3.9	506	[1]	φαντασίαν	_	_
3.9	507	[1]	ἡκόντων	_	_
3.9	508	[4]	παρακμῆς	_	_
3.9	509	[19]	καὶ	_	_
3.9	510	[9]	τῶν	_	_
3.9	511	[1]	ὄντως	_	_
3.9	512	[1]	παρακμαζόντων	_	_
3.9	513	[17]	.	b	_
3.9	514	[1]	ἐπ	_	_
3.9	515	[14]	’	b	_
3.9	516	[1]	ἀμφοτέρων	_	_
3.9	517	[11]	μὲν	_	_
3.9	518	[9]	γὰρ	_	_
3.9	519	[1]	ἀθροώτερον	_	_
3.9	520	[3]	ἡ	_	_
3.9	521	[1]	πυρεκτικὴ	_	_
3.9	522	[1]	θερμασία	_	_
3.9	523	[1]	διαφορεῖται	_	_
3.9	524	[18]	.	b	_
3.9	525	[3]	γίνεται	_	_
3.9	526	[4]	δ	_	_
3.9	527	[15]	’	b	_
3.9	528	[2]	ὑπὸ	_	_
3.9	529	[10]	τῶν	_	_
3.9	530	[1]	ἐναντιωτάτων	_	_
3.9	531	[1]	αἰτίων	_	_
3.9	532	[35]	,	b	_
3.9	533	[1]	εἴ	_	_
3.9	534	[3]	γε	_	_
3.9	535	[1]	δὴ	_	_
3.9	536	[1]	ῥώμῃ	_	_
3.9	537	[2]	φύσεως	_	_
3.9	538	[1]	ἐναντιωτάτη	_	_
3.9	539	[1]	ἐστὶν	_	_
3.9	540	[1]	ἀῤῥωστία	_	_
3.9	541	[19]	.	b	_
3.9	542	[1]	σφοδρότερος	_	_
3.9	543	[12]	μὲν	_	_
3.9	544	[4]	οὖν	_	_
3.9	545	[1]	ἀεὶ	_	_
3.9	546	[20]	καὶ	_	_
3.9	547	[3]	μᾶλλον	_	_
3.9	548	[5]	ὁ	_	_
3.9	549	[1]	σφυγμὸς	_	_
3.9	550	[36]	,	b	_
3.9	551	[1]	εὐτακτότερός	_	_
3.9	552	[6]	τε	_	_
3.9	553	[21]	καὶ	_	_
3.9	554	[1]	ὁμαλώτερος	_	_
3.9	555	[3]	ἐπὶ	_	_
3.9	556	[1]	χρησταῖς	_	_
3.9	557	[4]	γίνεται	_	_
3.9	558	[4]	παρακμαῖς	_	_
3.9	559	[20]	.	b	_
3.9	560	[1]	ἀπωθεῖται	_	_
3.9	561	[10]	γὰρ	_	_
3.9	562	[4]	ἡ	_	_
3.9	563	[2]	φύσις	_	_
3.9	564	[1]	εὐρωστότερον	_	_
3.9	565	[1]	ἅπασαν	_	_
3.9	566	[3]	ἀθρόως	_	_
3.9	567	[1]	ἔξω	_	_
3.9	568	[5]	τὴν	_	_
3.9	569	[1]	πυρεκτικὴν	_	_
3.9	570	[1]	θερμασίαν	_	_
3.9	571	[21]	.	b	_
3.9	572	[1]	ἀμυδρότερος	_	_
3.9	573	[10]	δὲ	_	_
3.9	574	[22]	καὶ	_	_
3.9	575	[1]	ἀτακτότερος	_	_
3.9	576	[23]	καὶ	_	_
3.9	577	[1]	ἀνώμαλος	_	_
3.9	578	[7]	ἐν	_	_
3.9	579	[5]	ταῖς	_	_
3.9	580	[1]	ὀλεθρίοις	_	_
3.9	581	[5]	παρακμαῖς	_	_
3.9	582	[22]	.	b	_
3.9	583	[1]	διαῤῥεῖ	_	_
3.9	584	[11]	γὰρ	_	_
3.9	585	[1]	ἅμα	_	_
3.9	586	[2]	τοῖς	_	_
3.9	587	[1]	ἄλλοις	_	_
3.9	588	[24]	καὶ	_	_
3.9	589	[5]	ἡ	_	_
3.9	590	[2]	πυρεκτικὴ	_	_
3.9	591	[2]	θερμασία	_	_
3.9	592	[37]	,	b	_
3.9	593	[1]	κᾀντεῦθεν	_	_
3.9	594	[6]	ἡ	_	_
3.9	595	[1]	φαντασία	_	_
3.9	596	[9]	τοῦ	_	_
3.9	597	[1]	βελτίονος	_	_
3.9	598	[38]	,	b	_
3.9	599	[1]	εἶτ	_	_
3.9	600	[16]	’	b	_
3.9	601	[2]	ὀλίγον	_	_
3.9	602	[2]	ὕστερον	_	_
3.9	603	[5]	ἢ	_	_
3.9	604	[1]	ἀποπατῆσαι	_	_
3.9	605	[1]	διαναστάντες	_	_
3.9	606	[1]	ἐλειποψύχησάν	_	_
3.9	607	[7]	τε	_	_
3.9	608	[25]	καὶ	_	_
3.9	609	[1]	μικρὸν	_	_
3.9	610	[2]	ἔνιοι	_	_
3.9	611	[26]	καὶ	_	_
3.9	612	[1]	γλίσχρον	_	_
3.9	613	[1]	ἐφιδρώσαντες	_	_
3.9	614	[2]	ἀπέθανον	_	_
3.9	615	[39]	,	b	_
3.9	616	[6]	ἢ	_	_
3.9	617	[27]	καὶ	_	_
3.9	618	[2]	χωρὶς	_	_
3.9	619	[10]	τοῦ	_	_
3.9	620	[1]	διαναστῆναι	_	_
3.9	621	[40]	,	b	_
3.9	622	[10]	κατὰ	_	_
3.9	623	[13]	μὲν	_	_
3.9	624	[2]	τὰς	_	_
3.9	625	[1]	παρακμὰς	_	_
3.9	626	[11]	τῶν	_	_
3.9	627	[4]	παροξυσμῶν	_	_
3.9	628	[3]	οὕτως	_	_
3.9	629	[3]	ἀποθνήσκουσιν	_	_
3.9	630	[2]	ἄνευ	_	_
3.9	631	[2]	κρίσεως	_	_
3.9	632	[41]	,	b	_
3.9	633	[11]	κατὰ	_	_
3.9	634	[11]	δὲ	_	_
3.9	635	[3]	τὰς	_	_
3.9	636	[1]	ἀρχὰς	_	_
3.9	637	[3]	ὑπὸ	_	_
3.9	638	[19]	τῆς	_	_
3.9	639	[1]	ἀθροωτέρας	_	_
3.9	640	[1]	ἔσω	_	_
3.9	641	[12]	τῶν	_	_
3.9	642	[1]	χυμῶν	_	_
3.9	643	[1]	ῥοπῆς	_	_
3.9	644	[42]	,	b	_
3.9	645	[2]	οἷον	_	_
3.9	646	[1]	καταπνιγείσης	_	_
3.9	647	[28]	καὶ	_	_
3.9	648	[1]	ἀποσβεσθείσης	_	_
3.9	649	[20]	τῆς	_	_
3.9	650	[3]	φύσεως	_	_
3.9	651	[43]	,	b	_
3.9	652	[4]	ὡς	_	_
3.9	653	[4]	εἰ	_	_
3.9	654	[29]	καὶ	_	_
3.9	655	[1]	πλῆθός	_	_
3.9	656	[1]	τις	_	_
3.9	657	[1]	χλωρῶν	_	_
3.9	658	[1]	ξύλων	_	_
3.9	659	[4]	ἀθρόως	_	_
3.9	660	[1]	ἐπισωρεύσειε	_	_
3.9	661	[1]	φλογί	_	_
3.9	662	[23]	.	b	_
3.9	663	[1]	λοιπὸς	_	_
3.9	664	[12]	δὲ	_	_
3.9	665	[2]	ἐστιν	_	_
3.9	666	[3]	ἄνευ	_	_
3.9	667	[3]	κρίσεως	_	_
3.9	668	[8]	ἐν	_	_
3.9	669	[3]	τοῖς	_	_
3.9	670	[2]	ὀλεθρίοις	_	_
3.9	671	[1]	νοσήμασιν	_	_
3.9	672	[6]	ὁ	_	_
3.9	673	[12]	κατὰ	_	_
3.9	674	[4]	τὰς	_	_
3.9	675	[1]	ἀκμὰς	_	_
3.9	676	[1]	θάνατος	_	_
3.9	677	[44]	,	b	_
3.9	678	[2]	τῇ	_	_
3.9	679	[1]	σφοδρότητι	_	_
3.9	680	[11]	τοῦ	_	_
3.9	681	[3]	παροξυσμοῦ	_	_
3.9	682	[1]	νικηθείσης	_	_
3.9	683	[21]	τῆς	_	_
3.9	684	[4]	φύσεως	_	_
3.9	685	[24]	.	b	_
3.9	686	[1]	οὕτω	_	_
3.9	687	[13]	δὲ	_	_
3.9	688	[2]	κᾀν	_	_
3.9	689	[6]	ταῖς	_	_
3.9	690	[1]	ἀναβάσεσιν	_	_
3.9	691	[1]	αὐτῶν	_	_
3.9	692	[2]	ἀπόλλυνται	_	_
3.9	693	[2]	πολλάκις	_	_
3.9	694	[45]	,	b	_
3.9	695	[5]	οὐ	_	_
3.9	696	[1]	κατ	_	_
3.9	697	[17]	’	b	_
3.9	698	[1]	ἄλλον	_	_
3.9	699	[1]	τινὰ	_	_
3.9	700	[2]	τρόπον	_	_
3.9	701	[7]	ἢ	_	_
3.9	702	[3]	λόγῳ	_	_
3.9	703	[22]	τῆς	_	_
3.9	704	[6]	ἀκμῆς	_	_
3.9	705	[25]	.	b	_
3.9	706	[1]	ὅλως	_	_
3.9	707	[12]	γὰρ	_	_
3.9	708	[1]	ὅταν	_	_
3.9	709	[4]	ὑπὸ	_	_
3.9	710	[1]	σφοδρότητος	_	_
3.9	711	[5]	νοσήματος	_	_
3.9	712	[7]	ἡ	_	_
3.9	713	[2]	δύναμις	_	_
3.9	714	[1]	νικηθῇ	_	_
3.9	715	[46]	,	b	_
3.9	716	[4]	λόγῳ	_	_
3.9	717	[14]	μὲν	_	_
3.9	718	[7]	ἀκμῆς	_	_
3.9	719	[3]	ἀπόλλυνται	_	_
3.9	720	[47]	,	b	_
3.9	721	[1]	συμβαίνει	_	_
3.9	722	[14]	δὲ	_	_
3.9	723	[1]	ἐνίοτε	_	_
3.9	724	[30]	καὶ	_	_
3.9	725	[13]	κατὰ	_	_
3.9	726	[5]	τὰς	_	_
3.9	727	[1]	ἀναβάσεις	_	_
3.9	728	[13]	τῶν	_	_
3.9	729	[5]	παροξυσμῶν	_	_
3.9	730	[48]	,	b	_
3.9	731	[1]	ἀλλὰ	_	_
3.9	732	[31]	καὶ	_	_
3.9	733	[1]	σπανιώτερον	_	_
3.9	734	[1]	τοῦτ	_	_
3.9	735	[18]	’	b	_
3.9	736	[1]	ἔστι	_	_
3.9	737	[32]	καὶ	_	_
3.9	738	[7]	ὁ	_	_
3.9	739	[3]	τρόπος	_	_
3.9	740	[8]	ὁ	_	_
3.9	741	[1]	αὐτὸς	_	_
3.9	742	[6]	τῷ	_	_
3.9	743	[14]	κατὰ	_	_
3.9	744	[6]	τὴν	_	_
3.9	745	[1]	ἀκμήν	_	_
3.9	746	[26]	.	b	_
3.9	747	[1]	τρεῖς	_	_
3.9	748	[5]	οὖν	_	_
3.9	749	[3]	οἱ	_	_
3.9	750	[2]	πάντες	_	_
3.9	751	[1]	τρόποι	_	_
3.9	752	[4]	θανάτου	_	_
3.9	753	[4]	τοῖς	_	_
3.9	754	[3]	χωρὶς	_	_
3.9	755	[12]	τοῦ	_	_
3.9	756	[2]	κριθῆναι	_	_
3.9	757	[1]	θνήσκουσι	_	_
3.9	758	[27]	.	b	_
3.9	759	[1]	πρῶτος	_	_
3.9	760	[15]	μὲν	_	_
3.9	761	[9]	ὁ	_	_
3.9	762	[15]	κατὰ	_	_
3.9	763	[6]	τὰς	_	_
3.9	764	[1]	εἰσβολὰς	_	_
3.9	765	[14]	τῶν	_	_
3.9	766	[6]	παροξυσμῶν	_	_
3.9	767	[9]	ἐν	_	_
3.9	768	[7]	ταῖς	_	_
3.9	769	[1]	φλεγμοναῖς	_	_
3.9	770	[1]	τοὐπίπαν	_	_
3.9	771	[1]	μεγάλαις	_	_
3.9	772	[49]	,	b	_
3.9	773	[10]	ἐν	_	_
3.9	774	[1]	κυρίοις	_	_
3.9	775	[1]	μορίοις	_	_
3.9	776	[1]	γινομέναις	_	_
3.9	777	[50]	,	b	_
3.9	778	[8]	ἢ	_	_
3.9	779	[1]	πλήθει	_	_
3.9	780	[33]	καὶ	_	_
3.9	781	[1]	πάχει	_	_
3.9	782	[34]	καὶ	_	_
3.9	783	[1]	γλισχρότητι	_	_
3.9	784	[15]	τῶν	_	_
3.9	785	[2]	χυμῶν	_	_
3.9	786	[51]	,	b	_
3.9	787	[5]	ἀθρόως	_	_
3.9	788	[1]	εἴσω	_	_
3.9	789	[1]	ῥυέντων	_	_
3.9	790	[52]	,	b	_
3.9	791	[5]	ὡς	_	_
3.9	792	[1]	ἀποφράξαι	_	_
3.9	793	[2]	τελέως	_	_
3.9	794	[7]	τὰς	_	_
3.9	795	[1]	διεξόδους	_	_
3.9	796	[13]	τοῦ	_	_
3.9	797	[1]	πνεύματος	_	_
3.9	798	[28]	.	b	_
3.9	799	[1]	ἕτερος	_	_
3.9	800	[15]	δὲ	_	_
3.9	801	[10]	ὁ	_	_
3.9	802	[16]	κατὰ	_	_
3.9	803	[8]	τὰς	_	_
3.9	804	[2]	ἀκμὰς	_	_
3.9	805	[53]	,	b	_
3.9	806	[3]	τῇ	_	_
3.9	807	[1]	βίᾳ	_	_
3.9	808	[14]	τοῦ	_	_
3.9	809	[6]	νοσήματος	_	_
3.9	810	[1]	ἡττηθείσης	_	_
3.9	811	[23]	τῆς	_	_
3.9	812	[5]	φύσεως	_	_
3.9	813	[29]	.	b	_
3.9	814	[1]	ἄλλος	_	_
3.9	815	[16]	δὲ	_	_
3.9	816	[35]	καὶ	_	_
3.9	817	[2]	λοιπὸς	_	_
3.9	818	[11]	ἐν	_	_
3.9	819	[8]	ταῖς	_	_
3.9	820	[6]	παρακμαῖς	_	_
3.9	821	[1]	σπανιώτατος	_	_
3.9	822	[54]	,	b	_
3.9	823	[15]	τοῦ	_	_
3.9	824	[1]	τόνου	_	_
3.9	825	[16]	τοῦ	_	_
3.9	826	[1]	ζωτικοῦ	_	_
3.9	827	[1]	λυθέντος	_	_
3.9	828	[55]	,	b	_
3.9	829	[2]	τούτων	_	_
3.9	830	[2]	οὐδεὶς	_	_
3.9	831	[2]	ἅμα	_	_
3.9	832	[1]	κρίσει	_	_
3.9	833	[5]	γίνεται	_	_
3.9	834	[30]	.	b	_
3.9	835	[7]	τὴν	_	_
3.9	836	[3]	ἀρχὴν	_	_
3.9	837	[13]	γὰρ	_	_
3.9	838	[2]	οὐδὲ	_	_
3.9	839	[1]	ἐπεχείρησεν	_	_
3.9	840	[1]	ἀποτρίψασθαι	_	_
3.9	841	[3]	τὸ	_	_
3.9	842	[2]	νόσημα	_	_
3.9	843	[17]	κατὰ	_	_
3.9	844	[3]	τοὺς	_	_
3.9	845	[1]	τοιούτους	_	_
3.9	846	[1]	θανάτους	_	_
3.9	847	[8]	ἡ	_	_
3.9	848	[3]	φύσις	_	_
3.9	849	[56]	,	b	_
3.9	850	[1]	ἡνίκα	_	_
3.9	851	[5]	δ	_	_
3.9	852	[19]	’	b	_
3.9	853	[1]	ἐπιχειροίη	_	_
3.9	854	[16]	μὲν	_	_
3.9	855	[57]	,	b	_
3.9	856	[1]	ἡττᾶται	_	_
3.9	857	[17]	δὲ	_	_
3.9	858	[58]	,	b	_
3.9	859	[1]	κρίσιν	_	_
3.9	860	[2]	ἤδη	_	_
3.9	861	[1]	κακὴν	_	_
3.9	862	[1]	ὀνομάζω	_	_
3.9	863	[4]	τὸ	_	_
3.9	864	[1]	τοιοῦτον	_	_
3.9	865	[36]	καὶ	_	_
3.9	866	[6]	γίνεται	_	_
3.9	867	[2]	πάντως	_	_
3.9	868	[31]	.	b	_
3.9	869	[9]	ἢ	_	_
3.9	870	[1]	σὺν	_	_
3.9	871	[1]	ἐκκρίσεσιν	_	_
3.9	872	[59]	,	b	_
3.9	873	[10]	ἢ	_	_
3.9	874	[2]	σὺν	_	_
3.9	875	[1]	ἀποστήμασιν	_	_
3.9	876	[1]	ἀξιολόγοις	_	_
3.9	877	[3]	ἅμα	_	_
3.9	878	[4]	τῇ	_	_
3.9	879	[1]	λοιπῇ	_	_
3.9	880	[1]	πάσῃ	_	_
3.9	881	[1]	ταραχῇ	_	_
3.9	882	[5]	τῇ	_	_
3.9	883	[1]	πρόσθεν	_	_
3.9	884	[1]	εἰρημένῃ	_	_
3.9	885	[32]	.	b	_
3.10	1	[1]	Αἱ	_	_
3.10	2	[1]	προγνώσεις	_	_
3.10	3	[1]	δὲ	_	_
3.10	4	[1]	τῶν	_	_
3.10	5	[1]	τοιούτων	_	_
3.10	6	[1]	κρίσεων	_	_
3.10	7	[1]	ἧττόν	_	_
3.10	8	[1]	εἰσι	_	_
3.10	9	[1]	βέβαιοι	_	_
3.10	10	[1]	καὶ	_	_
3.10	11	[1]	πάνυ	_	_
3.10	12	[1]	συνετοῦ	_	_
3.10	13	[1]	τε	_	_
3.10	14	[1]	ἅμα	_	_
3.10	15	[2]	καὶ	_	_
3.10	16	[1]	τεχνίτου	_	_
3.10	17	[3]	καὶ	_	_
3.10	18	[1]	γεγυμνασμένου	_	_
3.10	19	[1]	δέονται	_	_
3.10	20	[1]	τοῦ	_	_
3.10	21	[1]	ἰατροῦ	_	_
3.10	22	[1]	,	b	_
3.10	23	[1]	πρῶτον	_	_
3.10	24	[1]	μὲν	_	_
3.10	25	[1]	εἰ	_	_
3.10	26	[1]	γενήσονται	_	_
3.10	27	[2]	,	b	_
3.10	28	[1]	δεύτερον	_	_
3.10	29	[2]	δὲ	_	_
3.10	30	[2]	εἰ	_	_
3.10	31	[1]	κατὰ	_	_
3.10	32	[1]	τήνδε	_	_
3.10	33	[1]	τὴν	_	_
3.10	34	[1]	ἡμέραν	_	_
3.10	35	[1]	·	b	_
3.10	36	[1]	ἔπειτ	_	_
3.10	37	[1]	’	b	_
3.10	38	[3]	εἰ	_	_
3.10	39	[1]	παραχρῆμα	_	_
3.10	40	[1]	τὸν	_	_
3.10	41	[1]	ἄνθρωπον	_	_
3.10	42	[1]	ἀναιρήσουσιν	_	_
3.10	43	[3]	,	b	_
3.10	44	[1]	ἢ	_	_
3.10	45	[1]	βλάψουσι	_	_
3.10	46	[1]	μόνον	_	_
3.10	47	[1]	.	b	_
3.10	48	[1]	ἀλλὰ	_	_
3.10	49	[1]	γυμνάζεσθαι	_	_
3.10	50	[1]	χρὴ	_	_
3.10	51	[1]	πρότερον	_	_
3.10	52	[1]	ἐπὶ	_	_
3.10	53	[2]	τὴν	_	_
3.10	54	[2]	τῶν	_	_
3.10	55	[1]	ἀρίστων	_	_
3.10	56	[2]	κρίσεων	_	_
3.10	57	[1]	πρόγνωσιν	_	_
3.10	58	[4]	,	b	_
3.10	59	[1]	ὑπὲρ	_	_
3.10	60	[1]	ὧν	_	_
3.10	61	[1]	ἔμπροσθεν	_	_
3.10	62	[1]	εἶπον	_	_
3.10	63	[5]	,	b	_
3.10	64	[1]	εἶθ	_	_
3.10	65	[2]	’	b	_
3.10	66	[1]	ἑξῆς	_	_
3.10	67	[2]	ἐπὶ	_	_
3.10	68	[3]	τῶν	_	_
3.10	69	[1]	οὐκ	_	_
3.10	70	[2]	ἀρίστων	_	_
3.10	71	[2]	μὲν	_	_
3.10	72	[6]	,	b	_
3.10	73	[1]	ἀγαθῶν	_	_
3.10	74	[3]	δὲ	_	_
3.10	75	[7]	,	b	_
3.10	76	[1]	κᾄπειθ	_	_
3.10	77	[3]	’	b	_
3.10	78	[1]	οὕτω	_	_
3.10	79	[1]	μεταβαίνειν	_	_
3.10	80	[3]	ἐπὶ	_	_
3.10	81	[1]	τὰς	_	_
3.10	82	[1]	κακάς	_	_
3.10	83	[2]	.	b	_
3.10	84	[1]	ἅσπερ	_	_
3.10	85	[1]	γὰρ	_	_
3.10	86	[1]	ἐν	_	_
3.10	87	[1]	ταύταις	_	_
3.10	88	[1]	τὸ	_	_
3.10	89	[1]	ἀβέβαιόν	_	_
3.10	90	[2]	τε	_	_
3.10	91	[4]	καὶ	_	_
3.10	92	[1]	στοχαστικὸν	_	_
3.10	93	[1]	πλεῖστον	_	_
3.10	94	[8]	,	b	_
3.10	95	[1]	οὕτως	_	_
3.10	96	[2]	ἐν	_	_
3.10	97	[1]	ταῖς	_	_
3.10	98	[1]	ἀγαθαῖς	_	_
3.10	99	[2]	τὸ	_	_
3.10	100	[1]	ἐπιστημονικόν	_	_
3.10	101	[3]	τε	_	_
3.10	102	[5]	καὶ	_	_
3.10	103	[1]	βέβαιον	_	_
3.10	104	[9]	,	b	_
3.10	105	[1]	ὡρισμέναι	_	_
3.10	106	[1]	γάρ	_	_
3.10	107	[2]	εἰσι	_	_
3.10	108	[6]	καὶ	_	_
3.10	109	[1]	τεταγμέναι	_	_
3.10	110	[10]	,	b	_
3.10	111	[1]	τῆς	_	_
3.10	112	[1]	φύσεως	_	_
3.10	113	[1]	αἱ	_	_
3.10	114	[1]	κινήσεις	_	_
3.10	115	[11]	,	b	_
3.10	116	[1]	ὅταν	_	_
3.10	117	[1]	εὐρωστῇ	_	_
3.10	118	[4]	τε	_	_
3.10	119	[7]	καὶ	_	_
3.10	120	[1]	κρατῇ	_	_
3.10	121	[2]	τῆς	_	_
3.10	122	[1]	ὕλης	_	_
3.10	123	[12]	,	b	_
3.10	124	[8]	καὶ	_	_
3.10	125	[1]	τοῖς	_	_
3.10	126	[1]	οἰκείοις	_	_
3.10	127	[1]	λόγοις	_	_
3.10	128	[1]	ἐνεργῇ	_	_
3.10	129	[2]	·	b	_
3.10	130	[1]	ἀόριστοι	_	_
3.10	131	[4]	δὲ	_	_
3.10	132	[9]	καὶ	_	_
3.10	133	[1]	ἄτακτοι	_	_
3.10	134	[13]	,	b	_
3.10	135	[10]	καὶ	_	_
3.10	136	[1]	διὰ	_	_
3.10	137	[1]	τοῦτο	_	_
3.10	138	[1]	ἄγνωστοι	_	_
3.10	139	[1]	κρατουμένης	_	_
3.10	140	[3]	.	b	_
3.10	141	[1]	ἀλλ	_	_
3.10	142	[4]	’	b	_
3.10	143	[4]	εἰ	_	_
3.10	144	[3]	μὲν	_	_
3.10	145	[1]	τελέως	_	_
3.10	146	[1]	κρατοῖτο	_	_
3.10	147	[14]	,	b	_
3.10	148	[3]	τὴν	_	_
3.10	149	[1]	ἀρχὴν	_	_
3.10	150	[1]	οὐδ	_	_
3.10	151	[5]	’	b	_
3.10	152	[1]	ἐγχωρεῖ	_	_
3.10	153	[1]	κρίνειν	_	_
3.10	154	[15]	,	b	_
3.10	155	[2]	οὐδ	_	_
3.10	156	[6]	’	b	_
3.10	157	[1]	ὅλως	_	_
3.10	158	[1]	ἀντέχειν	_	_
3.10	159	[1]	κᾂν	_	_
3.10	160	[1]	βραχὺ	_	_
3.10	161	[16]	,	b	_
3.10	162	[1]	διανίσταται	_	_
3.10	163	[4]	μὲν	_	_
3.10	164	[1]	ὡς	_	_
3.10	165	[1]	εἰς	_	_
3.10	166	[1]	μάχην	_	_
3.10	167	[17]	,	b	_
3.10	168	[1]	ἡττᾶται	_	_
3.10	169	[1]	δ	_	_
3.10	170	[7]	’	b	_
3.10	171	[1]	εὐθύς	_	_
3.10	172	[4]	.	b	_
3.10	173	[1]	αἰτία	_	_
3.10	174	[5]	δὲ	_	_
3.10	175	[1]	ταύτης	_	_
3.10	176	[3]	τῆς	_	_
3.10	177	[1]	ἀκαίρου	_	_
3.10	178	[1]	ἐπαναστάσεως	_	_
3.10	179	[1]	ἡ	_	_
3.10	180	[1]	βία	_	_
3.10	181	[2]	τοῦ	_	_
3.10	182	[1]	νοσήματος	_	_
3.10	183	[18]	,	b	_
3.10	184	[1]	ἐρεθιστική	_	_
3.10	185	[1]	τις	_	_
3.10	186	[1]	οὖσα	_	_
3.10	187	[11]	καὶ	_	_
3.10	188	[1]	ὀξεῖα	_	_
3.10	189	[5]	.	b	_
3.10	190	[1]	φαίνεται	_	_
3.10	191	[2]	γὰρ	_	_
3.10	192	[2]	ἡ	_	_
3.10	193	[1]	φύσις	_	_
3.10	194	[1]	οὐδενὸς	_	_
3.10	195	[1]	ἀνεχομένη	_	_
3.10	196	[4]	τῶν	_	_
3.10	197	[2]	τοιούτων	_	_
3.10	198	[19]	,	b	_
3.10	199	[2]	ἀλλ	_	_
3.10	200	[8]	’	b	_
3.10	201	[1]	εὐθὺς	_	_
3.10	202	[1]	ἀποτρίβεσθαι	_	_
3.10	203	[1]	σπεύδουσα	_	_
3.10	204	[3]	τὸ	_	_
3.10	205	[1]	﻿	_	_
3.10	206	[1]	διοχλοῦν	_	_
3.10	207	[20]	,	b	_
3.10	208	[2]	ὡς	_	_
3.10	209	[1]	κᾀν	_	_
3.10	210	[2]	τοῖς	_	_
3.10	211	[2]	κατὰ	_	_
3.10	212	[4]	τὴν	_	_
3.10	213	[1]	γαστέρα	_	_
3.10	214	[5]	τε	_	_
3.10	215	[12]	καὶ	_	_
3.10	216	[2]	τὸν	_	_
3.10	217	[1]	στόμαχον	_	_
3.10	218	[1]	ἰδεῖν	_	_
3.10	219	[1]	ἔστιν	_	_
3.10	220	[1]	ἐναργῶς	_	_
3.10	221	[1]	ὅσα	_	_
3.10	222	[1]	δάκνει	_	_
3.10	223	[13]	καὶ	_	_
3.10	224	[1]	στροφεῖ	_	_
3.10	225	[14]	καὶ	_	_
3.10	226	[1]	βαρύνει	_	_
3.10	227	[15]	καὶ	_	_
3.10	228	[1]	ὁπωσοῦν	_	_
3.10	229	[1]	ἄλλως	_	_
3.10	230	[1]	ἐρεθίζει	_	_
3.10	231	[6]	.	b	_
3.10	232	[1]	τὰ	_	_
3.10	233	[5]	μὲν	_	_
3.10	234	[3]	γὰρ	_	_
3.10	235	[1]	ἐπιπολάζοντα	_	_
3.10	236	[1]	δι	_	_
3.10	237	[9]	’	b	_
3.10	238	[1]	ἐμέτων	_	_
3.10	239	[1]	ἀπωθεῖται	_	_
3.10	240	[21]	,	b	_
3.10	241	[2]	τὰ	_	_
3.10	242	[2]	δ	_	_
3.10	243	[10]	’	b	_
3.10	244	[3]	ἐν	_	_
3.10	245	[3]	τοῖς	_	_
3.10	246	[1]	κατωτέροις	_	_
3.10	247	[1]	χωρίοις	_	_
3.10	248	[2]	δι	_	_
3.10	249	[11]	’	b	_
3.10	250	[1]	ἕδρας	_	_
3.10	251	[1]	ἐκκρίνει	_	_
3.10	252	[7]	.	b	_
3.10	253	[16]	καὶ	_	_
3.10	254	[1]	μέγιστον	_	_
3.10	255	[1]	ἄρα	_	_
3.10	256	[2]	τοῦτο	_	_
3.10	257	[1]	σημεῖόν	_	_
3.10	258	[1]	ἐστι	_	_
3.10	259	[1]	κρίσεως	_	_
3.10	260	[2]	ἀκαίρου	_	_
3.10	261	[8]	.	b	_
3.10	262	[2]	τὰς	_	_
3.10	263	[6]	μὲν	_	_
3.10	264	[4]	γὰρ	_	_
3.10	265	[4]	ἐν	_	_
3.10	266	[1]	καιρῷ	_	_
3.10	267	[1]	γινομένας	_	_
3.10	268	[22]	,	b	_
3.10	269	[1]	ὅπερ	_	_
3.10	270	[1]	ἐστὶν	_	_
3.10	271	[1]	ταὐτὸν	_	_
3.10	272	[1]	τῷ	_	_
3.10	273	[3]	κατὰ	_	_
3.10	274	[5]	τὴν	_	_
3.10	275	[1]	ἀκμὴν	_	_
3.10	276	[23]	,	b	_
3.10	277	[2]	κᾀν	_	_
3.10	278	[4]	τοῖς	_	_
3.10	279	[1]	πεπασμοῖς	_	_
3.10	280	[24]	,	b	_
3.10	281	[5]	εἰ	_	_
3.10	282	[17]	καὶ	_	_
3.10	283	[1]	μηδὲν	_	_
3.10	284	[1]	ἐρεθιστικὸν	_	_
3.10	285	[1]	εἴη	_	_
3.10	286	[25]	,	b	_
3.10	287	[1]	συμπιπτούσας	_	_
3.10	288	[1]	ὁρῶμεν	_	_
3.10	289	[5]	τοῖς	_	_
3.10	290	[1]	θερμοῖς	_	_
3.10	291	[18]	καὶ	_	_
3.10	292	[1]	μεγάλοις	_	_
3.10	293	[1]	νοσήμασιν	_	_
3.10	294	[9]	.	b	_
3.10	295	[2]	ὅσα	_	_
3.10	296	[6]	δὲ	_	_
3.10	297	[1]	προεκρήγνυται	_	_
3.10	298	[26]	,	b	_
3.10	299	[1]	καλεῖ	_	_
3.10	300	[3]	δ	_	_
3.10	301	[12]	’	b	_
3.10	302	[2]	οὕτως	_	_
3.10	303	[1]	Ἱπποκράτης	_	_
3.10	304	[1]	ἅπαντα	_	_
3.10	305	[3]	τὰ	_	_
3.10	306	[1]	πρὸ	_	_
3.10	307	[4]	τῆς	_	_
3.10	308	[1]	ἀκμῆς	_	_
3.10	309	[4]	ἐπὶ	_	_
3.10	310	[1]	κρίσιν	_	_
3.10	311	[1]	ὁρμῶντα	_	_
3.10	312	[27]	,	b	_
3.10	313	[3]	δι	_	_
3.10	314	[13]	’	b	_
3.10	315	[1]	ἐρεθισμόν	_	_
3.10	316	[1]	τινα	_	_
3.10	317	[3]	τοῦτο	_	_
3.10	318	[1]	πάσχει	_	_
3.10	319	[28]	,	b	_
3.10	320	[19]	καὶ	_	_
3.10	321	[1]	χείρων	_	_
3.10	322	[3]	ἡ	_	_
3.10	323	[1]	κρίσις	_	_
3.10	324	[1]	γίνεται	_	_
3.10	325	[5]	τῆς	_	_
3.10	326	[5]	ἐν	_	_
3.10	327	[1]	ἀκμῇ	_	_
3.10	328	[1]	τοσοῦτον	_	_
3.10	329	[1]	ὅσον	_	_
3.10	330	[1]	προὔλαβεν	_	_
3.10	331	[4]	ἡ	_	_
3.10	332	[2]	κρίσις	_	_
3.10	333	[10]	.	b	_
3.10	334	[1]	ὡσαύτως	_	_
3.10	335	[4]	δ	_	_
3.10	336	[14]	’	b	_
3.10	337	[5]	ἐπὶ	_	_
3.10	338	[5]	τῶν	_	_
3.10	339	[1]	ὀλεθρίων	_	_
3.10	340	[1]	ἔχει	_	_
3.10	341	[1]	νοσημάτων	_	_
3.10	342	[11]	.	b	_
3.10	343	[1]	οὐ	_	_
3.10	344	[5]	γὰρ	_	_
3.10	345	[1]	ἀναμένει	_	_
3.10	346	[6]	τὴν	_	_
3.10	347	[2]	ἀκμὴν	_	_
3.10	348	[29]	,	b	_
3.10	349	[2]	ἢ	_	_
3.10	350	[2]	πάνυ	_	_
3.10	351	[1]	σπανίως	_	_
3.10	352	[30]	,	b	_
3.10	353	[3]	ἀλλ	_	_
3.10	354	[15]	’	b	_
3.10	355	[6]	ἐν	_	_
3.10	356	[2]	ταῖς	_	_
3.10	357	[1]	ἀναβάσεσιν	_	_
3.10	358	[1]	ἀναιρεῖ	_	_
3.10	359	[1]	τοὐπίπαν	_	_
3.10	360	[31]	,	b	_
3.10	361	[3]	ἢ	_	_
3.10	362	[20]	καὶ	_	_
3.10	363	[1]	κατ	_	_
3.10	364	[16]	’	b	_
3.10	365	[1]	ἀρχάς	_	_
3.10	366	[12]	.	b	_
3.10	367	[6]	εἰ	_	_
3.10	368	[7]	μὲν	_	_
3.10	369	[1]	δὴ	_	_
3.10	370	[1]	προδηλώσειέ	_	_
3.10	371	[2]	τις	_	_
3.10	372	[1]	ἐπίδηλος	_	_
3.10	373	[1]	ἡμέρα	_	_
3.10	374	[7]	τὴν	_	_
3.10	375	[1]	μέλλουσαν	_	_
3.10	376	[1]	ἔσεσθαι	_	_
3.10	377	[2]	κρίσιν	_	_
3.10	378	[32]	,	b	_
3.10	379	[2]	ἅμα	_	_
3.10	380	[6]	τε	_	_
3.10	381	[1]	προδηλοῖ	_	_
3.10	382	[21]	καὶ	_	_
3.10	383	[1]	κακήν	_	_
3.10	384	[13]	.	b	_
3.10	385	[1]	φέρε	_	_
3.10	386	[6]	γὰρ	_	_
3.10	387	[7]	ἐν	_	_
3.10	388	[1]	τῇ	_	_
3.10	389	[1]	τετάρτῃ	_	_
3.10	390	[6]	τῶν	_	_
3.10	391	[1]	ἡμερῶν	_	_
3.10	392	[1]	ὀφθῆναι	_	_
3.10	393	[2]	πρῶτον	_	_
3.10	394	[8]	ἐν	_	_
3.10	395	[6]	τοῖς	_	_
3.10	396	[1]	οὔροις	_	_
3.10	397	[1]	νεφέλην	_	_
3.10	398	[1]	μέλαιναν	_	_
3.10	399	[33]	,	b	_
3.10	400	[4]	ἢ	_	_
3.10	401	[1]	ἐναιώρημα	_	_
3.10	402	[1]	μέλαν	_	_
3.10	403	[34]	,	b	_
3.10	404	[1]	ἤ	_	_
3.10	405	[1]	τι	_	_
3.10	406	[7]	τῶν	_	_
3.10	407	[1]	ἄλλων	_	_
3.10	408	[8]	τῶν	_	_
3.10	409	[3]	τοιούτων	_	_
3.10	410	[35]	,	b	_
3.10	411	[1]	εἶναι	_	_
3.10	412	[7]	δὲ	_	_
3.10	413	[22]	καὶ	_	_
3.10	414	[4]	τὰ	_	_
3.10	415	[1]	ἄλλα	_	_
3.10	416	[1]	σύμπαντα	_	_
3.10	417	[1]	σημεῖά	_	_
3.10	418	[7]	τε	_	_
3.10	419	[23]	καὶ	_	_
3.10	420	[1]	συμπτώματα	_	_
3.10	421	[1]	ὀλέθρια	_	_
3.10	422	[36]	,	b	_
3.10	423	[1]	τεθνήξεται	_	_
3.10	424	[8]	μὲν	_	_
3.10	425	[1]	πάντως	_	_
3.10	426	[1]	ὁ	_	_
3.10	427	[1]	τοιοῦτος	_	_
3.10	428	[1]	ἄῤῥωστος	_	_
3.10	429	[14]	.	b	_
3.10	430	[4]	ἀλλ	_	_
3.10	431	[17]	’	b	_
3.10	432	[7]	εἰ	_	_
3.10	433	[9]	μὲν	_	_
3.10	434	[9]	ἐν	_	_
3.10	435	[1]	περιτταῖς	_	_
3.10	436	[1]	οἱ	_	_
3.10	437	[1]	παροξυσμοὶ	_	_
3.10	438	[1]	γίνοιντο	_	_
3.10	439	[37]	,	b	_
3.10	440	[4]	κατὰ	_	_
3.10	441	[8]	τὴν	_	_
3.10	442	[1]	ζ΄	_	_
3.10	443	[2]	ἡμέραν	_	_
3.10	444	[1]	κριθήσεται	_	_
3.10	445	[15]	.	b	_
3.10	446	[8]	εἰ	_	_
3.10	447	[5]	δ	_	_
3.10	448	[18]	’	b	_
3.10	449	[10]	ἐν	_	_
3.10	450	[1]	ἀρτίαις	_	_
3.10	451	[38]	,	b	_
3.10	452	[5]	κατὰ	_	_
3.10	453	[9]	τὴν	_	_
3.10	454	[1]	στ	_	_
3.10	455	[16]	.	b	_
3.10	456	[1]	βεβαιοτέραν	_	_
3.10	457	[1]	δέ	_	_
3.10	458	[1]	σοι	_	_
3.10	459	[1]	ποιήσει	_	_
3.10	460	[10]	τὴν	_	_
3.10	461	[1]	προσδοκίαν	_	_
3.10	462	[5]	ἡ	_	_
3.10	463	[1]	κίνησις	_	_
3.10	464	[3]	τοῦ	_	_
3.10	465	[2]	νοσήματος	_	_
3.10	466	[17]	.	b	_
3.10	467	[9]	εἰ	_	_
3.10	468	[10]	μὲν	_	_
3.10	469	[7]	γὰρ	_	_
3.10	470	[1]	ὀξέως	_	_
3.10	471	[1]	κινοῖτο	_	_
3.10	472	[39]	,	b	_
3.10	473	[1]	συνεπιμαρτυρήσει	_	_
3.10	474	[2]	τῇ	_	_
3.10	475	[1]	ταχείᾳ	_	_
3.10	476	[1]	κρίσει	_	_
3.10	477	[40]	,	b	_
3.10	478	[1]	τουτέστι	_	_
3.10	479	[3]	τῇ	_	_
3.10	480	[6]	κατὰ	_	_
3.10	481	[11]	τὴν	_	_
3.10	482	[1]	στ΄	_	_
3.10	483	[3]	·	b	_
3.10	484	[10]	εἰ	_	_
3.10	485	[8]	δὲ	_	_
3.10	486	[1]	βραδέως	_	_
3.10	487	[41]	,	b	_
3.10	488	[4]	τῇ	_	_
3.10	489	[7]	κατὰ	_	_
3.10	490	[12]	τὴν	_	_
3.10	491	[2]	ζ΄	_	_
3.10	492	[18]	.	b	_
3.10	493	[2]	ὅταν	_	_
3.10	494	[9]	δὲ	_	_
3.10	495	[2]	μηδὲν	_	_
3.10	496	[6]	ἡ	_	_
3.10	497	[2]	ἐπίδηλος	_	_
3.10	498	[2]	ἡμέρα	_	_
3.10	499	[1]	προδηλώσῃ	_	_
3.10	500	[1]	περὶ	_	_
3.10	501	[6]	τῆς	_	_
3.10	502	[1]	μελλούσης	_	_
3.10	503	[2]	ἔσεσθαι	_	_
3.10	504	[1]	κακῆς	_	_
3.10	505	[2]	κρίσεως	_	_
3.10	506	[42]	,	b	_
3.10	507	[3]	οὐδ	_	_
3.10	508	[19]	’	b	_
3.10	509	[7]	ἡ	_	_
3.10	510	[1]	πρόγνωσις	_	_
3.10	511	[1]	αὐτῆς	_	_
3.10	512	[1]	εὐπετής	_	_
3.10	513	[19]	.	b	_
3.10	514	[1]	ὅμως	_	_
3.10	515	[1]	δεῖ	_	_
3.10	516	[1]	κᾀνταῦθα	_	_
3.10	517	[1]	προσέχειν	_	_
3.10	518	[3]	τὸν	_	_
3.10	519	[1]	νοῦν	_	_
3.10	520	[1]	οἷς	_	_
3.10	521	[1]	ἐρῶ	_	_
3.10	522	[1]	σημείοις	_	_
3.10	523	[20]	.	b	_
3.10	524	[1]	ἔστι	_	_
3.10	525	[10]	δὲ	_	_
3.10	526	[1]	αὐτῶν	_	_
3.10	527	[3]	πρῶτον	_	_
3.10	528	[11]	μὲν	_	_
3.10	529	[24]	καὶ	_	_
3.10	530	[2]	μέγιστον	_	_
3.10	531	[11]	ἐν	_	_
3.10	532	[7]	τοῖς	_	_
3.10	533	[1]	ὀλεθρίοις	_	_
3.10	534	[1]	νοσήμασι	_	_
3.10	535	[4]	τοῦ	_	_
3.10	536	[1]	χωρὶς	_	_
3.10	537	[3]	κρίσεως	_	_
3.10	538	[1]	τεθνήξεσθαι	_	_
3.10	539	[1]	σημεῖον	_	_
3.10	540	[8]	ἡ	_	_
3.10	541	[1]	ἀῤῥωστία	_	_
3.10	542	[7]	τῆς	_	_
3.10	543	[1]	δυνάμεως	_	_
3.10	544	[21]	.	b	_
3.10	545	[2]	οὐ	_	_
3.10	546	[8]	γὰρ	_	_
3.10	547	[1]	ἐπεγείρεται	_	_
3.10	548	[1]	πρὸς	_	_
3.10	549	[1]	διαμάχησιν	_	_
3.10	550	[5]	τοῦ	_	_
3.10	551	[3]	νοσήματος	_	_
3.10	552	[9]	ἡ	_	_
3.10	553	[1]	τοιαύτη	_	_
3.10	554	[1]	δύναμις	_	_
3.10	555	[22]	.	b	_
3.10	556	[2]	δεύτερον	_	_
3.10	557	[6]	δ	_	_
3.10	558	[20]	’	b	_
3.10	559	[43]	,	b	_
3.10	560	[11]	εἰ	_	_
3.10	561	[25]	καὶ	_	_
3.10	562	[3]	μηδὲν	_	_
3.10	563	[2]	ὅλως	_	_
3.10	564	[2]	εἴη	_	_
3.10	565	[44]	,	b	_
3.10	566	[1]	μηδὲ	_	_
3.10	567	[1]	τοὐλάχιστον	_	_
3.10	568	[2]	σημεῖον	_	_
3.10	569	[1]	πεπασμοῦ	_	_
3.10	570	[45]	,	b	_
3.10	571	[1]	κᾀπὶ	_	_
3.10	572	[1]	τούτοις	_	_
3.10	573	[46]	,	b	_
3.10	574	[12]	εἰ	_	_
3.10	575	[1]	μέγα	_	_
3.10	576	[12]	μὲν	_	_
3.10	577	[3]	εἴη	_	_
3.10	578	[26]	καὶ	_	_
3.10	579	[1]	κακόηθες	_	_
3.10	580	[4]	τὸ	_	_
3.10	581	[1]	νόσημα	_	_
3.10	582	[27]	καὶ	_	_
3.10	583	[1]	μέντοι	_	_
3.10	584	[1]	ταχέως	_	_
3.10	585	[2]	κινοῖτο	_	_
3.10	586	[4]	·	b	_
3.10	587	[1]	ἢν	_	_
3.10	588	[9]	γὰρ	_	_
3.10	589	[1]	ταῦτα	_	_
3.10	590	[3]	οὕτως	_	_
3.10	591	[1]	ὑπάρχῃ	_	_
3.10	592	[47]	,	b	_
3.10	593	[2]	πάντως	_	_
3.10	594	[2]	τεθνήξεται	_	_
3.10	595	[1]	πρὶν	_	_
3.10	596	[1]	κριθῆναι	_	_
3.10	597	[2]	ὁ	_	_
3.10	598	[1]	ἄνθρωπος	_	_
3.10	599	[23]	.	b	_
3.10	600	[13]	τὴν	_	_
3.10	601	[7]	δ	_	_
3.10	602	[21]	’	b	_
3.10	603	[3]	ἡμέραν	_	_
3.10	604	[6]	τοῦ	_	_
3.10	605	[1]	θανάτου	_	_
3.10	606	[1]	προγνώσῃ	_	_
3.10	607	[1]	ἔκ	_	_
3.10	608	[8]	τε	_	_
3.10	609	[7]	τοῦ	_	_
3.10	610	[1]	πόσον	_	_
3.10	611	[1]	ὑπερέχει	_	_
3.10	612	[5]	τὸ	_	_
3.10	613	[2]	νόσημα	_	_
3.10	614	[8]	τῆς	_	_
3.10	615	[2]	δυνάμεως	_	_
3.10	616	[1]	ἐπισκέψασθαι	_	_
3.10	617	[1]	κᾀκ	_	_
3.10	618	[9]	τῶν	_	_
3.10	619	[1]	βαρυτέρων	_	_
3.10	620	[1]	παροξυσμῶν	_	_
3.10	621	[24]	.	b	_
3.10	622	[13]	εἰ	_	_
3.10	623	[13]	μὲν	_	_
3.10	624	[10]	γὰρ	_	_
3.10	625	[1]	ἀξιόλογος	_	_
3.10	626	[10]	ἡ	_	_
3.10	627	[1]	ὑπεροχὴ	_	_
3.10	628	[48]	,	b	_
3.10	629	[28]	καὶ	_	_
3.10	630	[1]	σμικρὸν	_	_
3.10	631	[2]	ἀντέχειν	_	_
3.10	632	[11]	ἡ	_	_
3.10	633	[2]	δύναμις	_	_
3.10	634	[1]	ἔτι	_	_
3.10	635	[1]	φαίνοιτο	_	_
3.10	636	[49]	,	b	_
3.10	637	[1]	ταχὺς	_	_
3.10	638	[3]	ὁ	_	_
3.10	639	[1]	θάνατος	_	_
3.10	640	[5]	·	b	_
3.10	641	[14]	εἰ	_	_
3.10	642	[11]	δὲ	_	_
3.10	643	[1]	τἀναντία	_	_
3.10	644	[50]	,	b	_
3.10	645	[1]	βραδύτερος	_	_
3.10	646	[25]	.	b	_
3.10	647	[1]	ἔστω	_	_
3.10	648	[2]	δὴ	_	_
3.10	649	[1]	παραδείγματος	_	_
3.10	650	[1]	ἕνεκα	_	_
3.10	651	[1]	πολλὴ	_	_
3.10	652	[14]	μὲν	_	_
3.10	653	[12]	ἡ	_	_
3.10	654	[2]	ὑπεροχὴ	_	_
3.10	655	[51]	,	b	_
3.10	656	[1]	μὴ	_	_
3.10	657	[2]	μέντοι	_	_
3.10	658	[1]	σαφὴς	_	_
3.10	659	[1]	ὑπαρχέτω	_	_
3.10	660	[52]	,	b	_
3.10	661	[1]	πότερα	_	_
3.10	662	[1]	μίαν	_	_
3.10	663	[4]	ἡμέραν	_	_
3.10	664	[53]	,	b	_
3.10	665	[5]	ἢ	_	_
3.10	666	[1]	δύο	_	_
3.10	667	[1]	παρατεῖναι	_	_
3.10	668	[1]	δυνήσεται	_	_
3.10	669	[26]	.	b	_
3.10	670	[1]	διορισθήσεται	_	_
3.10	671	[12]	δὲ	_	_
3.10	672	[4]	τοῦτο	_	_
3.10	673	[3]	ταῖς	_	_
3.10	674	[2]	παροξυσμῶν	_	_
3.10	675	[1]	περιόδοις	_	_
3.10	676	[27]	.	b	_
3.10	677	[12]	ἐν	_	_
3.10	678	[1]	ᾗ	_	_
3.10	679	[11]	γὰρ	_	_
3.10	680	[4]	ὁ	_	_
3.10	681	[1]	παροξυσμὸς	_	_
3.10	682	[1]	ἡμέρᾳ	_	_
3.10	683	[1]	μέλλει	_	_
3.10	684	[1]	γίνεσθαι	_	_
3.10	685	[54]	,	b	_
3.10	686	[2]	κατ	_	_
3.10	687	[22]	’	b	_
3.10	688	[1]	ἐκείνην	_	_
3.10	689	[3]	τεθνήξεται	_	_
3.10	690	[55]	,	b	_
3.10	691	[29]	καὶ	_	_
3.10	692	[9]	τῆς	_	_
3.10	693	[1]	ἡμέρας	_	_
3.10	694	[2]	αὐτῆς	_	_
3.10	695	[14]	τὴν	_	_
3.10	696	[1]	ὥραν	_	_
3.10	697	[13]	ἐν	_	_
3.10	698	[2]	ᾗ	_	_
3.10	699	[1]	τοῦτ	_	_
3.10	700	[23]	’	b	_
3.10	701	[1]	ἔσται	_	_
3.10	702	[1]	ῥᾷστον	_	_
3.10	703	[1]	ἤδη	_	_
3.10	704	[1]	διαγνῶναι	_	_
3.10	705	[56]	,	b	_
3.10	706	[1]	μεμνημένων	_	_
3.10	707	[14]	ἐν	_	_
3.10	708	[15]	μὲν	_	_
3.10	709	[2]	τῷ	_	_
3.10	710	[1]	καθόλου	_	_
3.10	711	[10]	τῶν	_	_
3.10	712	[1]	ὀλίγον	_	_
3.10	713	[2]	ἔμπροσθεν	_	_
3.10	714	[1]	εἰρημένων	_	_
3.10	715	[57]	,	b	_
3.10	716	[1]	ἡνίκα	_	_
3.10	717	[1]	ἐδίδασκον	_	_
3.10	718	[58]	,	b	_
3.10	719	[15]	ἐν	_	_
3.10	720	[1]	ὁποίοις	_	_
3.10	721	[16]	μὲν	_	_
3.10	722	[2]	νοσήμασιν	_	_
3.10	723	[1]	ἀρχαὶ	_	_
3.10	724	[11]	τῶν	_	_
3.10	725	[3]	παροξυσμῶν	_	_
3.10	726	[1]	μάλιστα	_	_
3.10	727	[1]	φέρουσι	_	_
3.10	728	[4]	τὸν	_	_
3.10	729	[1]	θάνατον	_	_
3.10	730	[59]	,	b	_
3.10	731	[16]	ἐν	_	_
3.10	732	[2]	ὁποίοις	_	_
3.10	733	[13]	δὲ	_	_
3.10	734	[2]	αἱ	_	_
3.10	735	[1]	ἀκμαί	_	_
3.10	736	[9]	τε	_	_
3.10	737	[30]	καὶ	_	_
3.10	738	[1]	παρακμαὶ	_	_
3.10	739	[60]	,	b	_
3.10	740	[8]	κατὰ	_	_
3.10	741	[1]	μέρος	_	_
3.10	742	[14]	δὲ	_	_
3.10	743	[1]	ἐφ	_	_
3.10	744	[24]	’	b	_
3.10	745	[1]	ἑκάστου	_	_
3.10	746	[12]	τῶν	_	_
3.10	747	[1]	ἀῤῥώστων	_	_
3.10	748	[13]	ἡ	_	_
3.10	749	[13]	τῶν	_	_
3.10	750	[1]	προγεγενημένων	_	_
3.10	751	[2]	ἡμερῶν	_	_
3.10	752	[1]	μνήμη	_	_
3.10	753	[1]	συνενδείξεταί	_	_
3.10	754	[2]	σοι	_	_
3.10	755	[1]	πάμπολυ	_	_
3.10	756	[28]	.	b	_
3.10	757	[31]	καὶ	_	_
3.10	758	[12]	γὰρ	_	_
3.10	759	[15]	εἰ	_	_
3.10	760	[2]	μὴ	_	_
3.10	761	[3]	κατ	_	_
3.10	762	[25]	’	b	_
3.10	763	[1]	αὐτὴν	_	_
3.10	764	[8]	τοῦ	_	_
3.10	765	[4]	νοσήματος	_	_
3.10	766	[15]	τὴν	_	_
3.10	767	[1]	ἰδέαν	_	_
3.10	768	[1]	οἷός	_	_
3.10	769	[10]	τε	_	_
3.10	770	[1]	εἴης	_	_
3.10	771	[1]	προγινώσκειν	_	_
3.10	772	[17]	ἐν	_	_
3.10	773	[1]	ὁποίῳ	_	_
3.10	774	[2]	μάλιστα	_	_
3.10	775	[1]	μέρει	_	_
3.10	776	[9]	τοῦ	_	_
3.10	777	[1]	παροξυσμοῦ	_	_
3.10	778	[1]	τεθνή	_	_
3.10	779	[1]	ξεται	_	_
3.10	780	[61]	,	b	_
3.10	781	[14]	τῶν	_	_
3.10	782	[1]	γε	_	_
3.10	783	[18]	ἐν	_	_
3.10	784	[4]	ταῖς	_	_
3.10	785	[3]	ἔμπροσθεν	_	_
3.10	786	[1]	ἡμέραις	_	_
3.10	787	[1]	ἀναμνησθεὶς	_	_
3.10	788	[62]	,	b	_
3.10	789	[2]	ὁποίῳ	_	_
3.10	790	[3]	μάλιστα	_	_
3.10	791	[2]	μέρει	_	_
3.10	792	[1]	σφῶν	_	_
3.10	793	[2]	αὐτῶν	_	_
3.10	794	[1]	βαρύτατοί	_	_
3.10	795	[11]	τε	_	_
3.10	796	[32]	καὶ	_	_
3.10	797	[1]	σὺν	_	_
3.10	798	[2]	ὀλεθρίοις	_	_
3.10	799	[1]	ἐγένοντο	_	_
3.10	800	[1]	συμπτώμασιν	_	_
3.10	801	[63]	,	b	_
3.10	802	[4]	οὕτως	_	_
3.10	803	[1]	ἂν	_	_
3.10	804	[1]	ἔχοις	_	_
3.10	805	[2]	τι	_	_
3.10	806	[33]	καὶ	_	_
3.10	807	[2]	περὶ	_	_
3.10	808	[15]	τῶν	_	_
3.10	809	[1]	μελλόντων	_	_
3.10	810	[1]	εἰκάζειν	_	_
3.10	811	[29]	.	b	_
3.10	812	[2]	ἔστω	_	_
3.10	813	[3]	δὴ	_	_
3.10	814	[1]	πάλιν	_	_
3.10	815	[1]	ἀληθῶς	_	_
3.10	816	[1]	ἐγνωσμένον	_	_
3.10	817	[64]	,	b	_
3.10	818	[1]	ὀλέθριον	_	_
3.10	819	[17]	μὲν	_	_
3.10	820	[2]	εἶναι	_	_
3.10	821	[6]	τὸ	_	_
3.10	822	[3]	νόσημα	_	_
3.10	823	[65]	,	b	_
3.10	824	[3]	μὴ	_	_
3.10	825	[2]	πολλὴ	_	_
3.10	826	[15]	δὲ	_	_
3.10	827	[14]	ἡ	_	_
3.10	828	[10]	τῆς	_	_
3.10	829	[3]	δυνάμεως	_	_
3.10	830	[1]	ἧττα	_	_
3.10	831	[30]	.	b	_
3.10	832	[4]	πρῶτον	_	_
3.10	833	[18]	μὲν	_	_
3.10	834	[2]	ἤδη	_	_
3.10	835	[1]	δῆλον	_	_
3.10	836	[3]	ὡς	_	_
3.10	837	[2]	οὐκ	_	_
3.10	838	[1]	ἐγγὺς	_	_
3.10	839	[5]	ὁ	_	_
3.10	840	[2]	θάνατος	_	_
3.10	841	[66]	,	b	_
3.10	842	[1]	ἔπειτα	_	_
3.10	843	[16]	δὲ	_	_
3.10	844	[1]	ζητητέον	_	_
3.10	845	[16]	εἰ	_	_
3.10	846	[1]	δύναται	_	_
3.10	847	[1]	γενέσθαι	_	_
3.10	848	[3]	κρίσις	_	_
3.10	849	[31]	.	b	_
3.10	850	[15]	ἡ	_	_
3.10	851	[17]	δὲ	_	_
3.10	852	[1]	εὕρεσις	_	_
3.10	853	[2]	ἔκ	_	_
3.10	854	[12]	τε	_	_
3.10	855	[10]	τοῦ	_	_
3.10	856	[16]	τὴν	_	_
3.10	857	[1]	δύναμιν	_	_
3.10	858	[67]	,	b	_
3.10	859	[1]	ὅπως	_	_
3.10	860	[1]	ἔχοι	_	_
3.10	861	[1]	ῥώμης	_	_
3.10	862	[68]	,	b	_
3.10	863	[2]	ἐπισκέψασθαι	_	_
3.10	864	[69]	,	b	_
3.10	865	[34]	καὶ	_	_
3.10	866	[11]	τοῦ	_	_
3.10	867	[5]	νοσήματος	_	_
3.10	868	[1]	αὐτοῦ	_	_
3.10	869	[17]	τὴν	_	_
3.10	870	[1]	κίνησιν	_	_
3.10	871	[70]	,	b	_
3.10	872	[2]	ἔτι	_	_
3.10	873	[13]	τε	_	_
3.10	874	[2]	πρὸς	_	_
3.10	875	[2]	τούτοις	_	_
3.10	876	[5]	τὰ	_	_
3.10	877	[1]	σημεῖα	_	_
3.10	878	[16]	τῶν	_	_
3.10	879	[1]	πεπασμῶν	_	_
3.10	880	[32]	.	b	_
3.10	881	[17]	εἰ	_	_
3.10	882	[19]	μὲν	_	_
3.10	883	[13]	γὰρ	_	_
3.10	884	[1]	ἥ	_	_
3.10	885	[14]	τε	_	_
3.10	886	[3]	δύναμις	_	_
3.10	887	[1]	εὔρωστος	_	_
3.10	888	[2]	ὑπάρχῃ	_	_
3.10	889	[35]	καὶ	_	_
3.10	890	[7]	τὸ	_	_
3.10	891	[4]	νόσημα	_	_
3.10	892	[2]	ταχέως	_	_
3.10	893	[3]	κινοῖτο	_	_
3.10	894	[71]	,	b	_
3.10	895	[1]	καί	_	_
3.10	896	[3]	τι	_	_
3.10	897	[3]	σημεῖον	_	_
3.10	898	[1]	παρείη	_	_
3.10	899	[1]	πέψεως	_	_
3.10	900	[72]	,	b	_
3.10	901	[3]	οὐκ	_	_
3.10	902	[1]	ἀπεικός	_	_
3.10	903	[1]	ἐστιν	_	_
3.10	904	[1]	ἐπιθέσθαι	_	_
3.10	905	[2]	κρίσει	_	_
3.10	906	[18]	τὴν	_	_
3.10	907	[1]	φύσιν	_	_
3.10	908	[33]	.	b	_
3.10	909	[18]	εἰ	_	_
3.10	910	[18]	δὲ	_	_
3.10	911	[2]	ἥ	_	_
3.10	912	[15]	τε	_	_
3.10	913	[4]	δύναμις	_	_
3.10	914	[1]	ὀκλάζοι	_	_
3.10	915	[1]	πῃ	_	_
3.10	916	[36]	καὶ	_	_
3.10	917	[8]	τὸ	_	_
3.10	918	[5]	νόσημα	_	_
3.10	919	[4]	μὴ	_	_
3.10	920	[3]	ταχέως	_	_
3.10	921	[4]	κινοῖτο	_	_
3.10	922	[73]	,	b	_
3.10	923	[37]	καὶ	_	_
3.10	924	[4]	μηδὲν	_	_
3.10	925	[4]	εἴη	_	_
3.10	926	[4]	σημεῖον	_	_
3.10	927	[2]	πέψεως	_	_
3.10	928	[74]	,	b	_
3.10	929	[4]	οὐκ	_	_
3.10	930	[1]	ἐνδέχεται	_	_
3.10	931	[2]	κριθῆναι	_	_
3.10	932	[1]	τοῦτον	_	_
3.10	933	[34]	.	b	_
3.10	934	[1]	ὅτι	_	_
3.10	935	[19]	δὲ	_	_
3.10	936	[3]	οὐ	_	_
3.10	937	[3]	πάντως	_	_
3.10	938	[75]	,	b	_
3.10	939	[19]	εἰ	_	_
3.10	940	[9]	τὸ	_	_
3.10	941	[6]	νόσημα	_	_
3.10	942	[11]	τῆς	_	_
3.10	943	[4]	δυνάμεως	_	_
3.10	944	[1]	ἰσχυρότερον	_	_
3.10	945	[76]	,	b	_
3.10	946	[1]	ἐξ	_	_
3.10	947	[1]	ἀνάγκης	_	_
3.10	948	[2]	ἄῤῥωστος	_	_
3.10	949	[16]	ἡ	_	_
3.10	950	[5]	δύναμις	_	_
3.10	951	[77]	,	b	_
3.10	952	[19]	ἐν	_	_
3.10	953	[1]	ἑτέρῳ	_	_
3.10	954	[1]	μοι	_	_
3.10	955	[1]	δέδεικται	_	_
3.10	956	[1]	λόγω	_	_
3.10	957	[38]	καὶ	_	_
3.10	958	[2]	χρὴ	_	_
3.10	959	[1]	μανθάνειν	_	_
3.10	960	[1]	ἐκεῖθεν	_	_
3.10	961	[1]	ἴδια	_	_
3.10	962	[1]	γνωρίσματα	_	_
3.10	963	[5]	δυνάμεως	_	_
3.10	964	[1]	ἀῤῥώστου	_	_
3.10	965	[1]	πάντα	_	_
3.10	966	[20]	μὲν	_	_
3.10	967	[14]	γὰρ	_	_
3.10	968	[3]	ἅμα	_	_
3.10	969	[1]	διεξέρχεσθαι	_	_
3.10	970	[1]	παντελῶς	_	_
3.10	971	[2]	ἐστιν	_	_
3.10	972	[1]	ἀδύνατον	_	_
3.10	973	[78]	,	b	_
3.10	974	[1]	μεμνῆσθαι	_	_
3.10	975	[20]	δὲ	_	_
3.10	976	[1]	πάντων	_	_
3.10	977	[4]	ἅμα	_	_
3.10	978	[39]	καὶ	_	_
3.10	979	[5]	μηδὲν	_	_
3.10	980	[2]	ὧν	_	_
3.10	981	[1]	ἔμαθέ	_	_
3.10	982	[3]	τις	_	_
3.10	983	[1]	ἰδίᾳ	_	_
3.10	984	[1]	παραλείπειν	_	_
3.10	985	[35]	.	b	_
3.10	986	[5]	ἀλλ	_	_
3.10	987	[26]	’	b	_
3.10	988	[2]	ἐφ	_	_
3.10	989	[27]	’	b	_
3.10	990	[2]	ἑκάστου	_	_
3.10	991	[17]	τῶν	_	_
3.10	992	[1]	νοσούντων	_	_
3.10	993	[2]	ἅπαντα	_	_
3.10	994	[1]	περιλαμβάνειν	_	_
3.10	995	[79]	,	b	_
3.10	996	[1]	οὐχ	_	_
3.10	997	[2]	ὅπως	_	_
3.10	998	[1]	ἀδύνατόν	_	_
3.10	999	[3]	ἐστιν	_	_
3.10	1000	[80]	,	b	_
3.10	1001	[6]	ἀλλ	_	_
3.10	1002	[28]	’	b	_
3.10	1003	[1]	οὐδὲ	_	_
3.10	1004	[1]	χαλεπὸν	_	_
3.10	1005	[1]	οὐδέν	_	_
3.10	1006	[36]	.	b	_
3.10	1007	[1]	ἀναμνησθέντες	_	_
3.10	1008	[1]	οὖν	_	_
3.10	1009	[2]	πάλιν	_	_
3.10	1010	[3]	ὧν	_	_
3.10	1011	[20]	ἐν	_	_
3.10	1012	[8]	τοῖς	_	_
3.10	1013	[4]	ἔμπροσθεν	_	_
3.10	1014	[1]	διελεγόμεθα	_	_
3.10	1015	[81]	,	b	_
3.10	1016	[18]	τῶν	_	_
3.10	1017	[1]	ἐφεξῆς	_	_
3.10	1018	[1]	ἐχώμεθα	_	_
3.10	1019	[37]	.	b	_
3.10	1020	[3]	τὰς	_	_
3.10	1021	[1]	ἀρίστας	_	_
3.10	1022	[1]	κρίσεις	_	_
3.10	1023	[1]	ἔφαμεν	_	_
3.10	1024	[21]	ἐν	_	_
3.10	1025	[5]	ταῖς	_	_
3.10	1026	[1]	ἀκμαῖς	_	_
3.10	1027	[2]	γίνεσθαι	_	_
3.10	1028	[38]	.	b	_
3.10	1029	[9]	κατὰ	_	_
3.10	1030	[21]	δὲ	_	_
3.10	1031	[4]	τὰς	_	_
3.10	1032	[1]	ἀναβάσεις	_	_
3.10	1033	[6]	ἐπὶ	_	_
3.10	1034	[21]	μὲν	_	_
3.10	1035	[19]	τῶν	_	_
3.10	1036	[1]	σωθησομένων	_	_
3.10	1037	[6]	ἢ	_	_
3.10	1038	[1]	ἐλλιπεῖς	_	_
3.10	1039	[82]	,	b	_
3.10	1040	[7]	ἢ	_	_
3.10	1041	[5]	οὐκ	_	_
3.10	1042	[1]	ἀσφαλεῖς	_	_
3.10	1043	[6]	·	b	_
3.10	1044	[7]	ἐπὶ	_	_
3.10	1045	[22]	δὲ	_	_
3.10	1046	[20]	τῶν	_	_
3.10	1047	[1]	τεθνηξομένων	_	_
3.10	1048	[83]	,	b	_
3.10	1049	[8]	ἢ	_	_
3.10	1050	[2]	εὐθὺς	_	_
3.10	1051	[1]	ἀναιρεῖν	_	_
3.10	1052	[84]	,	b	_
3.10	1053	[9]	ἢ	_	_
3.10	1054	[1]	μεγάλην	_	_
3.10	1055	[8]	ἐπὶ	_	_
3.10	1056	[10]	τὸ	_	_
3.10	1057	[1]	χεῖρον	_	_
3.10	1058	[1]	ποιεῖσθαι	_	_
3.10	1059	[1]	μεταβολὴν	_	_
3.10	1060	[85]	,	b	_
3.10	1061	[22]	ἐν	_	_
3.10	1062	[1]	ἀρχῇ	_	_
3.10	1063	[23]	δὲ	_	_
3.10	1064	[12]	τοῦ	_	_
3.10	1065	[6]	νοσήματος	_	_
3.10	1066	[6]	οὐκ	_	_
3.10	1067	[2]	ἂν	_	_
3.10	1068	[2]	γενέσθαι	_	_
3.10	1069	[3]	κρίσιν	_	_
3.10	1070	[39]	.	b	_
3.10	1071	[3]	εἶναι	_	_
3.10	1072	[24]	δὲ	_	_
3.10	1073	[21]	τῶν	_	_
3.10	1074	[22]	μὲν	_	_
3.10	1075	[3]	ἀρίστων	_	_
3.10	1076	[1]	ἀκριβεῖς	_	_
3.10	1077	[5]	τὰς	_	_
3.10	1078	[2]	προγνώσεις	_	_
3.10	1079	[86]	,	b	_
3.10	1080	[22]	τῶν	_	_
3.10	1081	[8]	δ	_	_
3.10	1082	[29]	’	b	_
3.10	1083	[2]	ἄλλων	_	_
3.10	1084	[1]	μετὰ	_	_
3.10	1085	[13]	τοῦ	_	_
3.10	1086	[1]	στοχάζεσθαι	_	_
3.10	1087	[87]	,	b	_
3.10	1088	[40]	καὶ	_	_
3.10	1089	[1]	μᾶλλον	_	_
3.10	1090	[3]	ὅταν	_	_
3.10	1091	[1]	ἄσημοι	_	_
3.10	1092	[1]	τυγχάνωσι	_	_
3.10	1093	[1]	γινόμεναι	_	_
3.10	1094	[40]	.	b	_
3.10	1095	[1]	καλεῖσθαι	_	_
3.10	1096	[25]	δὲ	_	_
3.10	1097	[5]	οὕτως	_	_
3.10	1098	[2]	ἔφαμεν	_	_
3.10	1099	[1]	ὅσαι	_	_
3.10	1100	[5]	μὴ	_	_
3.10	1101	[1]	προδηλοῦνται	_	_
3.10	1102	[2]	διὰ	_	_
3.10	1103	[23]	τῶν	_	_
3.10	1104	[1]	ἐπιδήλων	_	_
3.10	1105	[3]	ἡμερῶν	_	_
3.10	1106	[88]	,	b	_
3.10	1107	[1]	ἀλλά	_	_
3.10	1108	[1]	τοι	_	_
3.10	1109	[41]	καὶ	_	_
3.10	1110	[1]	ταύτας	_	_
3.10	1111	[89]	,	b	_
3.10	1112	[20]	εἰ	_	_
3.10	1113	[42]	καὶ	_	_
3.10	1114	[6]	μὴ	_	_
3.10	1115	[2]	πρὸ	_	_
3.10	1116	[1]	πολλοῦ	_	_
3.10	1117	[90]	,	b	_
3.10	1118	[1]	μελλούσας	_	_
3.10	1119	[1]	γοῦν	_	_
3.10	1120	[2]	ὅσον	_	_
3.10	1121	[1]	οὔπω	_	_
3.10	1122	[1]	γενή	_	_
3.10	1123	[1]	σεθαι	_	_
3.10	1124	[91]	,	b	_
3.10	1125	[2]	προγινώσκειν	_	_
3.10	1126	[1]	ἐλέγομεν	_	_
3.10	1127	[1]	δεῖν	_	_
3.10	1128	[92]	,	b	_
3.10	1129	[3]	ἔσεσθαι	_	_
3.10	1130	[26]	δὲ	_	_
3.10	1131	[19]	τὴν	_	_
3.10	1132	[2]	πρόγνωσιν	_	_
3.10	1133	[3]	ἔκ	_	_
3.10	1134	[16]	τε	_	_
3.10	1135	[14]	τοῦ	_	_
3.10	1136	[1]	κατεπείγεσθαί	_	_
3.10	1137	[17]	τε	_	_
3.10	1138	[43]	καὶ	_	_
3.10	1139	[1]	σφοδρῶς	_	_
3.10	1140	[1]	ἐρεθίζεσθαι	_	_
3.10	1141	[20]	τὴν	_	_
3.10	1142	[2]	φύσιν	_	_
3.10	1143	[1]	ὑπὸ	_	_
3.10	1144	[15]	τοῦ	_	_
3.10	1145	[7]	νοσήματος	_	_
3.10	1146	[93]	,	b	_
3.10	1147	[4]	ἔκ	_	_
3.10	1148	[18]	τε	_	_
3.10	1149	[12]	τῆς	_	_
3.10	1150	[1]	παρὰ	_	_
3.10	1151	[1]	λόγον	_	_
3.10	1152	[1]	αἰφνιδίου	_	_
3.10	1153	[1]	ταραχῆς	_	_
3.10	1154	[3]	περὶ	_	_
3.10	1155	[11]	τὸ	_	_
3.10	1156	[1]	σῶμα	_	_
3.10	1157	[41]	.	b	_
3.10	1158	[4]	πάντως	_	_
3.10	1159	[2]	γάρ	_	_
3.10	1160	[4]	τι	_	_
3.10	1161	[1]	νεωτερίζεται	_	_
3.10	1162	[2]	μελλούσης	_	_
3.10	1163	[4]	κρίσεως	_	_
3.10	1164	[94]	,	b	_
3.10	1165	[10]	ἢ	_	_
3.10	1166	[10]	κατὰ	_	_
3.10	1167	[21]	τὴν	_	_
3.10	1168	[1]	ἀναπνοὴν	_	_
3.10	1169	[95]	,	b	_
3.10	1170	[11]	ἢ	_	_
3.10	1171	[11]	κατὰ	_	_
3.10	1172	[22]	τὴν	_	_
3.10	1173	[1]	διάνοιαν	_	_
3.10	1174	[96]	,	b	_
3.10	1175	[12]	ἢ	_	_
3.10	1176	[23]	τὴν	_	_
3.10	1177	[1]	ἀκοὴν	_	_
3.10	1178	[97]	,	b	_
3.10	1179	[13]	ἢ	_	_
3.10	1180	[24]	τὴν	_	_
3.10	1181	[1]	ὄψιν	_	_
3.10	1182	[98]	,	b	_
3.10	1183	[14]	ἢ	_	_
3.10	1184	[25]	τὴν	_	_
3.10	1185	[1]	εὐφορίαν	_	_
3.10	1186	[99]	,	b	_
3.10	1187	[15]	ἢ	_	_
3.10	1188	[4]	κατ	_	_
3.10	1189	[30]	’	b	_
3.10	1190	[2]	﻿	_	_
3.10	1191	[1]	ἄλλό	_	_
3.10	1192	[5]	τι	_	_
3.10	1193	[24]	τῶν	_	_
3.10	1194	[3]	ἤδη	_	_
3.10	1195	[1]	πολλάκις	_	_
3.10	1196	[2]	εἰρημένων	_	_
3.10	1197	[100]	,	b	_
3.10	1198	[1]	ἅπερ	_	_
3.10	1199	[1]	ἑνὶ	_	_
3.10	1200	[1]	περιλαβόντες	_	_
3.10	1201	[1]	ὀνόματι	_	_
3.10	1202	[1]	κρίσιμα	_	_
3.10	1203	[1]	συμπτώματά	_	_
3.10	1204	[19]	τε	_	_
3.10	1205	[44]	καὶ	_	_
3.10	1206	[2]	σημεῖα	_	_
3.10	1207	[1]	προσαγορεύομεν	_	_
3.10	1208	[42]	.	b	_
3.10	1209	[45]	καὶ	_	_
3.10	1210	[23]	μὲν	_	_
3.10	1211	[4]	δὴ	_	_
3.10	1212	[46]	καὶ	_	_
3.10	1213	[12]	τὸ	_	_
3.10	1214	[3]	διὰ	_	_
3.10	1215	[25]	τῶν	_	_
3.10	1216	[1]	ἀφορισμῶν	_	_
3.10	1217	[1]	εἰρημένον	_	_
3.10	1218	[1]	ὑφ	_	_
3.10	1219	[31]	’	b	_
3.10	1220	[1]	Ἱπποκράτους	_	_
3.10	1221	[7]	·	b	_
3.10	1222	[1]	ὁκόσοισι	_	_
3.10	1223	[27]	δὲ	_	_
3.10	1224	[4]	κρίσις	_	_
3.10	1225	[2]	γίνεται	_	_
3.10	1226	[101]	,	b	_
3.10	1227	[1]	τουτέοισι	_	_
3.10	1228	[1]	νὺξ	_	_
3.10	1229	[1]	δύσφορος	_	_
3.10	1230	[102]	,	b	_
3.10	1231	[17]	ἡ	_	_
3.10	1232	[3]	πρὸ	_	_
3.10	1233	[16]	τοῦ	_	_
3.10	1234	[2]	παροξυσμοῦ	_	_
3.10	1235	[103]	,	b	_
3.10	1236	[2]	τοῦτ	_	_
3.10	1237	[32]	’	b	_
3.10	1238	[2]	ἔστιν	_	_
3.10	1239	[1]	αὐτὸ	_	_
3.10	1240	[1]	νῦν	_	_
3.10	1241	[13]	τὸ	_	_
3.10	1242	[1]	λεγόμενον	_	_
3.10	1243	[43]	.	b	_
3.10	1244	[1]	ἐὰν	_	_
3.10	1245	[2]	οὖν	_	_
3.10	1246	[9]	ἐπὶ	_	_
3.10	1247	[3]	τῷ	_	_
3.10	1248	[1]	νοσήματι	_	_
3.10	1249	[4]	κρίσιν	_	_
3.10	1250	[1]	ἐμφαίνοντι	_	_
3.10	1251	[47]	καὶ	_	_
3.10	1252	[18]	ἡ	_	_
3.10	1253	[2]	νὺξ	_	_
3.10	1254	[1]	γένηται	_	_
3.10	1255	[2]	δύσφορος	_	_
3.10	1256	[104]	,	b	_
3.10	1257	[48]	καὶ	_	_
3.10	1258	[1]	ἐπ	_	_
3.10	1259	[33]	’	b	_
3.10	1260	[1]	αὐτῇ	_	_
3.10	1261	[6]	ὁ	_	_
3.10	1262	[2]	παροξυσμὸς	_	_
3.10	1263	[1]	εἰσβάλλῃ	_	_
3.10	1264	[1]	θᾶττον	_	_
3.10	1265	[105]	,	b	_
3.10	1266	[5]	ἅμα	_	_
3.10	1267	[1]	νεωτέροις	_	_
3.10	1268	[1]	τισὶ	_	_
3.10	1269	[2]	συμπτώμασιν	_	_
3.10	1270	[106]	,	b	_
3.10	1271	[23]	ἐν	_	_
3.10	1272	[1]	ἐκείνῳ	_	_
3.10	1273	[4]	τῷ	_	_
3.10	1274	[1]	παροξυσμῷ	_	_
3.10	1275	[3]	γενέσθαι	_	_
3.10	1276	[26]	τὴν	_	_
3.10	1277	[5]	κρίσιν	_	_
3.10	1278	[1]	ἀναγκαῖον	_	_
3.10	1279	[44]	.	b	_
3.11	1	[1]	Ὁποία	_	_
3.11	2	[1]	δέ	_	_
3.11	3	[1]	τις	_	_
3.11	4	[1]	ἔσται	_	_
3.11	5	[1]	,	b	_
3.11	6	[1]	τουτέστιν	_	_
3.11	7	[1]	εἰ	_	_
3.11	8	[1]	δι	_	_
3.11	9	[1]	’	b	_
3.11	10	[1]	αἱμοῤῥαγίας	_	_
3.11	11	[2]	,	b	_
3.11	12	[1]	ἢ	_	_
3.11	13	[1]	ἐμέτων	_	_
3.11	14	[3]	,	b	_
3.11	15	[2]	ἢ	_	_
3.11	16	[1]	ἱδρώτων	_	_
3.11	17	[4]	,	b	_
3.11	18	[1]	ἤ	_	_
3.11	19	[1]	τινος	_	_
3.11	20	[1]	ἄλλου	_	_
3.11	21	[1]	τῶν	_	_
3.11	22	[1]	πολλάκις	_	_
3.11	23	[1]	ἤδη	_	_
3.11	24	[1]	προειρημένων	_	_
3.11	25	[5]	,	b	_
3.11	26	[1]	ἐφεξῆς	_	_
3.11	27	[1]	πειράσομαι	_	_
3.11	28	[1]	διηγεῖσθαι	_	_
3.11	29	[6]	,	b	_
3.11	30	[1]	τὴν	_	_
3.11	31	[1]	ἀρχὴν	_	_
3.11	32	[1]	κᾀνταῦθα	_	_
3.11	33	[1]	τῷ	_	_
3.11	34	[1]	λόγῳ	_	_
3.11	35	[1]	ποιησάμενος	_	_
3.11	36	[1]	ἀπὸ	_	_
3.11	37	[1]	τοῦ	_	_
3.11	38	[1]	συμπάντων	_	_
3.11	39	[1]	ἡμῖν	_	_
3.11	40	[2]	τῶν	_	_
3.11	41	[1]	ἀρίστων	_	_
3.11	42	[1]	μαθημάτων	_	_
3.11	43	[1]	ἡγεμόνος	_	_
3.11	44	[7]	,	b	_
3.11	45	[1]	ἐν	_	_
3.11	46	[1]	μὲν	_	_
3.11	47	[2]	τῷ	_	_
3.11	48	[1]	πρώτῳ	_	_
3.11	49	[3]	τῶν	_	_
3.11	50	[1]	ἐπιδημιῶν	_	_
3.11	51	[1]	ᾧδέ	_	_
3.11	52	[1]	πως	_	_
3.11	53	[1]	εἰπόντος	_	_
3.11	54	[1]	·	b	_
3.11	55	[1]	τὰ	_	_
3.11	56	[1]	περὶ	_	_
3.11	57	[2]	τὴν	_	_
3.11	58	[1]	κεφαλὴν	_	_
3.11	59	[1]	καὶ	_	_
3.11	60	[1]	τὸν	_	_
3.11	61	[1]	τράχηλον	_	_
3.11	62	[1]	ἀλγήματα	_	_
3.11	63	[2]	καὶ	_	_
3.11	64	[1]	βάρεα	_	_
3.11	65	[1]	σὺν	_	_
3.11	66	[1]	πυρετοῖς	_	_
3.11	67	[3]	καὶ	_	_
3.11	68	[1]	.	b	_
3.11	69	[1]	ἄνευ	_	_
3.11	70	[1]	πυρετῶν	_	_
3.11	71	[1]	φρενιτικοῖσι	_	_
3.11	72	[2]	μὲν	_	_
3.11	73	[1]	σπασμοὶ	_	_
3.11	74	[8]	,	b	_
3.11	75	[4]	καὶ	_	_
3.11	76	[1]	ἰώδεα	_	_
3.11	77	[1]	ἐπὰν	_	_
3.11	78	[1]	ἐμέωσιν	_	_
3.11	79	[9]	,	b	_
3.11	80	[1]	ἔνιοι	_	_
3.11	81	[1]	ταχυθάνατοι	_	_
3.11	82	[1]	τουτέων	_	_
3.11	83	[2]	.	b	_
3.11	84	[2]	ἐν	_	_
3.11	85	[1]	καύσοισι	_	_
3.11	86	[1]	δὲ	_	_
3.11	87	[5]	καὶ	_	_
3.11	88	[1]	τοῖσιν	_	_
3.11	89	[1]	ἄλλοισι	_	_
3.11	90	[1]	πυρετοῖσιν	_	_
3.11	91	[10]	,	b	_
3.11	92	[1]	οἷσι	_	_
3.11	93	[3]	μὲν	_	_
3.11	94	[1]	τραχήλου	_	_
3.11	95	[1]	πόνος	_	_
3.11	96	[6]	καὶ	_	_
3.11	97	[1]	κροτάφων	_	_
3.11	98	[1]	βάρος	_	_
3.11	99	[11]	,	b	_
3.11	100	[7]	καὶ	_	_
3.11	101	[1]	σκοτώδεα	_	_
3.11	102	[2]	τὰ	_	_
3.11	103	[2]	περὶ	_	_
3.11	104	[1]	τὰς	_	_
3.11	105	[1]	ὄψιας	_	_
3.11	106	[12]	,	b	_
3.11	107	[3]	ἢ	_	_
3.11	108	[8]	καὶ	_	_
3.11	109	[1]	ὑποχονδρίου	_	_
3.11	110	[1]	σύντασις	_	_
3.11	111	[1]	οὐ	_	_
3.11	112	[1]	μετ	_	_
3.11	113	[2]	’	b	_
3.11	114	[1]	ὀδύνης	_	_
3.11	115	[13]	,	b	_
3.11	116	[1]	αἱμοῤῥαγέουσι	_	_
3.11	117	[1]	διὰ	_	_
3.11	118	[1]	ῥινῶν	_	_
3.11	119	[3]	.	b	_
3.11	120	[2]	οἷσι	_	_
3.11	121	[2]	δὲ	_	_
3.11	122	[2]	βάρεα	_	_
3.11	123	[4]	μὲν	_	_
3.11	124	[1]	ὅλης	_	_
3.11	125	[1]	τῆς	_	_
3.11	126	[1]	κεφαλῆς	_	_
3.11	127	[14]	,	b	_
3.11	128	[1]	καρδιωγμοὶ	_	_
3.11	129	[3]	δὲ	_	_
3.11	130	[9]	καὶ	_	_
3.11	131	[1]	ἀσώδεές	_	_
3.11	132	[1]	εἰσιν	_	_
3.11	133	[15]	,	b	_
3.11	134	[1]	ἐπανεμέουσι	_	_
3.11	135	[1]	χολώδεα	_	_
3.11	136	[10]	καὶ	_	_
3.11	137	[1]	φλεγματώδεα	_	_
3.11	138	[4]	.	b	_
3.11	139	[1]	τὸ	_	_
3.11	140	[1]	πολὺ	_	_
3.11	141	[4]	δὲ	_	_
3.11	142	[1]	παιδίοισιν	_	_
3.11	143	[3]	ἐν	_	_
3.11	144	[1]	τοῖσι	_	_
3.11	145	[1]	τοιουτέοισιν	_	_
3.11	146	[1]	οἱ	_	_
3.11	147	[2]	σπασμοὶ	_	_
3.11	148	[1]	μάλιστα	_	_
3.11	149	[16]	,	b	_
3.11	150	[1]	γυναιξὶ	_	_
3.11	151	[5]	δὲ	_	_
3.11	152	[11]	καὶ	_	_
3.11	153	[1]	ταῦτα	_	_
3.11	154	[12]	καὶ	_	_
3.11	155	[2]	ἀπὸ	_	_
3.11	156	[1]	ὑστερέων	_	_
3.11	157	[1]	πόνοι	_	_
3.11	158	[17]	,	b	_
3.11	159	[1]	πρεσβυτέροισι	_	_
3.11	160	[6]	δὲ	_	_
3.11	161	[13]	καὶ	_	_
3.11	162	[1]	ὁκόσοισιν	_	_
3.11	163	[2]	ἤδη	_	_
3.11	164	[2]	τὸ	_	_
3.11	165	[1]	θερμὸν	_	_
3.11	166	[1]	κρατέεται	_	_
3.11	167	[1]	παραπληγικὰ	_	_
3.11	168	[18]	,	b	_
3.11	169	[4]	ἢ	_	_
3.11	170	[1]	μανικὰ	_	_
3.11	171	[19]	,	b	_
3.11	172	[5]	ἢ	_	_
3.11	173	[1]	μελαγχολικὰ	_	_
3.11	174	[20]	,	b	_
3.11	175	[14]	καὶ	_	_
3.11	176	[1]	στέρησις	_	_
3.11	177	[1]	ὀφθαλμῶν	_	_
3.11	178	[5]	.	b	_
3.11	179	[4]	ἐν	_	_
3.11	180	[7]	δὲ	_	_
3.11	181	[1]	αὐτῷ	_	_
3.11	182	[1]	προγνωστικῷ	_	_
3.11	183	[1]	Ἱπποκράτης	_	_
3.11	184	[2]	ᾧδέ	_	_
3.11	185	[2]	πως	_	_
3.11	186	[1]	πάλιν	_	_
3.11	187	[1]	φησίν	_	_
3.11	188	[2]	·	b	_
3.11	189	[1]	ὅστις	_	_
3.11	190	[1]	δ	_	_
3.11	191	[3]	’	b	_
3.11	192	[1]	ἂν	_	_
3.11	193	[4]	τῶν	_	_
3.11	194	[2]	πυρετῶν	_	_
3.11	195	[1]	μηκύνῃ	_	_
3.11	196	[1]	περιεστικῶς	_	_
3.11	197	[1]	διακειμένου	_	_
3.11	198	[2]	τοῦ	_	_
3.11	199	[1]	ἀνθρώπου	_	_
3.11	200	[21]	,	b	_
3.11	201	[1]	μήτε	_	_
3.11	202	[2]	ὀδύνης	_	_
3.11	203	[1]	ἐχούσης	_	_
3.11	204	[2]	διὰ	_	_
3.11	205	[1]	φλεγμονὴν	_	_
3.11	206	[2]	μήτε	_	_
3.11	207	[2]	δι	_	_
3.11	208	[4]	’	b	_
3.11	209	[1]	ἄλλην	_	_
3.11	210	[1]	πρόφασιν	_	_
3.11	211	[1]	ἐμφανέα	_	_
3.11	212	[22]	,	b	_
3.11	213	[1]	τουτέῳ	_	_
3.11	214	[1]	προσδέχεσθαι	_	_
3.11	215	[1]	ἀπόστασιν	_	_
3.11	216	[1]	μετὰ	_	_
3.11	217	[1]	οἰδήματός	_	_
3.11	218	[1]	τε	_	_
3.11	219	[15]	καὶ	_	_
3.11	220	[3]	ὀδύνης	_	_
3.11	221	[1]	εἴς	_	_
3.11	222	[1]	τι	_	_
3.11	223	[5]	τῶν	_	_
3.11	224	[1]	ἄρθρων	_	_
3.11	225	[23]	,	b	_
3.11	226	[16]	καὶ	_	_
3.11	227	[1]	οὐχ	_	_
3.11	228	[1]	ἧσσον	_	_
3.11	229	[6]	τῶν	_	_
3.11	230	[1]	κάτω	_	_
3.11	231	[6]	.	b	_
3.11	232	[1]	μᾶλλον	_	_
3.11	233	[8]	δὲ	_	_
3.11	234	[1]	γίνονται	_	_
3.11	235	[17]	καὶ	_	_
3.11	236	[5]	ἐν	_	_
3.11	237	[1]	ἐλάσσονι	_	_
3.11	238	[1]	χρόνῳ	_	_
3.11	239	[1]	αἱ	_	_
3.11	240	[1]	τοιαῦται	_	_
3.11	241	[1]	ἀποστάσιες	_	_
3.11	242	[2]	τοῖσι	_	_
3.11	243	[1]	νεωτέροισι	_	_
3.11	244	[1]	τριάκοντα	_	_
3.11	245	[1]	ἐτέων	_	_
3.11	246	[7]	.	b	_
3.11	247	[1]	ἐπισκέπτεσθαι	_	_
3.11	248	[9]	δὲ	_	_
3.11	249	[1]	εὐθὺς	_	_
3.11	250	[1]	χρὴ	_	_
3.11	251	[3]	τὰ	_	_
3.11	252	[3]	περὶ	_	_
3.11	253	[2]	τῆς	_	_
3.11	254	[1]	ἀποστάσεως	_	_
3.11	255	[2]	εἰ	_	_
3.11	256	[1]	κ΄	_	_
3.11	257	[1]	ἡμέρας	_	_
3.11	258	[1]	ὁ	_	_
3.11	259	[1]	πυρετὸς	_	_
3.11	260	[1]	ὑπερβάλλῃ	_	_
3.11	261	[8]	.	b	_
3.11	262	[3]	τοῖσι	_	_
3.11	263	[10]	δὲ	_	_
3.11	264	[1]	γεραιτέροισιν	_	_
3.11	265	[2]	ἧσσον	_	_
3.11	266	[1]	γίνεται	_	_
3.11	267	[24]	,	b	_
3.11	268	[1]	πολυχρονιωτέρου	_	_
3.11	269	[1]	ἐόντος	_	_
3.11	270	[3]	τοῦ	_	_
3.11	271	[1]	πυρετοῦ	_	_
3.11	272	[9]	.	b	_
3.11	273	[2]	χρὴ	_	_
3.11	274	[11]	δὲ	_	_
3.11	275	[3]	τὴν	_	_
3.11	276	[5]	μὲν	_	_
3.11	277	[1]	τοιαύτην	_	_
3.11	278	[2]	ἀπόστασιν	_	_
3.11	279	[2]	προσδέχεσθαι	_	_
3.11	280	[25]	,	b	_
3.11	281	[1]	ξυνεχέος	_	_
3.11	282	[2]	ἐόντος	_	_
3.11	283	[4]	τοῦ	_	_
3.11	284	[2]	πυρετοῦ	_	_
3.11	285	[26]	,	b	_
3.11	286	[1]	εἰς	_	_
3.11	287	[12]	δὲ	_	_
3.11	288	[1]	τεταρταῖον	_	_
3.11	289	[1]	καταστήσεσθαι	_	_
3.11	290	[27]	,	b	_
3.11	291	[1]	ἢν	_	_
3.11	292	[1]	διαλείπῃ	_	_
3.11	293	[18]	καὶ	_	_
3.11	294	[1]	ἐπιλαμβάνῃ	_	_
3.11	295	[1]	πεπλανημένον	_	_
3.11	296	[1]	τρόπον	_	_
3.11	297	[10]	.	b	_
3.11	298	[19]	καὶ	_	_
3.11	299	[2]	ταῦτα	_	_
3.11	300	[1]	πάντα	_	_
3.11	301	[1]	ποιέων	_	_
3.11	302	[3]	τῷ	_	_
3.11	303	[1]	φθινοπώρῳ	_	_
3.11	304	[1]	πελάσῃ	_	_
3.11	305	[11]	.	b	_
3.11	306	[1]	ὥσπερ	_	_
3.11	307	[13]	δὲ	_	_
3.11	308	[4]	τοῖσι	_	_
3.11	309	[2]	νεωτέροισι	_	_
3.11	310	[2]	τριάκοντα	_	_
3.11	311	[2]	ἐτέων	_	_
3.11	312	[2]	ἀποστάσιες	_	_
3.11	313	[2]	γίνονται	_	_
3.11	314	[28]	,	b	_
3.11	315	[1]	οὕτως	_	_
3.11	316	[2]	οἱ	_	_
3.11	317	[2]	τεταρταῖον	_	_
3.11	318	[2]	μᾶλλον	_	_
3.11	319	[5]	τοῖσι	_	_
3.11	320	[3]	τριάκοντα	_	_
3.11	321	[1]	ἔτεσι	_	_
3.11	322	[20]	καὶ	_	_
3.11	323	[1]	γεραιτέροισι	_	_
3.11	324	[12]	.	b	_
3.11	325	[2]	τὰς	_	_
3.11	326	[14]	δὲ	_	_
3.11	327	[1]	ἀποστάσιας	_	_
3.11	328	[1]	εἰδέναι	_	_
3.11	329	[3]	χρὴ	_	_
3.11	330	[3]	μᾶλλον	_	_
3.11	331	[5]	τοῦ	_	_
3.11	332	[1]	χειμῶνος	_	_
3.11	333	[1]	γενομένας	_	_
3.11	334	[29]	,	b	_
3.11	335	[1]	χρονιώτερον	_	_
3.11	336	[15]	δὲ	_	_
3.11	337	[1]	παυομένας	_	_
3.11	338	[30]	,	b	_
3.11	339	[1]	ἧσσόν	_	_
3.11	340	[2]	τε	_	_
3.11	341	[1]	παλινδρομεούσας	_	_
3.11	342	[31]	,	b	_
3.11	343	[1]	ἱκανὰ	_	_
3.11	344	[6]	μὲν	_	_
3.11	345	[21]	καὶ	_	_
3.11	346	[3]	ταῦτα	_	_
3.11	347	[22]	καὶ	_	_
3.11	348	[1]	πάνυ	_	_
3.11	349	[1]	σαφῆ	_	_
3.11	350	[4]	τὰ	_	_
3.11	351	[4]	περὶ	_	_
3.11	352	[7]	τῶν	_	_
3.11	353	[1]	ἀποστάσεων	_	_
3.11	354	[1]	εἰρημένα	_	_
3.11	355	[13]	.	b	_
3.11	356	[1]	συνάπτων	_	_
3.11	357	[2]	δ	_	_
3.11	358	[5]	’	b	_
3.11	359	[1]	αὐτοῖς	_	_
3.11	360	[2]	ἐφεξῆς	_	_
3.11	361	[5]	τὰ	_	_
3.11	362	[5]	περὶ	_	_
3.11	363	[8]	τῶν	_	_
3.11	364	[1]	ἐκκρίσεων	_	_
3.11	365	[3]	ᾧδέ	_	_
3.11	366	[1]	πώς	_	_
3.11	367	[1]	φησιν	_	_
3.11	368	[3]	·	b	_
3.11	369	[2]	ὅστις	_	_
3.11	370	[3]	δ	_	_
3.11	371	[6]	’	b	_
3.11	372	[2]	ἂν	_	_
3.11	373	[6]	ἐν	_	_
3.11	374	[1]	πυρετῷ	_	_
3.11	375	[1]	μὴ	_	_
3.11	376	[1]	θανατώδει	_	_
3.11	377	[32]	,	b	_
3.11	378	[1]	φησὶ	_	_
3.11	379	[33]	,	b	_
3.11	380	[2]	κεφαλὴν	_	_
3.11	381	[1]	ἀλγεῖν	_	_
3.11	382	[34]	,	b	_
3.11	383	[6]	ἢ	_	_
3.11	384	[23]	καὶ	_	_
3.11	385	[1]	ὀρφνῶδές	_	_
3.11	386	[2]	τι	_	_
3.11	387	[1]	πρὸ	_	_
3.11	388	[2]	ὀφθαλμῶν	_	_
3.11	389	[1]	φαίνεσθαι	_	_
3.11	390	[35]	,	b	_
3.11	391	[2]	ἢν	_	_
3.11	392	[1]	καρδιωγμὸς	_	_
3.11	393	[2]	τουτέῳ	_	_
3.11	394	[1]	προσγένηται	_	_
3.11	395	[36]	,	b	_
3.11	396	[1]	χολώδης	_	_
3.11	397	[1]	ἔμετος	_	_
3.11	398	[1]	παρέσται	_	_
3.11	399	[4]	·	b	_
3.11	400	[3]	ἢν	_	_
3.11	401	[16]	δὲ	_	_
3.11	402	[24]	καὶ	_	_
3.11	403	[1]	ῥῖγος	_	_
3.11	404	[1]	ἐπιλάβῃ	_	_
3.11	405	[37]	,	b	_
3.11	406	[25]	καὶ	_	_
3.11	407	[6]	τὰ	_	_
3.11	408	[2]	κάτω	_	_
3.11	409	[6]	τοῦ	_	_
3.11	410	[2]	ὑποχονδρίου	_	_
3.11	411	[1]	ψυχρὰ	_	_
3.11	412	[1]	ᾖ	_	_
3.11	413	[38]	,	b	_
3.11	414	[1]	ταχύτερον	_	_
3.11	415	[1]	ἔτι	_	_
3.11	416	[2]	ὁ	_	_
3.11	417	[2]	ἔμετος	_	_
3.11	418	[2]	παρέσται	_	_
3.11	419	[14]	.	b	_
3.11	420	[4]	ἢν	_	_
3.11	421	[2]	δέ	_	_
3.11	422	[3]	τι	_	_
3.11	423	[26]	καὶ	_	_
3.11	424	[1]	πίῃ	_	_
3.11	425	[39]	,	b	_
3.11	426	[7]	ἢ	_	_
3.11	427	[1]	φάγῃ	_	_
3.11	428	[1]	ὑπὸ	_	_
3.11	429	[1]	τοῦτον	_	_
3.11	430	[2]	τὸν	_	_
3.11	431	[1]	χρόνον	_	_
3.11	432	[40]	,	b	_
3.11	433	[1]	κάρτα	_	_
3.11	434	[1]	ταχέως	_	_
3.11	435	[1]	ἐμέσεται	_	_
3.11	436	[15]	.	b	_
3.11	437	[2]	τουτέων	_	_
3.11	438	[17]	δὲ	_	_
3.11	439	[1]	οἷς	_	_
3.11	440	[3]	ἂν	_	_
3.11	441	[1]	ἄρξηται	_	_
3.11	442	[3]	ὁ	_	_
3.11	443	[2]	πόνος	_	_
3.11	444	[1]	τῇ	_	_
3.11	445	[1]	πρώτῃ	_	_
3.11	446	[1]	ἡμέρᾳ	_	_
3.11	447	[41]	,	b	_
3.11	448	[1]	τεταρταῖοι	_	_
3.11	449	[1]	πιέζονται	_	_
3.11	450	[4]	μᾶλλον	_	_
3.11	451	[8]	ἢ	_	_
3.11	452	[1]	πεμπταῖοι	_	_
3.11	453	[42]	,	b	_
3.11	454	[2]	εἰς	_	_
3.11	455	[18]	δὲ	_	_
3.11	456	[4]	τὴν	_	_
3.11	457	[1]	ζ΄	_	_
3.11	458	[1]	ἀπαλλάσσονται	_	_
3.11	459	[16]	.	b	_
3.11	460	[3]	οἱ	_	_
3.11	461	[1]	μέντοι	_	_
3.11	462	[1]	πλεῖστοι	_	_
3.11	463	[1]	αὐτῶν	_	_
3.11	464	[1]	ἄρχονται	_	_
3.11	465	[7]	μὲν	_	_
3.11	466	[1]	πονέεσθαι	_	_
3.11	467	[1]	τριταῖοι	_	_
3.11	468	[43]	,	b	_
3.11	469	[1]	χειμάζονται	_	_
3.11	470	[19]	δὲ	_	_
3.11	471	[2]	πεμπταῖοι	_	_
3.11	472	[2]	μάλιστα	_	_
3.11	473	[44]	,	b	_
3.11	474	[2]	ἀπαλλάσσονται	_	_
3.11	475	[4]	δ	_	_
3.11	476	[7]	’	b	_
3.11	477	[1]	ἐνναταῖοι	_	_
3.11	478	[9]	ἢ	_	_
3.11	479	[1]	ἑνδεκαταῖοι	_	_
3.11	480	[5]	·	b	_
3.11	481	[1]	οἳ	_	_
3.11	482	[5]	δ	_	_
3.11	483	[8]	’	b	_
3.11	484	[4]	ἂν	_	_
3.11	485	[1]	ἄρξωνται	_	_
3.11	486	[3]	πεμπταῖοι	_	_
3.11	487	[2]	πονέεσθαι	_	_
3.11	488	[45]	,	b	_
3.11	489	[27]	καὶ	_	_
3.11	490	[1]	τἄλλα	_	_
3.11	491	[1]	κατὰ	_	_
3.11	492	[1]	λόγον	_	_
3.11	493	[1]	αὐτοῖσι	_	_
3.11	494	[9]	τῶν	_	_
3.11	495	[1]	πρόσθεν	_	_
3.11	496	[2]	γίνεται	_	_
3.11	497	[46]	,	b	_
3.11	498	[3]	εἰς	_	_
3.11	499	[1]	τεσσαρεσκαιδεκάτην	_	_
3.11	500	[17]	.	b	_
3.11	501	[3]	γίνεται	_	_
3.11	502	[20]	δὲ	_	_
3.11	503	[4]	ταῦτα	_	_
3.11	504	[6]	τοῖσι	_	_
3.11	505	[8]	μὲν	_	_
3.11	506	[1]	ἀνδράσι	_	_
3.11	507	[28]	καὶ	_	_
3.11	508	[1]	τῇσι	_	_
3.11	509	[1]	γυναιξὶν	_	_
3.11	510	[7]	ἐν	_	_
3.11	511	[1]	τριταίοις	_	_
3.11	512	[3]	μάλιστα	_	_
3.11	513	[47]	,	b	_
3.11	514	[7]	τοῖσι	_	_
3.11	515	[21]	δὲ	_	_
3.11	516	[3]	νεωτέροισι	_	_
3.11	517	[4]	γίνεται	_	_
3.11	518	[9]	μὲν	_	_
3.11	519	[29]	καὶ	_	_
3.11	520	[8]	ἐν	_	_
3.11	521	[1]	τούτοισι	_	_
3.11	522	[48]	,	b	_
3.11	523	[5]	μᾶλλον	_	_
3.11	524	[22]	δὲ	_	_
3.11	525	[9]	ἐν	_	_
3.11	526	[1]	τοῖς	_	_
3.11	527	[1]	συνεχεστέροισι	_	_
3.11	528	[1]	πυρετοῖσι	_	_
3.11	529	[30]	καὶ	_	_
3.11	530	[10]	ἐν	_	_
3.11	531	[8]	τοῖσι	_	_
3.11	532	[1]	γνησίοισι	_	_
3.11	533	[1]	τριταίοισιν	_	_
3.11	534	[18]	.	b	_
3.11	535	[3]	οἷσι	_	_
3.11	536	[23]	δὲ	_	_
3.11	537	[5]	ἂν	_	_
3.11	538	[11]	ἐν	_	_
3.11	539	[1]	τοιουτοτρόπῳ	_	_
3.11	540	[2]	πυρετῷ	_	_
3.11	541	[3]	κεφαλὴν	_	_
3.11	542	[1]	ἀλγέουσιν	_	_
3.11	543	[1]	ἀντὶ	_	_
3.11	544	[10]	μὲν	_	_
3.11	545	[7]	τοῦ	_	_
3.11	546	[2]	ὀρφνῶδές	_	_
3.11	547	[4]	τι	_	_
3.11	548	[2]	πρὸ	_	_
3.11	549	[10]	τῶν	_	_
3.11	550	[3]	ὀφθαλμῶν	_	_
3.11	551	[2]	φαίνεσθαι	_	_
3.11	552	[1]	ἀμβλυωγμὸς	_	_
3.11	553	[1]	γίνηται	_	_
3.11	554	[49]	,	b	_
3.11	555	[10]	ἢ	_	_
3.11	556	[1]	μαρμαρυγαὶ	_	_
3.11	557	[1]	προφαίνωνται	_	_
3.11	558	[6]	·	b	_
3.11	559	[2]	ἀντὶ	_	_
3.11	560	[24]	δὲ	_	_
3.11	561	[8]	τοῦ	_	_
3.11	562	[1]	καρδιώσσειν	_	_
3.11	563	[12]	ἐν	_	_
3.11	564	[4]	τῷ	_	_
3.11	565	[1]	ὑποχονδρίῳ	_	_
3.11	566	[1]	ἐπὶ	_	_
3.11	567	[1]	δεξιὰ	_	_
3.11	568	[50]	,	b	_
3.11	569	[11]	ἢ	_	_
3.11	570	[1]	ἐπ	_	_
3.11	571	[9]	’	b	_
3.11	572	[1]	ἀριστερὰ	_	_
3.11	573	[1]	συντείνηταί	_	_
3.11	574	[5]	τι	_	_
3.11	575	[3]	μήτε	_	_
3.11	576	[2]	σὺν	_	_
3.11	577	[1]	ὀδύνῃ	_	_
3.11	578	[4]	μήτε	_	_
3.11	579	[3]	σὺν	_	_
3.11	580	[1]	φλεγμονῇ	_	_
3.11	581	[51]	,	b	_
3.11	582	[1]	αἷμα	_	_
3.11	583	[3]	διὰ	_	_
3.11	584	[11]	τῶν	_	_
3.11	585	[2]	ῥινῶν	_	_
3.11	586	[1]	τουτέοισι	_	_
3.11	587	[1]	ῥυῆναι	_	_
3.11	588	[3]	προσδέχεσθαι	_	_
3.11	589	[3]	ἀντὶ	_	_
3.11	590	[9]	τοῦ	_	_
3.11	591	[1]	ἐμέτου	_	_
3.11	592	[52]	,	b	_
3.11	593	[6]	μᾶλλον	_	_
3.11	594	[25]	δὲ	_	_
3.11	595	[1]	ἐνταῦθα	_	_
3.11	596	[9]	τοῖσι	_	_
3.11	597	[4]	νεωτέροισι	_	_
3.11	598	[4]	τριάκοντα	_	_
3.11	599	[3]	ἐτέων	_	_
3.11	600	[10]	τοῦ	_	_
3.11	601	[1]	αἵματος	_	_
3.11	602	[5]	τὴν	_	_
3.11	603	[1]	ῥύσιν	_	_
3.11	604	[4]	προσδέχεσθαι	_	_
3.11	605	[7]	·	b	_
3.11	606	[10]	τοῖσι	_	_
3.11	607	[26]	δὲ	_	_
3.11	608	[5]	τριάκοντα	_	_
3.11	609	[2]	ἔτεσι	_	_
3.11	610	[31]	καὶ	_	_
3.11	611	[2]	γεραιτέροισιν	_	_
3.11	612	[3]	ἧσσον	_	_
3.11	613	[53]	,	b	_
3.11	614	[1]	ἀλλὰ	_	_
3.11	615	[1]	τοὺς	_	_
3.11	616	[1]	ἐμέτους	_	_
3.11	617	[2]	τούτοισι	_	_
3.11	618	[5]	προσδέχεσθαι	_	_
3.11	619	[1]	χρή	_	_
3.11	620	[19]	.	b	_
3.11	621	[32]	καὶ	_	_
3.11	622	[5]	ταῦτα	_	_
3.11	623	[11]	μὲν	_	_
3.11	624	[1]	οὖν	_	_
3.11	625	[1]	ἱκανά	_	_
3.11	626	[20]	.	b	_
3.11	627	[1]	πρὸς	_	_
3.11	628	[1]	τούτοις	_	_
3.11	629	[6]	δ	_	_
3.11	630	[10]	’	b	_
3.11	631	[1]	οὐδὲν	_	_
3.11	632	[1]	ἧττον	_	_
3.11	633	[1]	κᾀκείνων	_	_
3.11	634	[1]	μεμνῆσθαι	_	_
3.11	635	[1]	προσήκει	_	_
3.11	636	[12]	τῶν	_	_
3.11	637	[13]	ἐν	_	_
3.11	638	[2]	αὐτῷ	_	_
3.11	639	[1]	βιβλίῳ	_	_
3.11	640	[1]	γεγραμμένων	_	_
3.11	641	[2]	ὑπὸ	_	_
3.11	642	[1]	Ἱπποκράτους	_	_
3.11	643	[8]	·	b	_
3.11	644	[2]	κεφαλῆς	_	_
3.11	645	[27]	δὲ	_	_
3.11	646	[1]	ὀδύναι	_	_
3.11	647	[1]	ἰσχυραὶ	_	_
3.11	648	[33]	καὶ	_	_
3.11	649	[1]	συνεχέες	_	_
3.11	650	[4]	σὺν	_	_
3.11	651	[3]	πυρετῷ	_	_
3.11	652	[21]	.	b	_
3.11	653	[3]	εἰ	_	_
3.11	654	[1]	μέν	_	_
3.11	655	[6]	τι	_	_
3.11	656	[13]	τῶν	_	_
3.11	657	[1]	θανατωδέων	_	_
3.11	658	[1]	σημείων	_	_
3.11	659	[1]	προσγένοιτο	_	_
3.11	660	[54]	,	b	_
3.11	661	[1]	ὀλέθριον	_	_
3.11	662	[2]	κάρτα	_	_
3.11	663	[9]	·	b	_
3.11	664	[4]	εἰ	_	_
3.11	665	[28]	δὲ	_	_
3.11	666	[1]	ἄτερ	_	_
3.11	667	[2]	σημείων	_	_
3.11	668	[1]	τοιουτέων	_	_
3.11	669	[55]	,	b	_
3.11	670	[1]	ὑπερβάλλει	_	_
3.11	671	[1]	ἡ	_	_
3.11	672	[1]	ὀδύνη	_	_
3.11	673	[2]	κ΄	_	_
3.11	674	[2]	ἡμέρας	_	_
3.11	675	[56]	,	b	_
3.11	676	[1]	προσεπισκέπτεσθαι	_	_
3.11	677	[4]	χρὴ	_	_
3.11	678	[2]	αἵματος	_	_
3.11	679	[1]	ῥῆξιν	_	_
3.11	680	[4]	διὰ	_	_
3.11	681	[3]	ῥινῶν	_	_
3.11	682	[57]	,	b	_
3.11	683	[12]	ἢ	_	_
3.11	684	[2]	ἄλλην	_	_
3.11	685	[3]	ἀπόστασιν	_	_
3.11	686	[1]	ἐς	_	_
3.11	687	[7]	τὰ	_	_
3.11	688	[3]	κάτω	_	_
3.11	689	[1]	χωρία	_	_
3.11	690	[22]	.	b	_
3.11	691	[1]	ἔστ	_	_
3.11	692	[11]	’	b	_
3.11	693	[6]	ἂν	_	_
3.11	694	[29]	δὲ	_	_
3.11	695	[2]	ἡ	_	_
3.11	696	[2]	ὀδύνη	_	_
3.11	697	[1]	νεαρὰ	_	_
3.11	698	[2]	ᾖ	_	_
3.11	699	[58]	,	b	_
3.11	700	[6]	προσδέχεσθαι	_	_
3.11	701	[5]	χρὴ	_	_
3.11	702	[3]	αἵματος	_	_
3.11	703	[2]	ῥῆξιν	_	_
3.11	704	[5]	διὰ	_	_
3.11	705	[4]	ῥινῶν	_	_
3.11	706	[59]	,	b	_
3.11	707	[13]	ἢ	_	_
3.11	708	[1]	ἐμπύησιν	_	_
3.11	709	[23]	.	b	_
3.11	710	[1]	ἄλλως	_	_
3.11	711	[3]	τε	_	_
3.11	712	[34]	καὶ	_	_
3.11	713	[5]	ἢν	_	_
3.11	714	[3]	ἡ	_	_
3.11	715	[3]	ὀδύνη	_	_
3.11	716	[6]	περὶ	_	_
3.11	717	[2]	τοὺς	_	_
3.11	718	[1]	κροτάφους	_	_
3.11	719	[3]	ᾖ	_	_
3.11	720	[35]	καὶ	_	_
3.11	721	[3]	τὸ	_	_
3.11	722	[1]	μέτωπον	_	_
3.11	723	[24]	.	b	_
3.11	724	[7]	μᾶλλον	_	_
3.11	725	[30]	δὲ	_	_
3.11	726	[6]	χρὴ	_	_
3.11	727	[11]	τοῦ	_	_
3.11	728	[12]	μὲν	_	_
3.11	729	[4]	αἵματος	_	_
3.11	730	[7]	προσδέχεσθαι	_	_
3.11	731	[6]	τὴν	_	_
3.11	732	[3]	ῥῆξιν	_	_
3.11	733	[11]	τοῖσι	_	_
3.11	734	[5]	νεωτέροισι	_	_
3.11	735	[1]	πέντε	_	_
3.11	736	[36]	καὶ	_	_
3.11	737	[6]	τριάκοντα	_	_
3.11	738	[4]	ἐτέων	_	_
3.11	739	[60]	,	b	_
3.11	740	[12]	τοῖσι	_	_
3.11	741	[31]	δὲ	_	_
3.11	742	[1]	γεραιοτέροισι	_	_
3.11	743	[7]	τὴν	_	_
3.11	744	[2]	ἐμπύησιν	_	_
3.11	745	[25]	.	b	_
3.11	746	[37]	καὶ	_	_
3.11	747	[13]	μὲν	_	_
3.11	748	[1]	δὴ	_	_
3.11	749	[1]	κᾀν	_	_
3.11	750	[5]	τῷ	_	_
3.11	751	[14]	τῶν	_	_
3.11	752	[1]	περιπνευμονικῶν	_	_
3.11	753	[2]	λόγῳ	_	_
3.11	754	[10]	·	b	_
3.11	755	[4]	οἷσι	_	_
3.11	756	[7]	δ	_	_
3.11	757	[12]	’	b	_
3.11	758	[7]	ἂν	_	_
3.11	759	[3]	ἀποστάσιες	_	_
3.11	760	[61]	,	b	_
3.11	761	[2]	φησὶ	_	_
3.11	762	[62]	,	b	_
3.11	763	[3]	γίνονται	_	_
3.11	764	[1]	ἐκ	_	_
3.11	765	[15]	τῶν	_	_
3.11	766	[2]	περιπνευμονικῶν	_	_
3.11	767	[7]	περὶ	_	_
3.11	768	[8]	τὰ	_	_
3.11	769	[1]	ὦτα	_	_
3.11	770	[63]	,	b	_
3.11	771	[38]	καὶ	_	_
3.11	772	[1]	ἐκπυέουσιν	_	_
3.11	773	[64]	,	b	_
3.11	774	[14]	ἢ	_	_
3.11	775	[2]	ἐς	_	_
3.11	776	[9]	τὰ	_	_
3.11	777	[4]	κάτω	_	_
3.11	778	[2]	χωρία	_	_
3.11	779	[65]	,	b	_
3.11	780	[39]	καὶ	_	_
3.11	781	[1]	συῤῥιγοῦνται	_	_
3.11	782	[66]	,	b	_
3.11	783	[1]	οὗτοι	_	_
3.11	784	[1]	περιγίνονται	_	_
3.11	785	[26]	.	b	_
3.11	786	[1]	εἶτα	_	_
3.11	787	[1]	ἐπιφέρων	_	_
3.11	788	[1]	﻿	_	_
3.11	789	[1]	ἐρεῖ	_	_
3.11	790	[11]	·	b	_
3.11	791	[1]	ὑποσκέπτεσθαι	_	_
3.11	792	[32]	δὲ	_	_
3.11	793	[7]	χρὴ	_	_
3.11	794	[40]	καὶ	_	_
3.11	795	[10]	τὰ	_	_
3.11	796	[1]	τοιάδε	_	_
3.11	797	[1]	ᾧδε	_	_
3.11	798	[12]	·	b	_
3.11	799	[6]	ἢν	_	_
3.11	800	[1]	ὅ	_	_
3.11	801	[4]	τε	_	_
3.11	802	[2]	πυρετὸς	_	_
3.11	803	[1]	ἔχῃ	_	_
3.11	804	[41]	καὶ	_	_
3.11	805	[4]	ὀδύνη	_	_
3.11	806	[2]	μὴ	_	_
3.11	807	[1]	πεπαυμένη	_	_
3.11	808	[4]	ᾖ	_	_
3.11	809	[42]	καὶ	_	_
3.11	810	[4]	τὸ	_	_
3.11	811	[1]	πτύελον	_	_
3.11	812	[3]	μὴ	_	_
3.11	813	[1]	χωρέῃ	_	_
3.11	814	[2]	κατὰ	_	_
3.11	815	[3]	τὸν	_	_
3.11	816	[2]	λόγον	_	_
3.11	817	[67]	,	b	_
3.11	818	[1]	μηδὲ	_	_
3.11	819	[1]	χολώδεες	_	_
3.11	820	[2]	αἱ	_	_
3.11	821	[1]	διαχωρήσεις	_	_
3.11	822	[3]	τῆς	_	_
3.11	823	[1]	κοιλίας	_	_
3.11	824	[68]	,	b	_
3.11	825	[2]	μηδὲ	_	_
3.11	826	[1]	εὔλυτοι	_	_
3.11	827	[43]	καὶ	_	_
3.11	828	[1]	ἄκρητοι	_	_
3.11	829	[4]	γίνονται	_	_
3.11	830	[69]	,	b	_
3.11	831	[3]	μηδὲ	_	_
3.11	832	[1]	οὖρον	_	_
3.11	833	[1]	πολύ	_	_
3.11	834	[5]	τε	_	_
3.11	835	[44]	καὶ	_	_
3.11	836	[3]	κάρτα	_	_
3.11	837	[70]	,	b	_
3.11	838	[45]	καὶ	_	_
3.11	839	[1]	ὑπόστασιν	_	_
3.11	840	[1]	ἔχον	_	_
3.11	841	[1]	πολλὴν	_	_
3.11	842	[71]	,	b	_
3.11	843	[1]	ὑπηρετεῖται	_	_
3.11	844	[33]	δὲ	_	_
3.11	845	[2]	περιεστικῶς	_	_
3.11	846	[3]	ὑπὸ	_	_
3.11	847	[16]	τῶν	_	_
3.11	848	[1]	λοιπῶν	_	_
3.11	849	[3]	σημείων	_	_
3.11	850	[1]	πάντως	_	_
3.11	851	[72]	,	b	_
3.11	852	[3]	τούτοισι	_	_
3.11	853	[8]	χρὴ	_	_
3.11	854	[3]	τὰς	_	_
3.11	855	[1]	τοιαύτας	_	_
3.11	856	[2]	ἀποστάσιας	_	_
3.11	857	[1]	ἐλπίζειν	_	_
3.11	858	[1]	ἔσεσθαι	_	_
3.11	859	[27]	.	b	_
3.11	860	[5]	γίνονται	_	_
3.11	861	[34]	δὲ	_	_
3.11	862	[3]	αἱ	_	_
3.11	863	[14]	μὲν	_	_
3.11	864	[3]	ἐς	_	_
3.11	865	[11]	τὰ	_	_
3.11	866	[5]	κάτω	_	_
3.11	867	[3]	χωρία	_	_
3.11	868	[2]	οἷς	_	_
3.11	869	[8]	ἂν	_	_
3.11	870	[8]	περὶ	_	_
3.11	871	[5]	τὸ	_	_
3.11	872	[15]	μὲν	_	_
3.11	873	[1]	ὑποχόνδριον	_	_
3.11	874	[12]	τοῦ	_	_
3.11	875	[1]	φλέγματός	_	_
3.11	876	[7]	τι	_	_
3.11	877	[1]	ἐγγένηται	_	_
3.11	878	[73]	,	b	_
3.11	879	[4]	αἱ	_	_
3.11	880	[35]	δὲ	_	_
3.11	881	[1]	ἄνω	_	_
3.11	882	[3]	οἷς	_	_
3.11	883	[9]	ἂν	_	_
3.11	884	[6]	τὸ	_	_
3.11	885	[16]	μὲν	_	_
3.11	886	[2]	ὑποχόνδριον	_	_
3.11	887	[1]	λιπαρόν	_	_
3.11	888	[6]	τε	_	_
3.11	889	[46]	καὶ	_	_
3.11	890	[1]	ἀνώδυνον	_	_
3.11	891	[1]	διατελέῃ	_	_
3.11	892	[74]	,	b	_
3.11	893	[1]	δύσπνους	_	_
3.11	894	[3]	δέ	_	_
3.11	895	[1]	τινα	_	_
3.11	896	[2]	χρόνον	_	_
3.11	897	[1]	γενόμενος	_	_
3.11	898	[1]	παύσηται	_	_
3.11	899	[2]	ἄτερ	_	_
3.11	900	[1]	προφάσιος	_	_
3.11	901	[1]	ἄλλης	_	_
3.11	902	[28]	.	b	_
3.11	903	[47]	καὶ	_	_
3.11	904	[17]	μὲν	_	_
3.11	905	[2]	δὴ	_	_
3.11	906	[48]	καὶ	_	_
3.11	907	[9]	περὶ	_	_
3.11	908	[17]	τῶν	_	_
3.11	909	[3]	κατὰ	_	_
3.11	910	[12]	τὰ	_	_
3.11	911	[1]	ὑποχόνδρια	_	_
3.11	912	[1]	οἰδημάτων	_	_
3.11	913	[1]	διαλεγόμενος	_	_
3.11	914	[4]	ᾧδέ	_	_
3.11	915	[3]	πως	_	_
3.11	916	[1]	εἶπε	_	_
3.11	917	[13]	·	b	_
3.11	918	[1]	σημαίνει	_	_
3.11	919	[36]	δὲ	_	_
3.11	920	[13]	τὰ	_	_
3.11	921	[1]	τοιαῦτα	_	_
3.11	922	[1]	οἰδήματα	_	_
3.11	923	[14]	ἐν	_	_
3.11	924	[1]	ἀρχῇ	_	_
3.11	925	[18]	μὲν	_	_
3.11	926	[1]	κίνδυνον	_	_
3.11	927	[1]	θανάτου	_	_
3.11	928	[1]	ὀλιγοχρονίου	_	_
3.11	929	[2]	ἔσεσθαι	_	_
3.11	930	[14]	·	b	_
3.11	931	[5]	εἰ	_	_
3.11	932	[37]	δὲ	_	_
3.11	933	[2]	ὑπερβάλλει	_	_
3.11	934	[3]	κ΄	_	_
3.11	935	[3]	ἡμέρας	_	_
3.11	936	[2]	ὅ	_	_
3.11	937	[7]	τε	_	_
3.11	938	[3]	πυρετὸς	_	_
3.11	939	[1]	ἔχων	_	_
3.11	940	[49]	καὶ	_	_
3.11	941	[7]	τὸ	_	_
3.11	942	[1]	οἴδημα	_	_
3.11	943	[4]	μὴ	_	_
3.11	944	[1]	καθιστάμενον	_	_
3.11	945	[75]	,	b	_
3.11	946	[4]	εἰς	_	_
3.11	947	[1]	διαπύησιν	_	_
3.11	948	[1]	τρέπεται	_	_
3.11	949	[29]	.	b	_
3.11	950	[5]	γίνεται	_	_
3.11	951	[38]	δὲ	_	_
3.11	952	[2]	τουτέοισι	_	_
3.11	953	[15]	ἐν	_	_
3.11	954	[2]	τῇ	_	_
3.11	955	[1]	α΄	_	_
3.11	956	[1]	περιόδῳ	_	_
3.11	957	[50]	καὶ	_	_
3.11	958	[5]	αἵματος	_	_
3.11	959	[1]	ῥύσις	_	_
3.11	960	[6]	διὰ	_	_
3.11	961	[5]	ῥινῶν	_	_
3.11	962	[51]	καὶ	_	_
3.11	963	[4]	κάρτα	_	_
3.11	964	[1]	ὠφελέει	_	_
3.11	965	[30]	.	b	_
3.11	966	[1]	ἀλλ	_	_
3.11	967	[13]	’	b	_
3.11	968	[1]	ἐπανερέσθαι	_	_
3.11	969	[76]	,	b	_
3.11	970	[5]	μὴ	_	_
3.11	971	[4]	κεφαλὴν	_	_
3.11	972	[2]	ἀλγέουσιν	_	_
3.11	973	[15]	ἢ	_	_
3.11	974	[1]	ἀμβλυωπέουσιν	_	_
3.11	975	[31]	.	b	_
3.11	976	[6]	εἰ	_	_
3.11	977	[1]	γὰρ	_	_
3.11	978	[1]	εἴη	_	_
3.11	979	[8]	τι	_	_
3.11	980	[2]	τοιουτέων	_	_
3.11	981	[77]	,	b	_
3.11	982	[2]	ἐνταῦθα	_	_
3.11	983	[10]	ἂν	_	_
3.11	984	[1]	ῥέ	_	_
3.11	985	[1]	ποι	_	_
3.11	986	[32]	.	b	_
3.11	987	[8]	μᾶλλον	_	_
3.11	988	[39]	δὲ	_	_
3.11	989	[13]	τοῖσι	_	_
3.11	990	[6]	νεωτέροισι	_	_
3.11	991	[2]	πέντε	_	_
3.11	992	[52]	καὶ	_	_
3.11	993	[7]	τριάκοντα	_	_
3.11	994	[5]	ἐτέων	_	_
3.11	995	[13]	τοῦ	_	_
3.11	996	[6]	αἵματος	_	_
3.11	997	[8]	τὴν	_	_
3.11	998	[4]	ῥῆξιν	_	_
3.11	999	[8]	προσδέχεσθαι	_	_
3.11	1000	[33]	.	b	_
3.11	1001	[53]	καὶ	_	_
3.11	1002	[19]	μὲν	_	_
3.11	1003	[3]	δὴ	_	_
3.11	1004	[54]	καὶ	_	_
3.11	1005	[6]	ταῦτα	_	_
3.11	1006	[4]	κατὰ	_	_
3.11	1007	[8]	τὸ	_	_
3.11	1008	[1]	προγνωστικὸν	_	_
3.11	1009	[1]	εἴρηται	_	_
3.11	1010	[1]	Ἱπποκράτει	_	_
3.11	1011	[78]	,	b	_
3.11	1012	[1]	δηλωτικὰ	_	_
3.11	1013	[1]	τρόπων	_	_
3.11	1014	[1]	κρίσεως	_	_
3.11	1015	[15]	·	b	_
3.11	1016	[1]	ὅσοι	_	_
3.11	1017	[8]	δ	_	_
3.11	1018	[14]	’	b	_
3.11	1019	[11]	ἂν	_	_
3.11	1020	[1]	οὖρα	_	_
3.11	1021	[1]	λεπτὰ	_	_
3.11	1022	[55]	καὶ	_	_
3.11	1023	[1]	ὠμὰ	_	_
3.11	1024	[1]	οὐρέουσι	_	_
3.11	1025	[1]	πολὺν	_	_
3.11	1026	[3]	χρόνον	_	_
3.11	1027	[79]	,	b	_
3.11	1028	[7]	ἢν	_	_
3.11	1029	[14]	τὰ	_	_
3.11	1030	[1]	ἄλλα	_	_
3.11	1031	[1]	ὡς	_	_
3.11	1032	[1]	περιεσομένοισι	_	_
3.11	1033	[1]	σημεῖα	_	_
3.11	1034	[1]	ᾗ	_	_
3.11	1035	[80]	,	b	_
3.11	1036	[1]	τουτέοισιν	_	_
3.11	1037	[4]	ἀπόστασιν	_	_
3.11	1038	[1]	δεῖ	_	_
3.11	1039	[9]	προσδέχεσθαι	_	_
3.11	1040	[5]	εἰς	_	_
3.11	1041	[15]	τὰ	_	_
3.11	1042	[6]	κάτω	_	_
3.11	1043	[18]	τῶν	_	_
3.11	1044	[1]	φρενῶν	_	_
3.11	1045	[4]	χωρία	_	_
3.11	1046	[34]	.	b	_
3.11	1047	[16]	ἐν	_	_
3.11	1048	[20]	μὲν	_	_
3.11	1049	[4]	δὴ	_	_
3.11	1050	[6]	τῷ	_	_
3.11	1051	[2]	προγνωστικῷ	_	_
3.11	1052	[7]	ταῦτα	_	_
3.11	1053	[7]	διὰ	_	_
3.11	1054	[1]	συντόμων	_	_
3.11	1055	[2]	εἴρηται	_	_
3.11	1056	[2]	πρὸς	_	_
3.11	1057	[1]	αὐτοῦ	_	_
3.11	1058	[81]	,	b	_
3.11	1059	[4]	τὸν	_	_
3.11	1060	[4]	τῆς	_	_
3.11	1061	[1]	μελλούσης	_	_
3.11	1062	[2]	τρόπον	_	_
3.11	1063	[2]	κρίσεως	_	_
3.11	1064	[82]	,	b	_
3.11	1065	[1]	ὁποῖός	_	_
3.11	1066	[2]	τις	_	_
3.11	1067	[1]	ἔσοιτο	_	_
3.11	1068	[1]	διδάσκοντος	_	_
3.11	1069	[16]	·	b	_
3.11	1070	[1]	προστίθησι	_	_
3.11	1071	[9]	δ	_	_
3.11	1072	[15]	’	b	_
3.11	1073	[2]	αὐτοῖς	_	_
3.11	1074	[1]	οὐκ	_	_
3.11	1075	[1]	ὀλίγα	_	_
3.11	1076	[5]	κατὰ	_	_
3.11	1077	[1]	μέρος	_	_
3.11	1078	[1]	κατά	_	_
3.11	1079	[8]	τε	_	_
3.11	1080	[9]	τὸ	_	_
3.11	1081	[1]	προῤῥητικὸν	_	_
3.11	1082	[56]	καὶ	_	_
3.11	1083	[16]	τὰ	_	_
3.11	1084	[19]	τῶν	_	_
3.11	1085	[1]	ἐπιδημικῶν	_	_
3.11	1086	[83]	,	b	_
3.11	1087	[1]	οἷον	_	_
3.11	1088	[57]	καὶ	_	_
3.11	1089	[1]	ὅτι	_	_
3.11	1090	[3]	πρὸ	_	_
3.11	1091	[1]	ῥίγεος	_	_
3.11	1092	[1]	ἐπισχέσιες	_	_
3.11	1093	[20]	τῶν	_	_
3.11	1094	[1]	οὔρων	_	_
3.11	1095	[84]	,	b	_
3.11	1096	[58]	καὶ	_	_
3.11	1097	[2]	ὅτι	_	_
3.11	1098	[17]	τὰ	_	_
3.11	1099	[1]	ἐξέρυθρα	_	_
3.11	1100	[1]	ὄμματα	_	_
3.11	1101	[1]	αἱμοῤῥαγικά	_	_
3.11	1102	[35]	.	b	_
3.11	1103	[6]	κατὰ	_	_
3.11	1104	[1]	ταὐτὰ	_	_
3.11	1105	[40]	δὲ	_	_
3.11	1106	[59]	καὶ	_	_
3.11	1107	[10]	περὶ	_	_
3.11	1108	[21]	τῶν	_	_
3.11	1109	[1]	δακρυόντων	_	_
3.11	1110	[4]	ὀφθαλμῶν	_	_
3.11	1111	[60]	καὶ	_	_
3.11	1112	[22]	τῶν	_	_
3.11	1113	[1]	μήλων	_	_
3.11	1114	[23]	τῶν	_	_
3.11	1115	[1]	ἐρυθρῶν	_	_
3.11	1116	[61]	καὶ	_	_
3.11	1117	[5]	τῆς	_	_
3.11	1118	[1]	ῥινὸς	_	_
3.11	1119	[1]	αὐτῆς	_	_
3.11	1120	[36]	.	b	_
3.11	1121	[62]	καὶ	_	_
3.11	1122	[21]	μὲν	_	_
3.11	1123	[5]	δὴ	_	_
3.11	1124	[63]	καὶ	_	_
3.11	1125	[2]	ὡς	_	_
3.11	1126	[10]	τὸ	_	_
3.11	1127	[7]	κάτω	_	_
3.11	1128	[1]	χεῖλος	_	_
3.11	1129	[1]	σειόμενον	_	_
3.11	1130	[1]	ἔμετον	_	_
3.11	1131	[3]	ἔσεσθαι	_	_
3.11	1132	[1]	προδηλοῖ	_	_
3.11	1133	[85]	,	b	_
3.11	1134	[64]	καὶ	_	_
3.11	1135	[3]	ὡς	_	_
3.11	1136	[2]	μετὰ	_	_
3.11	1137	[1]	κεφαλαλγίαν	_	_
3.11	1138	[1]	κῶμα	_	_
3.11	1139	[65]	καὶ	_	_
3.11	1140	[1]	κώφωσις	_	_
3.11	1141	[1]	ἐξαίφνης	_	_
3.11	1142	[1]	γενόμενα	_	_
3.11	1143	[1]	παρωτίδων	_	_
3.11	1144	[1]	ἐστὶ	_	_
3.11	1145	[2]	σημεῖα	_	_
3.11	1146	[86]	,	b	_
3.11	1147	[66]	καὶ	_	_
3.11	1148	[2]	ἄλλα	_	_
3.11	1149	[1]	πολλὰ	_	_
3.11	1150	[2]	τοιαῦτα	_	_
3.11	1151	[7]	κατὰ	_	_
3.11	1152	[2]	μέρος	_	_
3.11	1153	[87]	,	b	_
3.11	1154	[1]	ἃ	_	_
3.11	1155	[1]	δυνάμει	_	_
3.11	1156	[1]	περιέχεται	_	_
3.11	1157	[2]	πάντα	_	_
3.11	1158	[8]	διὰ	_	_
3.11	1159	[24]	τῶν	_	_
3.11	1160	[8]	κατὰ	_	_
3.11	1161	[11]	τὸ	_	_
3.11	1162	[2]	προγνωστικὸν	_	_
3.11	1163	[1]	εἰρημένων	_	_
3.11	1164	[37]	.	b	_
3.11	1165	[1]	ὅλως	_	_
3.11	1166	[2]	γὰρ	_	_
3.11	1167	[2]	οὐδὲν	_	_
3.11	1168	[1]	ἄλλο	_	_
3.11	1169	[9]	χρὴ	_	_
3.11	1170	[1]	σκοπεῖν	_	_
3.11	1171	[2]	ἐπὶ	_	_
3.11	1172	[14]	τοῦ	_	_
3.11	1173	[1]	τρόπου	_	_
3.11	1174	[6]	τῆς	_	_
3.11	1175	[3]	κρίσεως	_	_
3.11	1176	[88]	,	b	_
3.11	1177	[2]	ἀλλὰ	_	_
3.11	1178	[9]	τὴν	_	_
3.11	1179	[1]	ῥοπὴν	_	_
3.11	1180	[7]	τῆς	_	_
3.11	1181	[1]	φύσεως	_	_
3.11	1182	[1]	ἣν	_	_
3.11	1183	[1]	ἐνεδείξατο	_	_
3.11	1184	[1]	σαφῶς	_	_
3.11	1185	[4]	ὁ	_	_
3.11	1186	[2]	Ἱπποκράτης	_	_
3.11	1187	[17]	ἐν	_	_
3.11	1188	[7]	τῷ	_	_
3.11	1189	[3]	προγνωστικῷ	_	_
3.11	1190	[89]	,	b	_
3.11	1191	[1]	τοῦτο	_	_
3.11	1192	[22]	μὲν	_	_
3.11	1193	[1]	καρδιωγμοῦ	_	_
3.11	1194	[67]	καὶ	_	_
3.11	1195	[1]	ῥίγους	_	_
3.11	1196	[1]	μνημονεύσας	_	_
3.11	1197	[90]	,	b	_
3.11	1198	[1]	ἐφ	_	_
3.11	1199	[16]	’	b	_
3.11	1200	[1]	ὧν	_	_
3.11	1201	[3]	ἔμετος	_	_
3.11	1202	[4]	ἔσεσθαι	_	_
3.11	1203	[1]	μέλλει	_	_
3.11	1204	[91]	,	b	_
3.11	1205	[2]	τοῦτο	_	_
3.11	1206	[41]	δὲ	_	_
3.11	1207	[1]	δυσπνοίας	_	_
3.11	1208	[68]	καὶ	_	_
3.11	1209	[1]	μαρμαρυγῶν	_	_
3.11	1210	[92]	,	b	_
3.11	1211	[2]	ἐφ	_	_
3.11	1212	[17]	’	b	_
3.11	1213	[2]	ὧν	_	_
3.11	1214	[1]	αἱμοῤῥαγία	_	_
3.11	1215	[9]	διὰ	_	_
3.11	1216	[6]	ῥινῶν	_	_
3.11	1217	[93]	,	b	_
3.11	1218	[2]	ἔτι	_	_
3.11	1219	[9]	τε	_	_
3.11	1220	[3]	πρὸς	_	_
3.11	1221	[2]	τούτοις	_	_
3.11	1222	[1]	διοριζόμενος	_	_
3.11	1223	[1]	ὑπέρ	_	_
3.11	1224	[10]	τε	_	_
3.11	1225	[25]	τῶν	_	_
3.11	1226	[1]	διαχωρημάτων	_	_
3.11	1227	[69]	καὶ	_	_
3.11	1228	[26]	τῶν	_	_
3.11	1229	[2]	οὔρων	_	_
3.11	1230	[94]	,	b	_
3.11	1231	[18]	ἐν	_	_
3.11	1232	[4]	οἷς	_	_
3.11	1233	[1]	φησι	_	_
3.11	1234	[17]	·	b	_
3.11	1235	[4]	μηδὲ	_	_
3.11	1236	[2]	χολώδεες	_	_
3.11	1237	[5]	αἱ	_	_
3.11	1238	[8]	τῆς	_	_
3.11	1239	[1]	κοιλίης	_	_
3.11	1240	[1]	διαχωρήσιες	_	_
3.11	1241	[95]	,	b	_
3.11	1242	[5]	μηδὲ	_	_
3.11	1243	[1]	εὔλυτοί	_	_
3.11	1244	[11]	τε	_	_
3.11	1245	[70]	καὶ	_	_
3.11	1246	[2]	ἄκρητοι	_	_
3.11	1247	[6]	γίνονται	_	_
3.11	1248	[96]	,	b	_
3.11	1249	[1]	μήτ	_	_
3.11	1250	[18]	’	b	_
3.11	1251	[2]	οὖρον	_	_
3.11	1252	[2]	πολὺ	_	_
3.11	1253	[5]	κάρτα	_	_
3.11	1254	[71]	καὶ	_	_
3.11	1255	[2]	ὑπόστασιν	_	_
3.11	1256	[2]	ἔχον	_	_
3.11	1257	[1]	πολλήν	_	_
3.11	1258	[38]	.	b	_
3.11	1259	[7]	εἰ	_	_
3.11	1260	[3]	γὰρ	_	_
3.11	1261	[1]	δή	_	_
3.11	1262	[9]	τι	_	_
3.11	1263	[1]	τούτων	_	_
3.11	1264	[1]	γένηται	_	_
3.11	1265	[97]	,	b	_
3.11	1266	[1]	δῆλον	_	_
3.11	1267	[4]	ὡς	_	_
3.11	1268	[1]	ἐνθάδε	_	_
3.11	1269	[1]	ῥέποι	_	_
3.11	1270	[12]	τὸ	_	_
3.11	1271	[1]	νόσημα	_	_
3.11	1272	[98]	,	b	_
3.11	1273	[72]	καὶ	_	_
3.11	1274	[10]	διὰ	_	_
3.11	1275	[2]	τούτων	_	_
3.11	1276	[1]	ἐκκαθαίρεται	_	_
3.11	1277	[18]	·	b	_
3.11	1278	[6]	μὴ	_	_
3.11	1279	[1]	ῥέποντος	_	_
3.11	1280	[42]	δὲ	_	_
3.11	1281	[3]	ἐνταῦθα	_	_
3.11	1282	[73]	καὶ	_	_
3.11	1283	[1]	μηκύνοντος	_	_
3.11	1284	[3]	περιεστικῶς	_	_
3.11	1285	[99]	,	b	_
3.11	1286	[5]	ἀπόστασιν	_	_
3.11	1287	[5]	ἔσεσθαι	_	_
3.11	1288	[1]	προσδοκᾷν	_	_
3.11	1289	[19]	·	b	_
3.11	1290	[1]	τεκμαίρεσθαι	_	_
3.11	1291	[43]	δὲ	_	_
3.11	1292	[74]	καὶ	_	_
3.11	1293	[11]	περὶ	_	_
3.11	1294	[3]	τούτων	_	_
3.11	1295	[10]	τὴν	_	_
3.11	1296	[2]	ῥοπὴν	_	_
3.11	1297	[9]	τῆς	_	_
3.11	1298	[2]	φύσεως	_	_
3.11	1299	[39]	.	b	_
3.11	1300	[6]	εἰς	_	_
3.11	1301	[23]	μὲν	_	_
3.11	1302	[4]	γὰρ	_	_
3.11	1303	[18]	τὰ	_	_
3.11	1304	[8]	κάτω	_	_
3.11	1305	[5]	χωρία	_	_
3.11	1306	[1]	φησὶν	_	_
3.11	1307	[6]	ἔσεσθαι	_	_
3.11	1308	[1]	αὐτοὺς	_	_
3.11	1309	[5]	οἷς	_	_
3.11	1310	[12]	ἂν	_	_
3.11	1311	[12]	περὶ	_	_
3.11	1312	[13]	τὸ	_	_
3.11	1313	[1]	ὑποχόνδριόν	_	_
3.11	1314	[10]	τι	_	_
3.11	1315	[1]	φλέγματος	_	_
3.11	1316	[2]	ἐγγένηται	_	_
3.11	1317	[100]	,	b	_
3.11	1318	[1]	τουτέστι	_	_
3.11	1319	[10]	τῆς	_	_
3.11	1320	[1]	φλογώσεώς	_	_
3.11	1321	[12]	τε	_	_
3.11	1322	[75]	καὶ	_	_
3.11	1323	[1]	θερμασίας	_	_
3.11	1324	[101]	,	b	_
3.11	1325	[1]	ἐπειδὴ	_	_
3.11	1326	[9]	κάτω	_	_
3.11	1327	[1]	ῥέπουσιν	_	_
3.11	1328	[4]	οἱ	_	_
3.11	1329	[11]	τὴν	_	_
3.11	1330	[1]	περιπνευμονίαν	_	_
3.11	1331	[1]	ἐργαζόμενοι	_	_
3.11	1332	[1]	χυμοί	_	_
3.11	1333	[40]	.	b	_
3.11	1334	[1]	σύμπαντα	_	_
3.11	1335	[5]	γὰρ	_	_
3.11	1336	[2]	τοῦτον	_	_
3.11	1337	[5]	τὸν	_	_
3.11	1338	[3]	λόγον	_	_
3.11	1339	[5]	ὡς	_	_
3.11	1340	[3]	ἐπὶ	_	_
3.11	1341	[1]	παραδείγματι	_	_
3.11	1342	[4]	ἐπὶ	_	_
3.11	1343	[27]	τῶν	_	_
3.11	1344	[3]	περιπνευμονικῶν	_	_
3.11	1345	[1]	ἐποιήσατο	_	_
3.11	1346	[41]	.	b	_
3.11	1347	[7]	μὴ	_	_
3.11	1348	[1]	ῥεπόντων	_	_
3.11	1349	[10]	δ	_	_
3.11	1350	[19]	’	b	_
3.11	1351	[2]	αὐτῶν	_	_
3.11	1352	[10]	κάτω	_	_
3.11	1353	[14]	τὸ	_	_
3.11	1354	[24]	μὲν	_	_
3.11	1355	[3]	ὑποχόνδριον	_	_
3.11	1356	[2]	λιπαρόν	_	_
3.11	1357	[13]	τε	_	_
3.11	1358	[76]	καὶ	_	_
3.11	1359	[2]	ἀνώδυνον	_	_
3.11	1360	[2]	ἔσται	_	_
3.11	1361	[11]	διὰ	_	_
3.11	1362	[1]	παντὸς	_	_
3.11	1363	[102]	,	b	_
3.11	1364	[5]	ὁ	_	_
3.11	1365	[44]	δὲ	_	_
3.11	1366	[1]	ἄνθρωπος	_	_
3.11	1367	[2]	δύσπνους	_	_
3.11	1368	[1]	ἐπί	_	_
3.11	1369	[2]	τινα	_	_
3.11	1370	[4]	χρόνον	_	_
3.11	1371	[1]	γενήσεται	_	_
3.11	1372	[1]	χωρὶς	_	_
3.11	1373	[2]	προφάσιος	_	_
3.11	1374	[1]	φανερᾶς	_	_
3.11	1375	[103]	,	b	_
3.11	1376	[77]	καὶ	_	_
3.11	1377	[2]	δῆλον	_	_
3.11	1378	[6]	ὡς	_	_
3.11	1379	[2]	ἄνω	_	_
3.11	1380	[1]	τούτῳ	_	_
3.11	1381	[4]	τὰς	_	_
3.11	1382	[3]	ἀποστάσιας	_	_
3.11	1383	[1]	ἀναγκαῖον	_	_
3.11	1384	[1]	ἀκολουθεῖν	_	_
3.11	1385	[104]	,	b	_
3.11	1386	[2]	τουτέστιν	_	_
3.11	1387	[7]	εἰς	_	_
3.11	1388	[3]	τοὺς	_	_
3.11	1389	[13]	περὶ	_	_
3.11	1390	[19]	τὰ	_	_
3.11	1391	[2]	ὦτα	_	_
3.11	1392	[1]	ἀδένας	_	_
3.11	1393	[42]	.	b	_
3.11	1394	[2]	εὐθὺς	_	_
3.11	1395	[11]	δ	_	_
3.11	1396	[20]	’	b	_
3.11	1397	[13]	ἂν	_	_
3.11	1398	[3]	αὐτῷ	_	_
3.11	1399	[78]	καὶ	_	_
3.11	1400	[28]	τῶν	_	_
3.11	1401	[1]	ἄλλων	_	_
3.11	1402	[11]	τι	_	_
3.11	1403	[4]	σημείων	_	_
3.11	1404	[2]	προσγένοιτο	_	_
3.11	1405	[29]	τῶν	_	_
3.11	1406	[1]	κατ	_	_
3.11	1407	[21]	’	b	_
3.11	1408	[1]	αὐτὴν	_	_
3.11	1409	[12]	τὴν	_	_
3.11	1410	[5]	κεφαλὴν	_	_
3.11	1411	[1]	συμβαινόντων	_	_
3.11	1412	[105]	,	b	_
3.11	1413	[2]	οἷον	_	_
3.11	1414	[2]	κῶμα	_	_
3.11	1415	[79]	καὶ	_	_
3.11	1416	[2]	κώφωσις	_	_
3.11	1417	[1]	αἰφνίδιός	_	_
3.11	1418	[14]	τε	_	_
3.11	1419	[80]	καὶ	_	_
3.11	1420	[1]	παράλογος	_	_
3.11	1421	[81]	καὶ	_	_
3.11	1422	[2]	βάρος	_	_
3.11	1423	[11]	τῆς	_	_
3.11	1424	[3]	κεφαλῆς	_	_
3.11	1425	[106]	,	b	_
3.11	1426	[16]	ἢ	_	_
3.11	1427	[82]	καὶ	_	_
3.11	1428	[30]	τῶν	_	_
3.11	1429	[2]	κροτάφων	_	_
3.11	1430	[107]	,	b	_
3.11	1431	[2]	ἤ	_	_
3.11	1432	[12]	τι	_	_
3.11	1433	[1]	τοιοῦτον	_	_
3.11	1434	[1]	ἕτερον	_	_
3.11	1435	[43]	.	b	_
3.11	1436	[3]	οὐδὲν	_	_
3.11	1437	[2]	οὖν	_	_
3.11	1438	[1]	λείπει	_	_
3.11	1439	[1]	γνώρισμα	_	_
3.11	1440	[2]	τρόπου	_	_
3.11	1441	[4]	κρίσεως	_	_
3.11	1442	[108]	,	b	_
3.11	1443	[2]	ἀλλ	_	_
3.11	1444	[22]	’	b	_
3.11	1445	[3]	εἴρηται	_	_
3.11	1446	[3]	πάντα	_	_
3.11	1447	[2]	χωρὶς	_	_
3.11	1448	[31]	τῶν	_	_
3.11	1449	[1]	σφυγμῶν	_	_
3.11	1450	[4]	πρὸς	_	_
3.11	1451	[2]	Ἱπποκράτους	_	_
3.11	1452	[44]	.	b	_
3.11	1453	[1]	ἕπεσθαι	_	_
3.11	1454	[12]	δ	_	_
3.11	1455	[23]	’	b	_
3.11	1456	[5]	οἱ	_	_
3.11	1457	[1]	πολλοὶ	_	_
3.11	1458	[1]	βραχυλογίᾳ	_	_
3.11	1459	[1]	παλαιᾷ	_	_
3.11	1460	[8]	μὴ	_	_
3.11	1461	[1]	γεγυμνασμένοι	_	_
3.11	1462	[1]	λείπειν	_	_
3.11	1463	[1]	οἴονταί	_	_
3.11	1464	[3]	τινα	_	_
3.11	1465	[45]	.	b	_
3.11	1466	[1]	λέγωμεν	_	_
3.11	1467	[3]	οὖν	_	_
3.11	1468	[1]	ἡμεῖς	_	_
3.11	1469	[3]	αὐτοῖς	_	_
3.11	1470	[1]	ἑτέρᾳ	_	_
3.11	1471	[1]	λέξει	_	_
3.11	1472	[1]	σαφεῖ	_	_
3.11	1473	[20]	τὰ	_	_
3.11	1474	[1]	αὐτά	_	_
3.11	1475	[20]	·	b	_
3.11	1476	[1]	τάχα	_	_
3.11	1477	[6]	γὰρ	_	_
3.11	1478	[14]	ἂν	_	_
3.11	1479	[1]	οὕτω	_	_
3.11	1480	[1]	γε	_	_
3.11	1481	[1]	μαθόντες	_	_
3.11	1482	[1]	οὔτ	_	_
3.11	1483	[24]	’	b	_
3.11	1484	[1]	ἀδύνατον	_	_
3.11	1485	[1]	οἰήσονται	_	_
3.11	1486	[1]	προγνῶναι	_	_
3.11	1487	[6]	τὸν	_	_
3.11	1488	[3]	τρόπον	_	_
3.11	1489	[12]	τῆς	_	_
3.11	1490	[1]	ἐσομένης	_	_
3.11	1491	[5]	κρίσεως	_	_
3.11	1492	[1]	οὔτε	_	_
3.11	1493	[1]	ῥᾳθυμήσουσι	_	_
3.11	1494	[3]	ἔτι	_	_
3.11	1495	[14]	περὶ	_	_
3.11	1496	[13]	τὴν	_	_
3.11	1497	[1]	ἄσκησιν	_	_
3.11	1498	[46]	.	b	_
3.11	1499	[1]	ὅταν	_	_
3.11	1500	[4]	οὖν	_	_
3.11	1501	[109]	,	b	_
3.11	1502	[1]	ὅτε	_	_
3.11	1503	[1]	κρίσις	_	_
3.11	1504	[3]	ἔσται	_	_
3.11	1505	[110]	,	b	_
3.11	1506	[1]	προγνώσῃς	_	_
3.11	1507	[1]	ἐξ	_	_
3.11	1508	[3]	ὧν	_	_
3.11	1509	[1]	ἔμπροσθεν	_	_
3.11	1510	[1]	εἰρήκαμεν	_	_
3.11	1511	[111]	,	b	_
3.11	1512	[3]	ἐφεξῆς	_	_
3.11	1513	[1]	ὁποία	_	_
3.11	1514	[1]	τίς	_	_
3.11	1515	[4]	ἔσται	_	_
3.11	1516	[1]	διορίζεσθαι	_	_
3.11	1517	[9]	κατὰ	_	_
3.11	1518	[1]	τάδε	_	_
3.11	1519	[47]	.	b	_
3.11	1520	[1]	πρῶτον	_	_
3.11	1521	[25]	μὲν	_	_
3.11	1522	[8]	εἰ	_	_
3.11	1523	[1]	ὀξὺ	_	_
3.11	1524	[83]	καὶ	_	_
3.11	1525	[2]	θερμὸν	_	_
3.11	1526	[15]	τὸ	_	_
3.11	1527	[2]	νόσημα	_	_
3.11	1528	[84]	καὶ	_	_
3.11	1529	[4]	ἡ	_	_
3.11	1530	[2]	κρίσις	_	_
3.11	1531	[19]	ἐν	_	_
3.11	1532	[1]	ταῖς	_	_
3.11	1533	[1]	πρώταις	_	_
3.11	1534	[1]	περιόδοις	_	_
3.11	1535	[48]	.	b	_
3.11	1536	[2]	ἀναγκαῖον	_	_
3.11	1537	[7]	γὰρ	_	_
3.11	1538	[20]	ἐν	_	_
3.11	1539	[2]	ταῖς	_	_
3.11	1540	[1]	τοιαύταις	_	_
3.11	1541	[1]	κρίσεσιν	_	_
3.11	1542	[2]	οὐκ	_	_
3.11	1543	[6]	ἀπόστασιν	_	_
3.11	1544	[112]	,	b	_
3.11	1545	[3]	ἀλλ	_	_
3.11	1546	[25]	’	b	_
3.11	1547	[1]	ἔκκρισιν	_	_
3.11	1548	[1]	ἀπαντῆσαι	_	_
3.11	1549	[49]	.	b	_
3.11	1550	[1]	δεύτερον	_	_
3.11	1551	[13]	δ	_	_
3.11	1552	[26]	’	b	_
3.11	1553	[9]	εἰ	_	_
3.11	1554	[1]	χρόνιον	_	_
3.11	1555	[85]	καὶ	_	_
3.11	1556	[1]	βραδύ	_	_
3.11	1557	[21]	·	b	_
3.11	1558	[5]	σὺν	_	_
3.11	1559	[1]	ἀποσκήμμασι	_	_
3.11	1560	[8]	γὰρ	_	_
3.11	1561	[1]	εἰώθασι	_	_
3.11	1562	[21]	τὰ	_	_
3.11	1563	[3]	τοιαῦτα	_	_
3.11	1564	[1]	καθίστασθαι	_	_
3.11	1565	[113]	,	b	_
3.11	1566	[86]	καὶ	_	_
3.11	1567	[1]	μάλισθ	_	_
3.11	1568	[27]	’	b	_
3.11	1569	[2]	ὅταν	_	_
3.11	1570	[2]	οὖρα	_	_
3.11	1571	[2]	λεπτὰ	_	_
3.11	1572	[87]	καὶ	_	_
3.11	1573	[2]	ὠμὰ	_	_
3.11	1574	[2]	πολὺν	_	_
3.11	1575	[5]	χρόνον	_	_
3.11	1576	[1]	οὐρῶσιν	_	_
3.11	1577	[50]	.	b	_
3.11	1578	[10]	εἰ	_	_
3.11	1579	[9]	γὰρ	_	_
3.11	1580	[2]	πολλὴν	_	_
3.11	1581	[88]	καὶ	_	_
3.11	1582	[1]	χρηστὴν	_	_
3.11	1583	[3]	ὑπόστασιν	_	_
3.11	1584	[1]	ἔχοντα	_	_
3.11	1585	[114]	,	b	_
3.11	1586	[1]	πεφθῆναι	_	_
3.11	1587	[9]	μᾶλλον	_	_
3.11	1588	[1]	εἰκὸς	_	_
3.11	1589	[10]	κατὰ	_	_
3.11	1590	[1]	βραχὺ	_	_
3.11	1591	[14]	τὴν	_	_
3.11	1592	[1]	νόσον	_	_
3.11	1593	[115]	,	b	_
3.11	1594	[3]	οὐκ	_	_
3.11	1595	[8]	εἰς	_	_
3.11	1596	[7]	ἀπόστασιν	_	_
3.11	1597	[1]	ὁρμῆσαι	_	_
3.11	1598	[51]	.	b	_
3.11	1599	[4]	τούτων	_	_
3.11	1600	[45]	δὲ	_	_
3.11	1601	[1]	διωρισμένων	_	_
3.11	1602	[4]	ἐφεξῆς	_	_
3.11	1603	[1]	σκεπτέον	_	_
3.11	1604	[116]	,	b	_
3.11	1605	[11]	εἰ	_	_
3.11	1606	[26]	μὲν	_	_
3.11	1607	[1]	ἐκκρίσει	_	_
3.11	1608	[2]	μέλλει	_	_
3.11	1609	[1]	κριθήσεσθαι	_	_
3.11	1610	[117]	,	b	_
3.11	1611	[1]	πότερον	_	_
3.11	1612	[2]	αἱμοῤῥαγία	_	_
3.11	1613	[3]	τις	_	_
3.11	1614	[118]	,	b	_
3.11	1615	[17]	ἢ	_	_
3.11	1616	[1]	ἱδρὼς	_	_
3.11	1617	[119]	,	b	_
3.11	1618	[18]	ἢ	_	_
3.11	1619	[4]	ἔμετος	_	_
3.11	1620	[120]	,	b	_
3.11	1621	[19]	ἢ	_	_
3.11	1622	[1]	διαχώρησις	_	_
3.11	1623	[5]	ἔσται	_	_
3.11	1624	[1]	γαστρός	_	_
3.11	1625	[22]	·	b	_
3.11	1626	[12]	εἰ	_	_
3.11	1627	[14]	δ	_	_
3.11	1628	[28]	’	b	_
3.11	1629	[1]	ἀποσκήμματι	_	_
3.11	1630	[121]	,	b	_
3.11	1631	[1]	ποῖον	_	_
3.11	1632	[1]	μόριον	_	_
3.11	1633	[122]	,	b	_
3.11	1634	[20]	ἢ	_	_
3.11	1635	[1]	ἄρθρον	_	_
3.11	1636	[1]	ὑποδέξεται	_	_
3.11	1637	[15]	τὴν	_	_
3.11	1638	[8]	ἀπόστασιν	_	_
3.11	1639	[52]	.	b	_
3.11	1640	[5]	ἐπὶ	_	_
3.11	1641	[46]	δὲ	_	_
3.11	1642	[32]	τῶν	_	_
3.11	1643	[2]	ἐκκρίσει	_	_
3.11	1644	[1]	μελλόντων	_	_
3.11	1645	[1]	κρίνεσθαι	_	_
3.11	1646	[10]	χρὴ	_	_
3.11	1647	[1]	διχῶς	_	_
3.11	1648	[2]	διορίζεσθαι	_	_
3.11	1649	[123]	,	b	_
3.11	1650	[2]	τοῖς	_	_
3.11	1651	[15]	τε	_	_
3.11	1652	[13]	τῆς	_	_
3.11	1653	[2]	ἐσομένης	_	_
3.11	1654	[14]	τῆς	_	_
3.11	1655	[1]	ἐκκρίσεως	_	_
3.11	1656	[1]	σημείοις	_	_
3.11	1657	[124]	,	b	_
3.11	1658	[13]	εἰ	_	_
3.11	1659	[1]	παρείη	_	_
3.11	1660	[125]	,	b	_
3.11	1661	[89]	καὶ	_	_
3.11	1662	[3]	τοῖς	_	_
3.11	1663	[33]	τῶν	_	_
3.11	1664	[2]	ἄλλων	_	_
3.11	1665	[126]	,	b	_
3.11	1666	[14]	εἰ	_	_
3.11	1667	[9]	μὴ	_	_
3.11	1668	[2]	παρείη	_	_
3.11	1669	[53]	.	b	_
3.11	1670	[1]	βεβαιότερον	_	_
3.11	1671	[10]	γὰρ	_	_
3.11	1672	[1]	ἐλπίσεις	_	_
3.11	1673	[7]	τὸν	_	_
3.11	1674	[1]	ἑκάστοτε	_	_
3.11	1675	[1]	προδηλούμενον	_	_
3.11	1676	[4]	τρόπον	_	_
3.11	1677	[15]	τῆς	_	_
3.11	1678	[6]	κρίσεως	_	_
3.11	1679	[127]	,	b	_
3.11	1680	[15]	ἂν	_	_
3.11	1681	[1]	μηδεὶς	_	_
3.11	1682	[34]	τῶν	_	_
3.11	1683	[3]	ἄλλων	_	_
3.11	1684	[1]	περιέλκῃ	_	_
3.11	1685	[54]	.	b	_
3.11	1686	[11]	χρὴ	_	_
3.11	1687	[1]	τοίνυν	_	_
3.11	1688	[1]	ἐμὲ	_	_
3.11	1689	[27]	μὲν	_	_
3.11	1690	[3]	ἐφ	_	_
3.11	1691	[29]	’	b	_
3.11	1692	[1]	ἑκάστου	_	_
3.11	1693	[8]	τὸν	_	_
3.11	1694	[1]	ἴδιον	_	_
3.11	1695	[1]	εἰπεῖν	_	_
3.11	1696	[128]	,	b	_
3.11	1697	[1]	σὲ	_	_
3.11	1698	[47]	δὲ	_	_
3.11	1699	[6]	ἐπὶ	_	_
3.11	1700	[35]	τῶν	_	_
3.11	1701	[1]	ἀῤῥώστων	_	_
3.11	1702	[10]	μὴ	_	_
3.11	1703	[1]	μόνον	_	_
3.11	1704	[3]	τοῦτον	_	_
3.11	1705	[1]	ὁρᾷν	_	_
3.11	1706	[129]	,	b	_
3.11	1707	[3]	ἀλλὰ	_	_
3.11	1708	[90]	καὶ	_	_
3.11	1709	[36]	τῶν	_	_
3.11	1710	[4]	ἄλλων	_	_
3.11	1711	[1]	ἕκαστον	_	_
3.11	1712	[1]	ἐπισκοπεῖν	_	_
3.11	1713	[55]	.	b	_
3.11	1714	[15]	εἰ	_	_
3.11	1715	[1]	γοῦν	_	_
3.11	1716	[1]	ἀλόγως	_	_
3.11	1717	[1]	γαστὴρ	_	_
3.11	1718	[1]	ἐπισχεθῇ	_	_
3.11	1719	[130]	,	b	_
3.11	1720	[21]	ἢ	_	_
3.11	1721	[3]	οὖρα	_	_
3.11	1722	[131]	,	b	_
3.11	1723	[16]	τῆς	_	_
3.11	1724	[7]	κρίσεως	_	_
3.11	1725	[1]	ἐγγὺς	_	_
3.11	1726	[1]	οὔσης	_	_
3.11	1727	[132]	,	b	_
3.11	1728	[2]	ἐλπίζειν	_	_
3.11	1729	[12]	χρὴ	_	_
3.11	1730	[2]	ῥῖγος	_	_
3.11	1731	[23]	·	b	_
3.11	1732	[16]	εἰ	_	_
3.11	1733	[48]	δὲ	_	_
3.11	1734	[3]	τοῦτο	_	_
3.11	1735	[133]	,	b	_
3.11	1736	[3]	διορίζεσθαι	_	_
3.11	1737	[2]	πότερον	_	_
3.11	1738	[2]	ἱδρὼς	_	_
3.11	1739	[2]	ἐπ	_	_
3.11	1740	[30]	’	b	_
3.11	1741	[4]	αὐτῷ	_	_
3.11	1742	[1]	γένοιτο	_	_
3.11	1743	[134]	,	b	_
3.11	1744	[22]	ἢ	_	_
3.11	1745	[5]	ἔμετος	_	_
3.11	1746	[135]	,	b	_
3.11	1747	[23]	ἢ	_	_
3.11	1748	[2]	διαχώρησις	_	_
3.11	1749	[1]	γαστρὸς	_	_
3.11	1750	[136]	,	b	_
3.11	1751	[3]	ἤ	_	_
3.11	1752	[4]	τινα	_	_
3.11	1753	[5]	τούτων	_	_
3.11	1754	[137]	,	b	_
3.11	1755	[24]	ἢ	_	_
3.11	1756	[4]	πάντα	_	_
3.11	1757	[56]	.	b	_
3.11	1758	[91]	καὶ	_	_
3.11	1759	[2]	πρῶτον	_	_
3.11	1760	[28]	μὲν	_	_
3.11	1761	[9]	εἰς	_	_
3.11	1762	[16]	τὴν	_	_
3.11	1763	[15]	τοῦ	_	_
3.11	1764	[1]	νοσήματος	_	_
3.11	1765	[1]	ἰδέαν	_	_
3.11	1766	[1]	ἀποβλέπειν	_	_
3.11	1767	[57]	.	b	_
3.11	1768	[17]	εἰ	_	_
3.11	1769	[11]	γὰρ	_	_
3.11	1770	[1]	ἀκριβῶς	_	_
3.11	1771	[2]	εἴη	_	_
3.11	1772	[1]	περικαὲς	_	_
3.11	1773	[138]	,	b	_
3.11	1774	[3]	εὐθὺς	_	_
3.11	1775	[16]	ἂν	_	_
3.11	1776	[92]	καὶ	_	_
3.11	1777	[5]	ἡ	_	_
3.11	1778	[16]	τοῦ	_	_
3.11	1779	[2]	ῥίγους	_	_
3.11	1780	[1]	πρόγνωσις	_	_
3.11	1781	[1]	βεβαιοτέρα	_	_
3.11	1782	[139]	,	b	_
3.11	1783	[1]	χολῶδες	_	_
3.11	1784	[12]	γὰρ	_	_
3.11	1785	[16]	τὸ	_	_
3.11	1786	[1]	περικαές	_	_
3.11	1787	[58]	.	b	_
3.11	1788	[4]	εἴρηται	_	_
3.11	1789	[49]	δὲ	_	_
3.11	1790	[21]	ἐν	_	_
3.11	1791	[4]	τοῖς	_	_
3.11	1792	[2]	ἔμπροσθεν	_	_
3.11	1793	[7]	ὡς	_	_
3.11	1794	[6]	ὁ	_	_
3.11	1795	[1]	χυμὸς	_	_
3.11	1796	[1]	οὗτος	_	_
3.11	1797	[140]	,	b	_
3.11	1798	[1]	ἐπειδὰν	_	_
3.11	1799	[1]	σφοδρότερον	_	_
3.11	1800	[1]	κινηθῇ	_	_
3.11	1801	[141]	,	b	_
3.11	1802	[3]	ῥῖγος	_	_
3.11	1803	[1]	ἐργάζεται	_	_
3.11	1804	[59]	.	b	_
3.11	1805	[3]	μετὰ	_	_
3.11	1806	[50]	δὲ	_	_
3.11	1807	[8]	ταῦτα	_	_
3.11	1808	[2]	προσεπισκέπτεσθαι	_	_
3.11	1809	[142]	,	b	_
3.11	1810	[3]	πότερον	_	_
3.11	1811	[37]	τῶν	_	_
3.11	1812	[3]	οὔρων	_	_
3.11	1813	[2]	μόνον	_	_
3.11	1814	[143]	,	b	_
3.11	1815	[25]	ἢ	_	_
3.11	1816	[93]	καὶ	_	_
3.11	1817	[17]	τῆς	_	_
3.11	1818	[2]	γαστρὸς	_	_
3.11	1819	[1]	ἐπισχεθείσης	_	_
3.11	1820	[1]	ἐῤῥίγωσαν	_	_
3.11	1821	[60]	.	b	_
3.11	1822	[18]	εἰ	_	_
3.11	1823	[29]	μὲν	_	_
3.11	1824	[13]	γὰρ	_	_
3.11	1825	[1]	ἀμφοῖν	_	_
3.11	1826	[144]	,	b	_
3.11	1827	[3]	ἱδρὼς	_	_
3.11	1828	[2]	ἐξ	_	_
3.11	1829	[1]	ἀνάγκης	_	_
3.11	1830	[6]	ἔσται	_	_
3.11	1831	[1]	πολύς	_	_
3.11	1832	[24]	·	b	_
3.11	1833	[19]	εἰ	_	_
3.11	1834	[51]	δὲ	_	_
3.11	1835	[38]	τῶν	_	_
3.11	1836	[4]	οὔρων	_	_
3.11	1837	[1]	μόνων	_	_
3.11	1838	[145]	,	b	_
3.11	1839	[2]	ἐπισκέπτεσθαι	_	_
3.11	1840	[13]	χρὴ	_	_
3.11	1841	[22]	τὰ	_	_
3.11	1842	[11]	κατὰ	_	_
3.11	1843	[17]	τὴν	_	_
3.11	1844	[1]	γαστέρα	_	_
3.11	1845	[146]	,	b	_
3.11	1846	[4]	πότερον	_	_
3.11	1847	[1]	πλείω	_	_
3.11	1848	[39]	τῶν	_	_
3.11	1849	[2]	πρόσθεν	_	_
3.11	1850	[147]	,	b	_
3.11	1851	[26]	ἢ	_	_
3.11	1852	[1]	ἐλάττω	_	_
3.11	1853	[4]	πρὸ	_	_
3.11	1854	[18]	τῆς	_	_
3.11	1855	[8]	κρίσεως	_	_
3.11	1856	[1]	ἐπῆλθεν	_	_
3.11	1857	[61]	.	b	_
3.11	1858	[20]	εἰ	_	_
3.11	1859	[30]	μὲν	_	_
3.11	1860	[14]	γὰρ	_	_
3.11	1861	[2]	πλείω	_	_
3.11	1862	[148]	,	b	_
3.11	1863	[1]	ἐπισημότερον	_	_
3.11	1864	[18]	τὴν	_	_
3.11	1865	[4]	ἐνταῦθα	_	_
3.11	1866	[3]	ῥοπὴν	_	_
3.11	1867	[1]	γνωρίζειν	_	_
3.11	1868	[149]	,	b	_
3.11	1869	[21]	εἰ	_	_
3.11	1870	[52]	δὲ	_	_
3.11	1871	[2]	ἐλάττω	_	_
3.11	1872	[150]	,	b	_
3.11	1873	[19]	τὴν	_	_
3.11	1874	[10]	εἰς	_	_
3.11	1875	[1]	ἱδρῶτας	_	_
3.11	1876	[151]	,	b	_
3.11	1877	[22]	εἰ	_	_
3.11	1878	[53]	δὲ	_	_
3.11	1879	[94]	καὶ	_	_
3.11	1880	[23]	τὰ	_	_
3.11	1881	[40]	τῶν	_	_
3.11	1882	[2]	ἐμέτων	_	_
3.11	1883	[3]	παρείη	_	_
3.11	1884	[3]	σημεῖα	_	_
3.11	1885	[152]	,	b	_
3.11	1886	[3]	δι	_	_
3.11	1887	[31]	’	b	_
3.11	1888	[1]	ἀμφοτέρων	_	_
3.11	1889	[41]	τῶν	_	_
3.11	1890	[1]	κρίσεων	_	_
3.11	1891	[7]	ὁ	_	_
3.11	1892	[1]	τοιοῦτος	_	_
3.11	1893	[1]	κριθήσεται	_	_
3.11	1894	[153]	,	b	_
3.11	1895	[95]	καὶ	_	_
3.11	1896	[1]	ἤτοι	_	_
3.11	1897	[10]	μᾶλλον	_	_
3.11	1898	[12]	κατὰ	_	_
3.11	1899	[20]	τὴν	_	_
3.11	1900	[1]	ἑτέραν	_	_
3.11	1901	[2]	﻿	_	_
3.11	1902	[3]	αὐτῶν	_	_
3.11	1903	[154]	,	b	_
3.11	1904	[1]	ἥτις	_	_
3.11	1905	[17]	ἂν	_	_
3.11	1906	[1]	ἐπικρατήσῃ	_	_
3.11	1907	[11]	μᾶλλον	_	_
3.11	1908	[155]	,	b	_
3.11	1909	[27]	ἢ	_	_
3.11	1910	[1]	ὁμοίως	_	_
3.11	1911	[1]	ἑκατέρωθεν	_	_
3.11	1912	[156]	,	b	_
3.11	1913	[3]	ὅταν	_	_
3.11	1914	[1]	ἴσα	_	_
3.11	1915	[4]	πως	_	_
3.11	1916	[5]	ᾖ	_	_
3.11	1917	[24]	τὰ	_	_
3.11	1918	[1]	γνωρίσματα	_	_
3.11	1919	[62]	.	b	_
3.11	1920	[11]	μὴ	_	_
3.11	1921	[1]	παρόντων	_	_
3.11	1922	[54]	δὲ	_	_
3.11	1923	[42]	τῶν	_	_
3.11	1924	[1]	ἐμετικῶν	_	_
3.11	1925	[5]	σημείων	_	_
3.11	1926	[157]	,	b	_
3.11	1927	[2]	ἱδρῶτας	_	_
3.11	1928	[3]	μόνον	_	_
3.11	1929	[10]	προσδέχεσθαι	_	_
3.11	1930	[158]	,	b	_
3.11	1931	[96]	καὶ	_	_
3.11	1932	[12]	μᾶλλον	_	_
3.11	1933	[159]	,	b	_
3.11	1934	[2]	ἐπειδὴ	_	_
3.11	1935	[1]	παραπαίωσιν	_	_
3.11	1936	[6]	οἱ	_	_
3.11	1937	[1]	κάμνοντες	_	_
3.11	1938	[1]	ἐπιδιδόντος	_	_
3.11	1939	[17]	τοῦ	_	_
3.11	1940	[1]	παροξυσμοῦ	_	_
3.11	1941	[97]	καὶ	_	_
3.11	1942	[1]	θερμότερα	_	_
3.11	1943	[25]	τὰ	_	_
3.11	1944	[1]	ἐκτὸς	_	_
3.11	1945	[98]	καὶ	_	_
3.11	1946	[1]	ἐρυθρότερα	_	_
3.11	1947	[6]	γίνεται	_	_
3.11	1948	[1]	καί	_	_
3.11	1949	[4]	τις	_	_
3.11	1950	[1]	ἀτμὸς	_	_
3.11	1951	[1]	ἀνίησι	_	_
3.11	1952	[1]	θερμὸς	_	_
3.11	1953	[160]	,	b	_
3.11	1954	[1]	οἷος	_	_
3.11	1955	[2]	οὐ	_	_
3.11	1956	[3]	πρόσθεν	_	_
3.11	1957	[63]	.	b	_
3.11	1958	[23]	εἰ	_	_
3.11	1959	[55]	δὲ	_	_
3.11	1960	[99]	καὶ	_	_
3.11	1961	[1]	κυματώδης	_	_
3.11	1962	[8]	ὁ	_	_
3.11	1963	[1]	σφυγμὸς	_	_
3.11	1964	[1]	γίνοιτο	_	_
3.11	1965	[100]	καὶ	_	_
3.11	1966	[1]	μαλακὸς	_	_
3.11	1967	[1]	ἐπισήμως	_	_
3.11	1968	[161]	,	b	_
3.11	1969	[4]	ἔτι	_	_
3.11	1970	[13]	μᾶλλον	_	_
3.11	1971	[3]	ἐλπίζειν	_	_
3.11	1972	[3]	ἱδρῶτας	_	_
3.11	1973	[64]	.	b	_
3.11	1974	[9]	ὁ	_	_
3.11	1975	[1]	σκληρὸς	_	_
3.11	1976	[56]	δὲ	_	_
3.11	1977	[2]	σφυγμὸς	_	_
3.11	1978	[2]	ἐμέτους	_	_
3.11	1979	[14]	μᾶλλον	_	_
3.11	1980	[28]	ἢ	_	_
3.11	1981	[4]	ἱδρῶτας	_	_
3.11	1982	[1]	προδηλοῦν	_	_
3.11	1983	[1]	εἴωθεν	_	_
3.11	1984	[25]	·	b	_
3.11	1985	[10]	ὁ	_	_
3.11	1986	[31]	μὲν	_	_
3.11	1987	[15]	γὰρ	_	_
3.11	1988	[1]	ὑψηλὸς	_	_
3.11	1989	[1]	ἁπάσης	_	_
3.11	1990	[1]	ἐκκρίσεώς	_	_
3.11	1991	[1]	ἐστι	_	_
3.11	1992	[2]	γνώρισμα	_	_
3.11	1993	[162]	,	b	_
3.11	1994	[1]	καθάπερ	_	_
3.11	1995	[101]	καὶ	_	_
3.11	1996	[11]	ὁ	_	_
3.11	1997	[1]	σφοδρός	_	_
3.11	1998	[65]	.	b	_
3.11	1999	[1]	μέγας	_	_
3.11	2000	[57]	δὲ	_	_
3.11	2001	[1]	εἴπερ	_	_
3.11	2002	[3]	εἴη	_	_
3.11	2003	[163]	,	b	_
3.11	2004	[19]	τῆς	_	_
3.11	2005	[1]	ἔξω	_	_
3.11	2006	[1]	κινήσεως	_	_
3.11	2007	[15]	μᾶλλον	_	_
3.11	2008	[29]	ἢ	_	_
3.11	2009	[20]	τῆς	_	_
3.11	2010	[1]	ἔσω	_	_
3.11	2011	[1]	σημεῖόν	_	_
3.11	2012	[2]	ἐστι	_	_
3.11	2013	[66]	.	b	_
3.11	2014	[1]	διττῆς	_	_
3.11	2015	[15]	δ	_	_
3.11	2016	[32]	’	b	_
3.11	2017	[2]	οὔσης	_	_
3.11	2018	[1]	ἑκατέρας	_	_
3.11	2019	[164]	,	b	_
3.11	2020	[21]	τῆς	_	_
3.11	2021	[32]	μὲν	_	_
3.11	2022	[2]	ἔξω	_	_
3.11	2023	[4]	δι	_	_
3.11	2024	[33]	’	b	_
3.11	2025	[2]	αἱμοῤῥαγίας	_	_
3.11	2026	[102]	καὶ	_	_
3.11	2027	[2]	ἱδρώτων	_	_
3.11	2028	[165]	,	b	_
3.11	2029	[22]	τῆς	_	_
3.11	2030	[16]	δ	_	_
3.11	2031	[34]	’	b	_
3.11	2032	[1]	εἴσω	_	_
3.11	2033	[1]	ῥοπῆς	_	_
3.11	2034	[12]	διὰ	_	_
3.11	2035	[3]	γαστρὸς	_	_
3.11	2036	[103]	καὶ	_	_
3.11	2037	[1]	στομάχου	_	_
3.11	2038	[166]	,	b	_
3.11	2039	[2]	κυματώδης	_	_
3.11	2040	[33]	μὲν	_	_
3.11	2041	[3]	σφυγμὸς	_	_
3.11	2042	[5]	ἱδρῶτας	_	_
3.11	2043	[167]	,	b	_
3.11	2044	[2]	μέγας	_	_
3.11	2045	[58]	δὲ	_	_
3.11	2046	[1]	ἁπλῶς	_	_
3.11	2047	[3]	αἱμοῤῥαγίας	_	_
3.11	2048	[1]	προδηλώσει	_	_
3.11	2049	[67]	.	b	_
3.11	2050	[23]	τῆς	_	_
3.11	2051	[17]	δ	_	_
3.11	2052	[35]	’	b	_
3.11	2053	[2]	εἴσω	_	_
3.11	2054	[2]	ῥοπῆς	_	_
3.11	2055	[1]	ἐπικρατούσης	_	_
3.11	2056	[168]	,	b	_
3.11	2057	[4]	ὅταν	_	_
3.11	2058	[34]	μὲν	_	_
3.11	2059	[1]	ἀπῇ	_	_
3.11	2060	[26]	τὰ	_	_
3.11	2061	[43]	τῶν	_	_
3.11	2062	[3]	ἐμέτων	_	_
3.11	2063	[4]	σημεῖα	_	_
3.11	2064	[169]	,	b	_
3.11	2065	[1]	διαχωρήσει	_	_
3.11	2066	[4]	γαστρὸς	_	_
3.11	2067	[12]	ὁ	_	_
3.11	2068	[2]	τοιοῦτος	_	_
3.11	2069	[2]	κριθήσεται	_	_
3.11	2070	[26]	·	b	_
3.11	2071	[2]	παρόντων	_	_
3.11	2072	[59]	δὲ	_	_
3.11	2073	[5]	δι	_	_
3.11	2074	[36]	’	b	_
3.11	2075	[4]	ἐμέτων	_	_
3.11	2076	[16]	μᾶλλον	_	_
3.11	2077	[68]	.	b	_
3.11	2078	[24]	εἰ	_	_
3.11	2079	[60]	δὲ	_	_
3.11	2080	[104]	καὶ	_	_
3.11	2081	[9]	ταῦτα	_	_
3.11	2082	[4]	παρείη	_	_
3.11	2083	[170]	,	b	_
3.11	2084	[105]	καὶ	_	_
3.11	2085	[6]	ἡ	_	_
3.11	2086	[2]	γαστὴρ	_	_
3.11	2087	[2]	ἐπισήμως	_	_
3.11	2088	[1]	ὑπίῃ	_	_
3.11	2089	[171]	,	b	_
3.11	2090	[6]	δι	_	_
3.11	2091	[37]	’	b	_
3.11	2092	[2]	ἀμφοτέρων	_	_
3.11	2093	[69]	.	b	_
3.11	2094	[1]	ἀνώμαλος	_	_
3.11	2095	[61]	δὲ	_	_
3.11	2096	[13]	ὁ	_	_
3.11	2097	[4]	σφυγμὸς	_	_
3.11	2098	[7]	ἐπὶ	_	_
3.11	2099	[44]	τῶν	_	_
3.11	2100	[1]	πλείστων	_	_
3.11	2101	[35]	μὲν	_	_
3.11	2102	[7]	γίνεται	_	_
3.11	2103	[2]	κρίσεων	_	_
3.11	2104	[172]	,	b	_
3.11	2105	[106]	καὶ	_	_
3.11	2106	[4]	μάλιστα	_	_
3.11	2107	[2]	ἐπειδὰν	_	_
3.11	2108	[1]	ἀγωνιστικόν	_	_
3.11	2109	[13]	τι	_	_
3.11	2110	[107]	καὶ	_	_
3.11	2111	[1]	περικινδυνευτικὸν	_	_
3.11	2112	[1]	ἔχωσιν	_	_
3.11	2113	[70]	.	b	_
3.11	2114	[3]	πολὺ	_	_
3.11	2115	[62]	δὲ	_	_
3.11	2116	[17]	μᾶλλον	_	_
3.11	2117	[45]	τῶν	_	_
3.11	2118	[1]	χολωδῶν	_	_
3.11	2119	[11]	εἰς	_	_
3.11	2120	[21]	τὴν	_	_
3.11	2121	[2]	γαστέρα	_	_
3.11	2122	[1]	συῤῥεόντων	_	_
3.11	2123	[1]	χυμῶν	_	_
3.11	2124	[173]	,	b	_
3.11	2125	[1]	ἅμα	_	_
3.11	2126	[8]	τῷ	_	_
3.11	2127	[108]	καὶ	_	_
3.11	2128	[1]	τά	_	_
3.11	2129	[3]	ἄλλα	_	_
3.11	2130	[1]	παρεῖναι	_	_
3.11	2131	[46]	τῶν	_	_
3.11	2132	[5]	ἐμέτων	_	_
3.11	2133	[5]	σημεῖα	_	_
3.11	2134	[27]	τὰ	_	_
3.11	2135	[5]	πρὸς	_	_
3.11	2136	[3]	Ἱπποκράτους	_	_
3.11	2137	[2]	εἰρημένα	_	_
3.11	2138	[71]	.	b	_
3.11	2139	[109]	καὶ	_	_
3.11	2140	[7]	οἱ	_	_
3.11	2141	[1]	σφυγμοὶ	_	_
3.11	2142	[1]	παντοίως	_	_
3.11	2143	[1]	ἀνώμαλοι	_	_
3.11	2144	[7]	γίνονται	_	_
3.11	2145	[1]	δακνομένου	_	_
3.11	2146	[110]	καὶ	_	_
3.11	2147	[1]	βαρυνομένου	_	_
3.11	2148	[18]	τοῦ	_	_
3.11	2149	[2]	στομάχου	_	_
3.11	2150	[72]	.	b	_
3.11	2151	[4]	ἀλλὰ	_	_
3.11	2152	[28]	τὰ	_	_
3.11	2153	[36]	μὲν	_	_
3.11	2154	[3]	ἀπὸ	_	_
3.11	2155	[47]	τῶν	_	_
3.11	2156	[2]	σφυγμῶν	_	_
3.11	2157	[30]	ἢ	_	_
3.11	2158	[8]	ὡς	_	_
3.11	2159	[3]	οὐ	_	_
3.11	2160	[1]	γινώσκων	_	_
3.11	2161	[14]	ὁ	_	_
3.11	2162	[3]	Ἱπποκράτης	_	_
3.11	2163	[31]	ἢ	_	_
3.11	2164	[9]	ὡς	_	_
3.11	2165	[4]	οὐκ	_	_
3.11	2166	[1]	ἀξιόλογα	_	_
3.11	2167	[1]	νομίζων	_	_
3.11	2168	[5]	οὐκ	_	_
3.11	2169	[1]	ἐξειργάσατο	_	_
3.11	2170	[27]	·	b	_
3.11	2171	[29]	τὰ	_	_
3.11	2172	[63]	δὲ	_	_
3.11	2173	[48]	τῶν	_	_
3.11	2174	[6]	ἐμέτων	_	_
3.11	2175	[6]	σημεῖα	_	_
3.11	2176	[1]	καρδιωγμοί	_	_
3.11	2177	[1]	τέ	_	_
3.11	2178	[2]	εἰσιν	_	_
3.11	2179	[2]	ἅμα	_	_
3.11	2180	[1]	πόνῳ	_	_
3.11	2181	[4]	κεφαλῆς	_	_
3.11	2182	[111]	καὶ	_	_
3.11	2183	[1]	σκοτόδινοι	_	_
3.11	2184	[6]	σὺν	_	_
3.11	2185	[5]	τοῖς	_	_
3.11	2186	[1]	προφαινομένοις	_	_
3.11	2187	[49]	τῶν	_	_
3.11	2188	[1]	ὄψεων	_	_
3.11	2189	[1]	ὀρφνώδεσι	_	_
3.11	2190	[112]	καὶ	_	_
3.11	2191	[9]	τῷ	_	_
3.11	2192	[11]	κάτω	_	_
3.11	2193	[1]	χείλει	_	_
3.11	2194	[1]	σειομένῳ	_	_
3.11	2195	[113]	καὶ	_	_
3.11	2196	[1]	πολλῷ	_	_
3.11	2197	[114]	καὶ	_	_
3.11	2198	[1]	λεπτῷ	_	_
3.11	2199	[1]	παραῤῥέοντι	_	_
3.11	2200	[1]	σιέλῳ	_	_
3.11	2201	[73]	.	b	_
3.11	2202	[5]	πάντα	_	_
3.11	2203	[64]	δὲ	_	_
3.11	2204	[10]	ταῦτα	_	_
3.11	2205	[1]	συμπίπτει	_	_
3.11	2206	[1]	χολώδους	_	_
3.11	2207	[16]	τε	_	_
3.11	2208	[115]	καὶ	_	_
3.11	2209	[1]	δακνώδους	_	_
3.11	2210	[1]	χυμοῦ	_	_
3.11	2211	[2]	κατά	_	_
3.11	2212	[17]	τε	_	_
3.11	2213	[22]	τὴν	_	_
3.11	2214	[3]	γαστέρα	_	_
3.11	2215	[116]	καὶ	_	_
3.11	2216	[9]	τὸν	_	_
3.11	2217	[1]	στόμαχον	_	_
3.11	2218	[1]	ἠθροισμένου	_	_
3.11	2219	[117]	καὶ	_	_
3.11	2220	[1]	δάκνοντός	_	_
3.11	2221	[18]	τε	_	_
3.11	2222	[3]	ἅμα	_	_
3.11	2223	[17]	τὸ	_	_
3.11	2224	[1]	στόμα	_	_
3.11	2225	[24]	τῆς	_	_
3.11	2226	[5]	γαστρὸς	_	_
3.11	2227	[174]	,	b	_
3.11	2228	[1]	ὃ	_	_
3.11	2229	[6]	δὴ	_	_
3.11	2230	[1]	καρδίαν	_	_
3.11	2231	[1]	ἐκάλουν	_	_
3.11	2232	[8]	οἱ	_	_
3.11	2233	[1]	παλαιοὶ	_	_
3.11	2234	[175]	,	b	_
3.11	2235	[118]	καὶ	_	_
3.11	2236	[7]	σὺν	_	_
3.11	2237	[5]	αὐτῷ	_	_
3.11	2238	[119]	καὶ	_	_
3.11	2239	[10]	τὸν	_	_
3.11	2240	[2]	στόμαχον	_	_
3.11	2241	[1]	ὅλον	_	_
3.11	2242	[2]	ἔσω	_	_
3.11	2243	[120]	καὶ	_	_
3.11	2244	[12]	κάτω	_	_
3.11	2245	[1]	κατασπῶντος	_	_
3.11	2246	[176]	,	b	_
3.11	2247	[1]	ὅθενπερ	_	_
3.11	2248	[121]	καὶ	_	_
3.11	2249	[18]	τὸ	_	_
3.11	2250	[2]	χεῖλος	_	_
3.11	2251	[4]	αὐτοῖς	_	_
3.11	2252	[1]	σείεται	_	_
3.11	2253	[122]	καὶ	_	_
3.11	2254	[1]	σίελον	_	_
3.11	2255	[1]	παραῤῥεῖ	_	_
3.11	2256	[1]	λεπτόν	_	_
3.11	2257	[74]	.	b	_
3.11	2258	[1]	ὀρφνώδη	_	_
3.11	2259	[4]	δέ	_	_
3.11	2260	[5]	τινα	_	_
3.11	2261	[5]	πρὸ	_	_
3.11	2262	[50]	τῶν	_	_
3.11	2263	[5]	ὀφθαλμῶν	_	_
3.11	2264	[1]	φαίνονται	_	_
3.11	2265	[123]	καὶ	_	_
3.11	2266	[1]	ἰλιγγιῶσι	_	_
3.11	2267	[124]	καὶ	_	_
3.11	2268	[1]	σκοτοδινιῶσι	_	_
3.11	2269	[125]	καὶ	_	_
3.11	2270	[1]	κεφαλαλγοῦσι	_	_
3.11	2271	[177]	,	b	_
3.11	2272	[1]	ἀναθυμιωμένου	_	_
3.11	2273	[1]	τινὸς	_	_
3.11	2274	[2]	ἐκ	_	_
3.11	2275	[19]	τοῦ	_	_
3.11	2276	[2]	χολώδους	_	_
3.11	2277	[2]	χυμοῦ	_	_
3.11	2278	[178]	,	b	_
3.11	2279	[126]	καὶ	_	_
3.11	2280	[1]	προσέτι	_	_
3.11	2281	[3]	τῇ	_	_
3.11	2282	[13]	κατὰ	_	_
3.11	2283	[1]	νεῦρα	_	_
3.11	2284	[1]	συμπαθείᾳ	_	_
3.11	2285	[75]	.	b	_
3.11	2286	[30]	τὰ	_	_
3.11	2287	[65]	δὲ	_	_
3.11	2288	[51]	τῶν	_	_
3.11	2289	[1]	αἱμοῤῥαγιῶν	_	_
3.11	2290	[1]	ἴδια	_	_
3.11	2291	[2]	μαρμαρυγαὶ	_	_
3.11	2292	[37]	μὲν	_	_
3.11	2293	[179]	,	b	_
3.11	2294	[3]	ὅτι	_	_
3.11	2295	[1]	ξανθὸς	_	_
3.11	2296	[15]	ὁ	_	_
3.11	2297	[2]	χυμὸς	_	_
3.11	2298	[180]	,	b	_
3.11	2299	[1]	ἀμβλυωγμοὶ	_	_
3.11	2300	[66]	δὲ	_	_
3.11	2301	[181]	,	b	_
3.11	2302	[4]	ὅτι	_	_
3.11	2303	[1]	πολὺς	_	_
3.11	2304	[1]	ἀθρόως	_	_
3.11	2305	[1]	ἀναφερόμενος	_	_
3.11	2306	[1]	ἐμφράττει	_	_
3.11	2307	[5]	τὰς	_	_
3.11	2308	[1]	ὀδοὺς	_	_
3.11	2309	[20]	τοῦ	_	_
3.11	2310	[1]	πνεύματος	_	_
3.11	2311	[76]	.	b	_
3.11	2312	[2]	οὕτω	_	_
3.11	2313	[67]	δὲ	_	_
3.11	2314	[127]	καὶ	_	_
3.11	2315	[9]	οἱ	_	_
3.11	2316	[1]	ὀφθαλμοὶ	_	_
3.11	2317	[1]	δακρύουσι	_	_
3.11	2318	[10]	τῷ	_	_
3.11	2319	[1]	πλήθει	_	_
3.11	2320	[21]	τοῦ	_	_
3.11	2321	[1]	ῥεύματος	_	_
3.11	2322	[182]	,	b	_
3.11	2323	[2]	ὥσπερ	_	_
3.11	2324	[2]	κᾀν	_	_
3.11	2325	[3]	ταῖς	_	_
3.11	2326	[1]	ὀφθαλμίαις	_	_
3.11	2327	[77]	.	b	_
3.11	2328	[14]	κατὰ	_	_
3.11	2329	[68]	δὲ	_	_
3.11	2330	[11]	τὸν	_	_
3.11	2331	[1]	αὐτὸν	_	_
3.11	2332	[5]	τρόπον	_	_
3.11	2333	[1]	ἐρυθροὶ	_	_
3.11	2334	[2]	φαίνονται	_	_
3.11	2335	[8]	σὺν	_	_
3.11	2336	[6]	τοῖς	_	_
3.11	2337	[1]	μήλοις	_	_
3.11	2338	[1]	ἐνίοτε	_	_
3.11	2339	[128]	καὶ	_	_
3.11	2340	[4]	ταῖς	_	_
3.11	2341	[1]	ῥισίν	_	_
3.11	2342	[78]	.	b	_
3.11	2343	[2]	ἴδιον	_	_
3.11	2344	[69]	δὲ	_	_
3.11	2345	[52]	τῶν	_	_
3.11	2346	[2]	αἱμοῤῥαγιῶν	_	_
3.11	2347	[129]	καὶ	_	_
3.11	2348	[7]	ἡ	_	_
3.11	2349	[53]	τῶν	_	_
3.11	2350	[1]	ὑποχονδρίων	_	_
3.11	2351	[2]	σύντασις	_	_
3.11	2352	[183]	,	b	_
3.11	2353	[4]	οὐ	_	_
3.11	2354	[2]	μετ	_	_
3.11	2355	[38]	’	b	_
3.11	2356	[4]	ὀδύνης	_	_
3.11	2357	[79]	.	b	_
3.11	2358	[1]	ἔστι	_	_
3.11	2359	[16]	γὰρ	_	_
3.11	2360	[130]	καὶ	_	_
3.11	2361	[4]	τοῦτο	_	_
3.11	2362	[25]	τῆς	_	_
3.11	2363	[3]	ἄνω	_	_
3.11	2364	[3]	ῥοπῆς	_	_
3.11	2365	[22]	τοῦ	_	_
3.11	2366	[7]	αἵματος	_	_
3.11	2367	[5]	οὐ	_	_
3.11	2368	[1]	σμικρὸν	_	_
3.11	2369	[3]	γνώρισμα	_	_
3.11	2370	[184]	,	b	_
3.11	2371	[2]	καθάπερ	_	_
3.11	2372	[5]	οὖν	_	_
3.11	2373	[131]	καὶ	_	_
3.11	2374	[8]	ἡ	_	_
3.11	2375	[1]	δύσπνοια	_	_
3.11	2376	[28]	·	b	_
3.11	2377	[132]	καὶ	_	_
3.11	2378	[17]	γὰρ	_	_
3.11	2379	[1]	ἥδε	_	_
3.11	2380	[1]	διεξερχομένου	_	_
3.11	2381	[23]	τοῦ	_	_
3.11	2382	[8]	αἵματος	_	_
3.11	2383	[12]	εἰς	_	_
3.11	2384	[12]	τὸν	_	_
3.11	2385	[1]	θώρακα	_	_
3.11	2386	[8]	γίνεται	_	_
3.11	2387	[185]	,	b	_
3.11	2388	[9]	σὺν	_	_
3.11	2389	[2]	ὀδύνῃ	_	_
3.11	2390	[70]	δὲ	_	_
3.11	2391	[2]	εἴπερ	_	_
3.11	2392	[1]	ἐκταθείη	_	_
3.11	2393	[19]	τὸ	_	_
3.11	2394	[4]	ὑποχόνδριον	_	_
3.11	2395	[186]	,	b	_
3.11	2396	[2]	οὐχ	_	_
3.11	2397	[4]	αἱμοῤῥαγίας	_	_
3.11	2398	[3]	ἐσομένης	_	_
3.11	2399	[7]	σημεῖα	_	_
3.11	2400	[187]	,	b	_
3.11	2401	[5]	ἀλλὰ	_	_
3.11	2402	[1]	φλεγμονῆς	_	_
3.11	2403	[2]	τινος	_	_
3.11	2404	[1]	αὐτόθι	_	_
3.11	2405	[1]	γεγενημένης	_	_
3.11	2406	[2]	ἐστὶ	_	_
3.11	2407	[1]	σύμπτωμα	_	_
3.11	2408	[80]	.	b	_
3.11	2409	[133]	καὶ	_	_
3.11	2410	[38]	μὲν	_	_
3.11	2411	[7]	δὴ	_	_
3.11	2412	[134]	καὶ	_	_
3.11	2413	[20]	τὸ	_	_
3.11	2414	[26]	τῆς	_	_
3.11	2415	[5]	κεφαλῆς	_	_
3.11	2416	[1]	ἄλγημα	_	_
3.11	2417	[188]	,	b	_
3.11	2418	[1]	κᾂν	_	_
3.11	2419	[25]	εἰ	_	_
3.11	2420	[1]	κοινὸν	_	_
3.11	2421	[7]	ἐμέτων	_	_
3.11	2422	[19]	τε	_	_
3.11	2423	[135]	καὶ	_	_
3.11	2424	[3]	αἱμοῤῥαγιῶν	_	_
3.11	2425	[4]	εἴη	_	_
3.11	2426	[1]	σημεῖον	_	_
3.11	2427	[189]	,	b	_
3.11	2428	[1]	ἀλλά	_	_
3.11	2429	[1]	τοι	_	_
3.11	2430	[2]	κᾀνταῦθα	_	_
3.11	2431	[21]	τὸ	_	_
3.11	2432	[39]	μὲν	_	_
3.11	2433	[3]	οἷον	_	_
3.11	2434	[1]	δακνῶδες	_	_
3.11	2435	[2]	ἐμέτου	_	_
3.11	2436	[190]	,	b	_
3.11	2437	[22]	τὸ	_	_
3.11	2438	[71]	δὲ	_	_
3.11	2439	[4]	οἷον	_	_
3.11	2440	[1]	βαρὺ	_	_
3.11	2441	[136]	καὶ	_	_
3.11	2442	[1]	διατεῖνον	_	_
3.11	2443	[137]	καὶ	_	_
3.11	2444	[1]	σφύζον	_	_
3.11	2445	[138]	καὶ	_	_
3.11	2446	[3]	θερμὸν	_	_
3.11	2447	[5]	αἱμοῤῥαγίας	_	_
3.11	2448	[3]	ἴδιον	_	_
3.11	2449	[81]	.	b	_
3.11	2450	[3]	οὕτω	_	_
3.11	2451	[72]	δὲ	_	_
3.11	2452	[139]	καὶ	_	_
3.11	2453	[54]	τῶν	_	_
3.11	2454	[15]	κατὰ	_	_
3.11	2455	[31]	τὰ	_	_
3.11	2456	[2]	ὑποχόνδρια	_	_
3.11	2457	[1]	σπλάγχνων	_	_
3.11	2458	[6]	αἱ	_	_
3.11	2459	[1]	φλεγμοναὶ	_	_
3.11	2460	[55]	τῶν	_	_
3.11	2461	[4]	αἱμοῤῥαγιῶν	_	_
3.11	2462	[3]	εἰσιν	_	_
3.11	2463	[1]	αἴτιά	_	_
3.11	2464	[20]	τε	_	_
3.11	2465	[4]	ἅμα	_	_
3.11	2466	[140]	καὶ	_	_
3.11	2467	[8]	σημεῖα	_	_
3.11	2468	[191]	,	b	_
3.11	2469	[1]	μέλλοντός	_	_
3.11	2470	[2]	γε	_	_
3.11	2471	[2]	κριθήσεσθαι	_	_
3.11	2472	[24]	τοῦ	_	_
3.11	2473	[2]	νοσήματος	_	_
3.11	2474	[1]	ἐκκρίσεσιν	_	_
3.11	2475	[82]	.	b	_
3.11	2476	[26]	εἰ	_	_
3.11	2477	[73]	δὲ	_	_
3.11	2478	[23]	τὸ	_	_
3.11	2479	[40]	μὲν	_	_
3.11	2480	[1]	ἀνάπαλιν	_	_
3.11	2481	[1]	αἱμοῤῥαγοῖ	_	_
3.11	2482	[192]	,	b	_
3.11	2483	[6]	οὐκ	_	_
3.11	2484	[1]	ἀγαθόν	_	_
3.11	2485	[1]	ἐστιν	_	_
3.11	2486	[83]	.	b	_
3.11	2487	[24]	τὸ	_	_
3.11	2488	[74]	δὲ	_	_
3.11	2489	[2]	κατ	_	_
3.11	2490	[39]	’	b	_
3.11	2491	[1]	ἴξιν	_	_
3.11	2492	[1]	ἀγαθὸν	_	_
3.11	2493	[193]	,	b	_
3.11	2494	[10]	ὡς	_	_
3.11	2495	[4]	Ἱπποκράτης	_	_
3.11	2496	[1]	λέγει	_	_
3.11	2497	[141]	καὶ	_	_
3.11	2498	[9]	ἡ	_	_
3.11	2499	[1]	πεῖρα	_	_
3.11	2500	[1]	διδάσκει	_	_
3.11	2501	[194]	,	b	_
3.11	2502	[1]	ῥᾷστον	_	_
3.11	2503	[3]	ἤδη	_	_
3.11	2504	[1]	σοι	_	_
3.11	2505	[142]	καὶ	_	_
3.11	2506	[13]	τὸν	_	_
3.11	2507	[1]	αἱμοῤῥαγήσοντα	_	_
3.11	2508	[1]	προειπεῖν	_	_
3.11	2509	[1]	μυκτῆρα	_	_
3.11	2510	[195]	,	b	_
3.11	2511	[1]	ἀφορμὴν	_	_
3.11	2512	[27]	τῆς	_	_
3.11	2513	[6]	αἱμοῤῥαγίας	_	_
3.11	2514	[1]	ἐξευρόντα	_	_
3.11	2515	[84]	.	b	_
3.11	2516	[1]	δεξιὸν	_	_
3.11	2517	[41]	μὲν	_	_
3.11	2518	[18]	γὰρ	_	_
3.11	2519	[5]	ὑποχόνδριον	_	_
3.11	2520	[3]	ἐκ	_	_
3.11	2521	[1]	δεξιοῦ	_	_
3.11	2522	[1]	μυκτῆρος	_	_
3.11	2523	[1]	ἀγαθὴν	_	_
3.11	2524	[1]	ἐπιφέρει	_	_
3.11	2525	[23]	τὴν	_	_
3.11	2526	[1]	κρίσιν	_	_
3.11	2527	[196]	,	b	_
3.11	2528	[1]	ἀριστερὸν	_	_
3.11	2529	[75]	δὲ	_	_
3.11	2530	[3]	ἐξ	_	_
3.11	2531	[1]	ἀριστεροῦ	_	_
3.11	2532	[85]	.	b	_
3.11	2533	[1]	μεμάθηκας	_	_
3.11	2534	[18]	δ	_	_
3.11	2535	[40]	’	b	_
3.11	2536	[3]	ἔμπροσθεν	_	_
3.11	2537	[4]	ἤδη	_	_
3.11	2538	[2]	τά	_	_
3.11	2539	[21]	τε	_	_
3.11	2540	[56]	τῶν	_	_
3.11	2541	[1]	κακῶν	_	_
3.11	2542	[143]	καὶ	_	_
3.11	2543	[32]	τὰ	_	_
3.11	2544	[57]	τῶν	_	_
3.11	2545	[1]	ἀγαθῶν	_	_
3.11	2546	[3]	κρίσεων	_	_
3.11	2547	[9]	σημεῖα	_	_
3.11	2548	[86]	.	b	_
3.11	2549	[1]	τί	_	_
3.11	2550	[8]	δὴ	_	_
3.11	2551	[6]	οὖν	_	_
3.11	2552	[5]	ἔτι	_	_
3.11	2553	[1]	χαλεπὸν	_	_
3.11	2554	[2]	εἰπεῖν	_	_
3.11	2555	[14]	τὸν	_	_
3.11	2556	[2]	αἱμοῤῥαγήσοντα	_	_
3.11	2557	[2]	μυκτῆρα	_	_
3.11	2558	[197]	,	b	_
3.11	2559	[144]	καὶ	_	_
3.11	2560	[25]	τοῦ	_	_
3.11	2561	[1]	μέρους	_	_
3.11	2562	[26]	τοῦ	_	_
3.11	2563	[1]	πεπονθότος	_	_
3.11	2564	[2]	ἀκριβῶς	_	_
3.11	2565	[1]	γνωρισθῆναι	_	_
3.11	2566	[1]	δυναμένου	_	_
3.11	2567	[198]	,	b	_
3.11	2568	[145]	καὶ	_	_
3.11	2569	[27]	τοῦ	_	_
3.11	2570	[28]	τῆς	_	_
3.11	2571	[9]	κρίσεως	_	_
3.11	2572	[1]	ἤθους	_	_
3.11	2573	[7]	οὐκ	_	_
3.11	2574	[18]	ἂν	_	_
3.11	2575	[1]	λαθόντος	_	_
3.11	2576	[146]	καὶ	_	_
3.11	2577	[58]	τῶν	_	_
3.11	2578	[1]	αἱμοῤῥαγικῶν	_	_
3.11	2579	[6]	σημείων	_	_
3.11	2580	[1]	ἐναργῶς	_	_
3.11	2581	[1]	φαινομένων	_	_
3.11	2582	[1]	;	b	_
3.11	2583	[8]	ἐπὶ	_	_
3.11	2584	[3]	τούτοις	_	_
3.11	2585	[1]	ἅπασι	_	_
3.11	2586	[147]	καὶ	_	_
3.11	2587	[33]	τὰ	_	_
3.11	2588	[1]	παρὰ	_	_
3.11	2589	[29]	τῆς	_	_
3.11	2590	[1]	ἡλικίας	_	_
3.11	2591	[148]	καὶ	_	_
3.11	2592	[30]	τῆς	_	_
3.11	2593	[1]	ὥρας	_	_
3.11	2594	[149]	καὶ	_	_
3.11	2595	[31]	τῆς	_	_
3.11	2596	[1]	χώρας	_	_
3.11	2597	[150]	καὶ	_	_
3.11	2598	[32]	τῆς	_	_
3.11	2599	[3]	φύσεως	_	_
3.11	2600	[28]	τοῦ	_	_
3.11	2601	[1]	κάμνοντος	_	_
3.11	2602	[2]	ἱκανὰ	_	_
3.11	2603	[2]	προδηλοῦν	_	_
3.11	2604	[24]	τὴν	_	_
3.11	2605	[1]	ἐσομένην	_	_
3.11	2606	[1]	αἱμοῤῥαγίαν	_	_
3.11	2607	[87]	.	b	_
3.11	2608	[7]	αἱμοῤῥαγίας	_	_
3.11	2609	[42]	μὲν	_	_
3.11	2610	[9]	δὴ	_	_
3.11	2611	[151]	καὶ	_	_
3.11	2612	[8]	ἐμέτων	_	_
3.11	2613	[1]	ἀκριβῆ	_	_
3.11	2614	[22]	τε	_	_
3.11	2615	[152]	καὶ	_	_
3.11	2616	[2]	ἴδια	_	_
3.11	2617	[34]	τὰ	_	_
3.11	2618	[2]	γνωρίσματα	_	_
3.11	2619	[199]	,	b	_
3.11	2620	[1]	δευτέρων	_	_
3.11	2621	[19]	δ	_	_
3.11	2622	[41]	’	b	_
3.11	2623	[9]	ἐπὶ	_	_
3.11	2624	[4]	τούτοις	_	_
3.11	2625	[59]	τῶν	_	_
3.11	2626	[3]	ἱδρώτων	_	_
3.11	2627	[88]	.	b	_
3.11	2628	[27]	εἰ	_	_
3.11	2629	[5]	δέ	_	_
3.11	2630	[3]	γε	_	_
3.11	2631	[13]	διὰ	_	_
3.11	2632	[6]	γαστρὸς	_	_
3.11	2633	[3]	κρίσις	_	_
3.11	2634	[7]	ἔσεσθαι	_	_
3.11	2635	[3]	μέλλει	_	_
3.11	2636	[200]	,	b	_
3.11	2637	[1]	πρόδηλον	_	_
3.11	2638	[43]	μὲν	_	_
3.11	2639	[4]	οὐδὲν	_	_
3.11	2640	[2]	οὕτως	_	_
3.11	2641	[1]	οὐδὲ	_	_
3.11	2642	[4]	ἴδιον	_	_
3.11	2643	[201]	,	b	_
3.11	2644	[4]	ἀλλ	_	_
3.11	2645	[42]	’	b	_
3.11	2646	[4]	ἐκ	_	_
3.11	2647	[29]	τοῦ	_	_
3.11	2648	[2]	παρεῖναι	_	_
3.11	2649	[44]	μὲν	_	_
3.11	2650	[35]	τὰ	_	_
3.11	2651	[33]	τῆς	_	_
3.11	2652	[10]	κρίσεως	_	_
3.11	2653	[10]	σημεῖα	_	_
3.11	2654	[202]	,	b	_
3.11	2655	[12]	μὴ	_	_
3.11	2656	[3]	παρεῖναι	_	_
3.11	2657	[76]	δὲ	_	_
3.11	2658	[60]	τῶν	_	_
3.11	2659	[9]	ἐμέτων	_	_
3.11	2660	[203]	,	b	_
3.11	2661	[32]	ἢ	_	_
3.11	2662	[36]	τὰ	_	_
3.11	2663	[34]	τῆς	_	_
3.11	2664	[8]	αἱμοῤῥαγίας	_	_
3.11	2665	[204]	,	b	_
3.11	2666	[33]	ἢ	_	_
3.11	2667	[37]	τὰ	_	_
3.11	2668	[61]	τῶν	_	_
3.11	2669	[4]	ἱδρώτων	_	_
3.11	2670	[205]	,	b	_
3.11	2671	[1]	ἔνεστι	_	_
3.11	2672	[1]	συλλογίσασθαι	_	_
3.11	2673	[89]	.	b	_
3.11	2674	[2]	καί	_	_
3.11	2675	[2]	τοι	_	_
3.11	2676	[2]	κᾂν	_	_
3.11	2677	[28]	εἰ	_	_
3.11	2678	[1]	μηδὲν	_	_
3.11	2679	[1]	ἐκείνων	_	_
3.11	2680	[5]	παρείη	_	_
3.11	2681	[206]	,	b	_
3.11	2682	[1]	οὔπω	_	_
3.11	2683	[5]	τοῦτο	_	_
3.11	2684	[4]	μόνον	_	_
3.11	2685	[207]	,	b	_
3.11	2686	[6]	ἀλλὰ	_	_
3.11	2687	[153]	καὶ	_	_
3.11	2688	[10]	δὴ	_	_
3.11	2689	[1]	αἱμοῤῥοΐδος	_	_
3.11	2690	[1]	ἐγχωρεῖ	_	_
3.11	2691	[1]	γενέσθαι	_	_
3.11	2692	[25]	τὴν	_	_
3.11	2693	[2]	κρίσιν	_	_
3.11	2694	[208]	,	b	_
3.11	2695	[34]	ἢ	_	_
3.11	2696	[2]	γυναιξὶν	_	_
3.11	2697	[1]	ἐπιμηνίων	_	_
3.11	2698	[209]	,	b	_
3.11	2699	[6]	οὐ	_	_
3.11	2700	[1]	μὴν	_	_
3.11	2701	[2]	ἀδύνατον	_	_
3.11	2702	[5]	οὐδὲν	_	_
3.11	2703	[4]	διορίζεσθαι	_	_
3.11	2704	[90]	.	b	_
3.11	2705	[3]	βάρος	_	_
3.11	2706	[45]	μὲν	_	_
3.11	2707	[19]	γὰρ	_	_
3.11	2708	[1]	ἐπίσημον	_	_
3.11	2709	[1]	ὀσφύος	_	_
3.11	2710	[154]	καὶ	_	_
3.11	2711	[2]	ἄλγημα	_	_
3.11	2712	[155]	καὶ	_	_
3.11	2713	[1]	τάσις	_	_
3.11	2714	[5]	ἐνταῦθα	_	_
3.11	2715	[1]	προηγεῖται	_	_
3.11	2716	[62]	τῶν	_	_
3.11	2717	[2]	ἐπιμηνίων	_	_
3.11	2718	[91]	.	b	_
3.11	2719	[1]	αἱμοῤῥοῒς	_	_
3.11	2720	[77]	δὲ	_	_
3.11	2721	[7]	οὐ	_	_
3.11	2722	[1]	πᾶσι	_	_
3.11	2723	[1]	σύνηθές	_	_
3.11	2724	[2]	ἐστιν	_	_
3.11	2725	[210]	,	b	_
3.11	2726	[1]	ὅσοις	_	_
3.11	2727	[7]	οὖν	_	_
3.11	2728	[3]	ἐστι	_	_
3.11	2729	[211]	,	b	_
3.11	2730	[5]	τούτοις	_	_
3.11	2731	[1]	μόνοις	_	_
3.11	2732	[8]	οὐκ	_	_
3.11	2733	[1]	ἄν	_	_
3.11	2734	[5]	τις	_	_
3.11	2735	[1]	ῥᾳδίως	_	_
3.11	2736	[1]	διορίσειε	_	_
3.11	2737	[92]	.	b	_
3.11	2738	[7]	τοῖς	_	_
3.11	2739	[20]	δ	_	_
3.11	2740	[43]	’	b	_
3.11	2741	[1]	ἄλλοις	_	_
3.11	2742	[1]	ἅπασιν	_	_
3.11	2743	[212]	,	b	_
3.11	2744	[3]	ἐπειδὰν	_	_
3.11	2745	[46]	μὲν	_	_
3.11	2746	[1]	παρῇ	_	_
3.11	2747	[1]	πέψεώς	_	_
3.11	2748	[23]	τε	_	_
3.11	2749	[156]	καὶ	_	_
3.11	2750	[11]	κρίσεως	_	_
3.11	2751	[11]	σημεῖα	_	_
3.11	2752	[213]	,	b	_
3.11	2753	[13]	μὴ	_	_
3.11	2754	[2]	παρῇ	_	_
3.11	2755	[78]	δὲ	_	_
3.11	2756	[10]	ἐμέτων	_	_
3.11	2757	[35]	ἢ	_	_
3.11	2758	[9]	αἱμοῤῥαγίας	_	_
3.11	2759	[36]	ἢ	_	_
3.11	2760	[5]	ἱδρώτων	_	_
3.11	2761	[214]	,	b	_
3.11	2762	[1]	ἐκταραχθήσεται	_	_
3.11	2763	[2]	πάντως	_	_
3.11	2764	[10]	ἡ	_	_
3.11	2765	[1]	γαστήρ	_	_
3.11	2766	[93]	.	b	_
3.11	2767	[4]	οὕτω	_	_
3.11	2768	[47]	μὲν	_	_
3.11	2769	[2]	δεῖ	_	_
3.11	2770	[1]	διακρίνειν	_	_
3.11	2771	[1]	ἴδιά	_	_
3.11	2772	[24]	τε	_	_
3.11	2773	[157]	καὶ	_	_
3.11	2774	[1]	κοινὰ	_	_
3.11	2775	[2]	τρόπων	_	_
3.11	2776	[12]	κρίσεως	_	_
3.11	2777	[3]	γνωρίσματα	_	_
3.11	2778	[63]	τῶν	_	_
3.11	2779	[3]	ἐκκρίσει	_	_
3.11	2780	[1]	δηλονότι	_	_
3.11	2781	[2]	μελλόντων	_	_
3.11	2782	[3]	κριθήσεσθαι	_	_
3.11	2783	[1]	νοσημάτων	_	_
3.11	2784	[94]	.	b	_
3.11	2785	[29]	εἰ	_	_
3.11	2786	[79]	δὲ	_	_
3.11	2787	[13]	εἰς	_	_
3.11	2788	[1]	ἀπόσκημμα	_	_
3.11	2789	[1]	τρέποιτο	_	_
3.11	2790	[215]	,	b	_
3.11	2791	[2]	κοινὰ	_	_
3.11	2792	[48]	μὲν	_	_
3.11	2793	[1]	ἅπαντα	_	_
3.11	2794	[4]	γνωρίσματα	_	_
3.11	2795	[216]	,	b	_
3.11	2796	[1]	σωτηρίως	_	_
3.11	2797	[30]	τοῦ	_	_
3.11	2798	[2]	κάμνοντος	_	_
3.11	2799	[1]	ἔχοντος	_	_
3.11	2800	[217]	,	b	_
3.11	2801	[25]	τὸ	_	_
3.11	2802	[5]	μήτε	_	_
3.11	2803	[1]	λύεσθαι	_	_
3.11	2804	[26]	τὸ	_	_
3.11	2805	[3]	νόσημα	_	_
3.11	2806	[6]	μήτε	_	_
3.11	2807	[3]	οὖρον	_	_
3.11	2808	[4]	πολὺ	_	_
3.11	2809	[158]	καὶ	_	_
3.11	2810	[3]	πολλὴν	_	_
3.11	2811	[4]	ὑπόστασιν	_	_
3.11	2812	[3]	ἔχον	_	_
3.11	2813	[218]	,	b	_
3.11	2814	[5]	ἀλλ	_	_
3.11	2815	[44]	’	b	_
3.11	2816	[1]	ὠμὸν	_	_
3.11	2817	[159]	καὶ	_	_
3.11	2818	[1]	λεπτὸν	_	_
3.11	2819	[3]	φαίνεσθαι	_	_
3.11	2820	[29]	·	b	_
3.11	2821	[38]	τὰ	_	_
3.11	2822	[21]	δ	_	_
3.11	2823	[45]	’	b	_
3.11	2824	[3]	ἴδια	_	_
3.11	2825	[64]	τῶν	_	_
3.11	2826	[49]	μὲν	_	_
3.11	2827	[14]	μὴ	_	_
3.11	2828	[1]	λίαν	_	_
3.11	2829	[1]	κεχρονικότων	_	_
3.11	2830	[219]	,	b	_
3.11	2831	[30]	εἰ	_	_
3.11	2832	[1]	δυσπνούστερος	_	_
3.11	2833	[16]	ὁ	_	_
3.11	2834	[1]	κάμνων	_	_
3.11	2835	[2]	ἐξαίφνης	_	_
3.11	2836	[1]	γινόμενος	_	_
3.11	2837	[1]	ἀποπαύσαιτο	_	_
3.11	2838	[50]	μὲν	_	_
3.11	2839	[22]	ἐν	_	_
3.11	2840	[1]	τάχει	_	_
3.11	2841	[35]	τῆς	_	_
3.11	2842	[2]	δυσπνοίας	_	_
3.11	2843	[220]	,	b	_
3.11	2844	[1]	διαδέξαιτο	_	_
3.11	2845	[22]	δ	_	_
3.11	2846	[46]	’	b	_
3.11	2847	[19]	ἂν	_	_
3.11	2848	[2]	αὐτὸν	_	_
3.11	2849	[5]	ὀδύνη	_	_
3.11	2850	[221]	,	b	_
3.11	2851	[160]	καὶ	_	_
3.11	2852	[4]	βάρος	_	_
3.11	2853	[36]	τῆς	_	_
3.11	2854	[6]	κεφαλῆς	_	_
3.11	2855	[161]	καὶ	_	_
3.11	2856	[3]	κῶμα	_	_
3.11	2857	[162]	καὶ	_	_
3.11	2858	[3]	κώφωσις	_	_
3.11	2859	[222]	,	b	_
3.11	2860	[14]	εἰς	_	_
3.11	2861	[4]	τοὺς	_	_
3.11	2862	[4]	ὑπὸ	_	_
3.11	2863	[8]	τοῖς	_	_
3.11	2864	[1]	ὠσὶν	_	_
3.11	2865	[2]	ἀδένας	_	_
3.11	2866	[1]	ἀνάγκη	_	_
3.11	2867	[2]	τούτῳ	_	_
3.11	2868	[2]	γενέσθαι	_	_
3.11	2869	[26]	τὴν	_	_
3.11	2870	[9]	ἀπόστασιν	_	_
3.11	2871	[95]	.	b	_
3.11	2872	[31]	εἰ	_	_
3.11	2873	[23]	δ	_	_
3.11	2874	[47]	’	b	_
3.11	2875	[5]	εἴη	_	_
3.11	2876	[1]	πολυχρόνιον	_	_
3.11	2877	[5]	ἤδη	_	_
3.11	2878	[27]	τὸ	_	_
3.11	2879	[4]	νόσημα	_	_
3.11	2880	[223]	,	b	_
3.11	2881	[163]	καὶ	_	_
3.11	2882	[7]	μήτε	_	_
3.11	2883	[6]	τούτων	_	_
3.11	2884	[6]	παρείη	_	_
3.11	2885	[2]	μηδὲν	_	_
3.11	2886	[224]	,	b	_
3.11	2887	[1]	ἐμφαίνοιτο	_	_
3.11	2888	[6]	δέ	_	_
3.11	2889	[1]	τινι	_	_
3.11	2890	[65]	τῶν	_	_
3.11	2891	[13]	κάτω	_	_
3.11	2892	[1]	χωρίων	_	_
3.11	2893	[37]	ἢ	_	_
3.11	2894	[5]	βάρος	_	_
3.11	2895	[225]	,	b	_
3.11	2896	[38]	ἢ	_	_
3.11	2897	[2]	τάσις	_	_
3.11	2898	[226]	,	b	_
3.11	2899	[39]	ἢ	_	_
3.11	2900	[1]	φλόγωσις	_	_
3.11	2901	[227]	,	b	_
3.11	2902	[40]	ἢ	_	_
3.11	2903	[6]	ὀδύνη	_	_
3.11	2904	[228]	,	b	_
3.11	2905	[14]	κάτω	_	_
3.11	2906	[3]	τούτῳ	_	_
3.11	2907	[27]	τὴν	_	_
3.11	2908	[10]	ἀπόστασιν	_	_
3.11	2909	[8]	ἔσεσθαι	_	_
3.11	2910	[2]	προσδοκᾷν	_	_
3.11	2911	[96]	.	b	_
3.11	2912	[1]	παράδειγμα	_	_
3.11	2913	[24]	δ	_	_
3.11	2914	[48]	’	b	_
3.11	2915	[2]	ἑκατέρας	_	_
3.11	2916	[37]	τῆς	_	_
3.11	2917	[2]	ἀποστάσεως	_	_
3.11	2918	[1]	ἓν	_	_
3.11	2919	[5]	νόσημα	_	_
3.11	2920	[2]	ποιησάμενος	_	_
3.11	2921	[17]	ὁ	_	_
3.11	2922	[5]	Ἱπποκράτης	_	_
3.11	2923	[23]	ἐν	_	_
3.11	2924	[11]	τῷ	_	_
3.11	2925	[4]	προγνωστικῷ	_	_
3.11	2926	[9]	τοῖς	_	_
3.11	2927	[1]	δυναμένοις	_	_
3.11	2928	[1]	συνορᾷν	_	_
3.11	2929	[15]	τὸν	_	_
3.11	2930	[4]	λόγον	_	_
3.11	2931	[1]	ἐδίδαξε	_	_
3.11	2932	[164]	καὶ	_	_
3.11	2933	[11]	ὡς	_	_
3.11	2934	[14]	χρὴ	_	_
3.11	2935	[1]	καθόλου	_	_
3.11	2936	[15]	περὶ	_	_
3.11	2937	[1]	πασῶν	_	_
3.11	2938	[2]	ἀποστάσεων	_	_
3.11	2939	[1]	συλλογίζεσθαι	_	_
3.11	2940	[229]	,	b	_
3.11	2941	[1]	διό	_	_
3.11	2942	[1]	μοι	_	_
3.11	2943	[1]	κᾀγὼ	_	_
3.11	2944	[1]	δοκῶ	_	_
3.11	2945	[1]	καταπαύειν	_	_
3.11	2946	[6]	ἐνταῦθα	_	_
3.11	2947	[16]	τὸν	_	_
3.11	2948	[1]	ἐνεστῶτα	_	_
3.11	2949	[5]	λόγον	_	_
3.11	2950	[97]	.	b	_
3.11	2951	[32]	εἰ	_	_
3.11	2952	[1]	γάρ	_	_
3.11	2953	[6]	τις	_	_
3.11	2954	[10]	τοῖς	_	_
3.11	2955	[1]	ὑφ	_	_
3.11	2956	[49]	’	b	_
3.11	2957	[4]	Ἱπποκράτους	_	_
3.11	2958	[1]	εἰρημένοις	_	_
3.11	2959	[1]	προσθεὶς	_	_
3.11	2960	[1]	ταυτὶ	_	_
3.11	2961	[39]	τὰ	_	_
3.11	2962	[1]	ἡμέτερα	_	_
3.11	2963	[1]	μήπω	_	_
3.11	2964	[1]	τεχνικὸς	_	_
3.11	2965	[1]	γέγονεν	_	_
3.11	2966	[230]	,	b	_
3.11	2967	[41]	ἢ	_	_
3.11	2968	[1]	προγνωστικὸς	_	_
3.11	2969	[4]	κρίσεων	_	_
3.11	2970	[231]	,	b	_
3.11	2971	[24]	ἐν	_	_
3.11	2972	[12]	τῷ	_	_
3.11	2973	[4]	μετὰ	_	_
3.11	2974	[1]	τούτου	_	_
3.11	2975	[1]	συγγράμματι	_	_
3.11	2976	[232]	,	b	_
3.11	2977	[1]	τελευταίῳ	_	_
3.11	2978	[38]	τῆς	_	_
3.11	2979	[1]	προκειμένης	_	_
3.11	2980	[2]	ἡμῖν	_	_
3.11	2981	[1]	ἐσομένῳ	_	_
3.11	2982	[1]	πραγματείας	_	_
3.11	2983	[233]	,	b	_
3.11	2984	[1]	ἐλπίζω	_	_
3.11	2985	[28]	τὸ	_	_
3.11	2986	[1]	λεῖπον	_	_
3.11	2987	[2]	αὐτῆς	_	_
3.11	2988	[1]	ἐπιμαθήσεσθαι	_	_
3.11	2989	[234]	,	b	_
3.11	2990	[11]	τοῖς	_	_
3.11	2991	[51]	μὲν	_	_
3.11	2992	[20]	γὰρ	_	_
3.11	2993	[1]	συνετοῖς	_	_
3.11	2994	[235]	,	b	_
3.11	2995	[1]	ἐξαρκεῖ	_	_
3.11	2996	[165]	καὶ	_	_
3.11	2997	[11]	ταῦτα	_	_
3.11	2998	[166]	καὶ	_	_
3.11	2999	[6]	οὐδὲν	_	_
3.11	3000	[6]	ἔτι	_	_
3.11	3001	[1]	τετάρτου	_	_
3.11	3002	[1]	λόγου	_	_
3.11	3003	[1]	προσδεῖ	_	_
3.11	3004	[98]	.	b	_
